-0.00167462879476 -1.01525489156 1.72111214413 -2.19421960803 -1.60150770319 0.0
-0.00338341145187 -1.03040425431 1.74191442924 -2.18848480703 -1.6030132883 0.0
-0.00512719364223 -1.04545705079 1.76241906485 -2.18279362216 -1.6045183198 0.0
-0.00690685855384 -1.06042190303 1.78263747709 -2.17714411952 -1.60602433297 0.0
-0.00872332777952 -1.0753071349 1.80258037687 -2.17153440061 -1.6075328422 0.0
-0.0105775623196 -1.09012081066 1.82225782049 -2.16596259698 -1.60904534873 0.0
-0.0124705636942 -1.10487077023 1.84167926373 -2.16042686493 -1.61056334799 0.0
-0.0144033751593 -1.1195646617 1.86085361026 -2.15492538037 -1.61208833661 0.0
-0.0163770830238 -1.13420997145 1.87978925492 -2.14945633365 -1.61362181928 0.0
-0.0183928180629 -1.14881405227 1.89849412269 -2.14401792447 -1.61516531534 0.0
-0.0204517570258 -1.16338414981 1.91697570371 -2.13860835671 -1.61672036543 0.0
-0.0225551242338 -1.17792742757 1.93524108492 -2.13322583331 -1.61828853802 0.0
-0.0247041932679 -1.19245099076 1.95329697849 -2.12786855098 -1.61987143609 0.0
-0.0269002887413 -1.20696190919 1.97114974772 -2.12253469484 -1.6214707039 0.0
-0.0291447881538 -1.22146723938 1.9888054303 -2.1172224329 -1.62308803393 0.0
-0.0314391238253 -1.23597404618 2.0062697595 -2.11192991036 -1.62472517412 0.0
-0.0337847849033 -1.25048942389 2.02354818331 -2.10665524366 -1.62638393537 0.0
-0.0361833194383 -1.26502051717 2.0406458818 -2.1013965143 -1.62806619946 0.0
-0.0386363365203 -1.27957454189 2.05756778284 -2.09615176222 -1.62977392742 0.0
-0.0411455084688 -1.29415880596 2.07431857632 -2.09091897898 -1.63150916838 0.0
-0.0437125730635 -1.30878073033 2.09090272698 -2.08569610036 -1.63327406912 0.0
-0.0463393358045 -1.32344787029 2.10732448595 -2.08048099851 -1.63507088421 0.0
-0.0490276721843 -1.33816793724 2.12358790113 -2.07527147357 -1.63690198696 0.0
-0.0517795299512 -1.35294882091 2.13969682641 -2.07006524462 -1.63876988135 0.0
-0.0545969313406 -1.36779861228 2.15565492985 -2.0648599399 -1.64067721479 0.0
-0.0574819752433 -1.38272562732 2.17146570077 -2.05965308622 -1.64262679216 0.0
-0.060436839274 -1.39773843159 2.18713245596 -2.05444209751 -1.64462159102 0.0
-0.0634637816965 -1.41284586581 2.20265834481 -2.0492242622 -1.64666477827 0.0
-0.0665651431512 -1.42805707265 2.21804635353 -2.04399672957 -1.64875972837 0.0
-0.0697433481211 -1.44338152472 2.23329930842 -2.03875649472 -1.65091004336 0.0
-0.0730009060581 -1.45882905393 2.24841987808 -2.03350038207 -1.65311957486 0.0
-0.0763404120767 -1.47440988228 2.2634105747 -2.0282250272 -1.65539244826 0.0
-0.0797645471037 -1.49013465431 2.2782737542 -2.02292685685 -1.65773308943 0.0
-0.0832760773489 -1.50601447115 2.29301161533 -2.01760206673 -1.6601462542 0.0
-0.0868778529391 -1.52206092629 2.30762619753 -2.01224659711 -1.66263706099 0.0
-0.0905728055238 -1.53828614324 2.32211937755 -2.00685610556 -1.66521102684 0.0
-0.0943639446249 -1.55470281495 2.33649286459 -2.00142593686 -1.66787410741 0.0
-0.0982543524628 -1.57132424509 2.35074819399 -1.99595108937 -1.67063274131 0.0
-0.102247176936 -1.58816439116 2.36488671917 -1.99042617774 -1.67349389929 0.0
-0.106345622375 -1.60523790918 2.37890960169 -1.98484539115 -1.67646513884 0.0
-0.110552937625 -1.62256019995 2.39281779927 -1.9792024469 -1.67955466485 0.0
-0.114872400916 -1.64014745639 2.40661205129 -1.9734905384 -1.682771397 0.0
-0.119307300912 -1.65801671172 2.4202928618 -1.96770227712 -1.68612504456 0.0
-0.123860913195 -1.67618588761 2.43386047943 -1.96182962763 -1.68962618947 0.0
-0.128536471326 -1.69467384175 2.44731487394 -1.95586383498 -1.69328637848 0.0
-0.133337131504 -1.71350041338 2.46065570895 -1.94979534335 -1.69711822516 0.0
-0.13826592965 -1.73268646558 2.4738823104 -1.94361370525 -1.70113552281 0.0
-0.143325729621 -1.75225392223 2.48699363012 -1.93730747984 -1.70535336884 0.0
-0.148519161034 -1.77222579712 2.49998820403 -1.93086411968 -1.70978830164 0.0
-0.153848545033 -1.7926262121 2.51286410423 -1.92426984433 -1.71445845023 0.0
-0.159315806142 -1.81348040029 2.52561888447 -1.91750950006 -1.71938369723 0.0
-0.164922368204 -1.83481468918 2.53824951821 -1.91056640436 -1.7245858548 0.0
-0.170669032308 -1.85665645755 2.55075232877 -1.90342217454 -1.73008885282 0.0
-0.176555834638 -1.87903405866 2.56312291099 -1.89605653972 -1.73591893764 0.0
-0.182581882314 -1.90197670034 2.5753560441 -1.88844713635 -1.7421048783 0.0
-0.188745165715 -1.92551427142 2.58744559579 -1.88056928776 -1.74867817559 0.0
-0.195042346512 -1.94967710159 2.59938441784 -1.87239576961 -1.75567326683 0.0
-0.201468521892 -1.97449564049 2.61116423452 -1.86389656435 -1.76312771643 0.0
-0.208016967338 -2.00000004022 2.62277552564 -1.85503861007 -1.77108237849 0.0
-0.214678863084 -2.02621962473 2.63420740774 -1.84578555128 -1.77958151311 0.0
-0.221443013231 -2.05318223022 2.64544751815 -1.83609750274 -1.7886728329 0.0
-0.22829557161 -2.08091340281 2.65648190899 -1.82593084103 -1.79840745005 0.0
-0.235219794969 -2.1094354449 2.66729496049 -1.81523804309 -1.80883968869 0.0
-0.242195851953 -2.13876631083 2.67786932555 -1.8039675953 -1.82002672178 0.0
-0.249200725123 -2.16891836567 2.68818592026 -1.7920640012 -1.83202798871 0.0
-0.256208252266 -2.19989704048 2.69822397728 -1.77946791883 -1.84490435052 0.0
-0.263189360985 -2.23169944169 2.70796117988 -1.76611645956 -1.85871694672 0.0
-0.270112554846 -2.26431300105 2.71737389396 -1.7519436773 -1.87352573338 0.0
-0.276944707631 -2.29771428216 2.72643751136 -1.7368812688 -1.88938770876 0.0
-0.283652211421 -2.33186808504 2.73512691063 -1.72085949169 -1.90635487158 0.0
-0.290202502154 -2.36672700326 2.74341703007 -1.70380828641 -1.92447200546 0.0
-0.296565952256 -2.40223158185 2.75128353344 -1.6856585638 -1.94377443745 0.0
-0.302718076418 -2.43831118968 2.75870353281 -1.66634359464 -1.96428596872 0.0
-0.308641949405 -2.47488565749 2.76565631925 -1.64580041758 -1.98601721118 0.0
-0.314330693189 -2.51186764498 2.77212404393 -1.62397117243 -2.00896457301 0.0
-0.319789864891 -2.54916560391 2.77809229406 -1.60080427242 -2.03311011217 0.0
-0.325039574922 -2.58668711849 2.78355052143 -1.57625535191 -2.05842242146 0.0
-0.330116188849 -2.62434235201 2.78849230549 -1.55028796033 -2.08485863309 0.0
-0.335073511762 -2.66204732597 2.79291546405 -1.52287401004 -2.11236755371 0.0
-0.339983409018 -2.69972680885 2.79682205642 -1.49399401105 -2.14089388475 0.0
-0.344935868467 -2.73731668718 2.80021835015 -1.4636371287 -2.1703834633 0.0
-0.350038545536 -2.77476581286 2.80311483807 -1.43180107107 -2.20078948376 0.0
-0.355415849283 -2.81203744721 2.80552639573 -1.39849174877 -2.23207972529 0.0
-0.361207628625 -2.849110537 2.80747266139 -1.363722552 -2.26424490733 0.0
-0.367567513752 -2.88598115503 2.80897870504 -1.32751296257 -2.29730841655 0.0
-0.374660973243 -2.92266452441 2.81007603606 -1.28988606615 -2.33133780162 0.0
-0.382663178725 -2.95919814314 2.81080398857 -1.25086434646 -2.3664586495 0.0
-0.391756843746 -2.99564667952 2.81121153095 -1.21046290529 -2.40287181969 0.0
-0.402130346866 -3.03210960019 2.81135958785 -1.16867888704 -2.44087568415 0.0
-0.413976711488 -3.06873308282 2.81132406684 -1.12547522703 -2.48089633093 0.0
-0.427494521612 -3.10572898719 2.81120000133 -1.08075550473 -2.523531333 0.0
-0.442892928723 -3.1434062737 2.81110767474 -1.03432377255 -2.56961826197 0.0
-0.460405449736 -3.18222620373 2.81120258496 -0.985816474377 -2.62035172837 0.0
-0.480324021845 -3.22290749123 2.8116935227 -0.934576466279 -2.67750410888 0.0
-0.503085632408 -3.26664988377 2.81287977784 -0.879389987261 -2.74389438328 0.0
-0.529522966072 -3.3156904137 2.81524111117 -0.817837247983 -2.82455524791 0.0
-0.561804225603 -3.37507494791 2.81971355353 -0.744224304718 -2.93043386538 0.0
-0.609498060527 -3.46163911725 2.82898055821 -0.639063641511 -3.09676485488 0.0
-1.04686065258 -3.82334398694 2.86149207859 -0.214377059109 -3.74250215993 0.0
-1.06580573924 -3.79375204122 2.85700804239 -0.263697245367 -3.64397171404 0.0
-1.07777576951 -3.75135715787 2.85231831035 -0.328642273068 -3.52728799151 0.0
-1.07321617706 -3.68890311156 2.84660231549 -0.417476961721 -3.37974802031 0.0
-1.01419514475 -3.5846980399 2.83803814906 -0.557199448403 -3.16223653034 0.0
-0.0647619677075 -3.37083871796 2.87020267682 -0.826525056609 -2.99920680809 0.0
-0.117207999054 -3.41806829701 2.85996338992 -0.767652846345 -3.00452879818 0.0
-0.189021802316 -3.47482180897 2.85119301491 -0.69330826017 -3.03875823406 0.0
-0.296979198949 -3.56357319135 2.8470154809 -0.572721872274 -3.15282251889 0.0
1.06179988432 -2.93833295861 2.83743025762 -1.43230837124 -2.11575030468 0.0
1.09226762537 -2.94775438204 2.833826304 -1.42222737832 -2.09501844043 0.0
1.12231941402 -2.95589898316 2.83019848108 -1.41346806574 -2.07259069492 0.0
1.15187017629 -2.96285440309 2.82658910241 -1.40599977803 -2.04859082939 0.0
1.18084764319 -2.96870478633 2.82303650323 -1.39977950625 -2.0231477271 0.0
1.20919278253 -2.9735291404 2.81957502049 -1.39475574128 -1.99639148204 0.0
1.2368596452 -2.97740023961 2.81623504824 -1.39087180927 -1.96845000148 0.0
1.26381471375 -2.9803839841 2.81304315254 -1.38806860937 -1.93944621399 0.0
1.29003587677 -2.98253911888 2.81002223354 -1.38628674891 -1.90949591733 0.0
1.31551116394 -2.98391722154 2.8071917241 -1.38546812181 -1.87870624893 0.0
1.34023736839 -2.98456287652 2.80456781496 -1.38555700574 -1.84717472199 0.0
1.36421866153 -2.98451396643 2.80216369644 -1.38650076491 -1.8149887457 0.0
1.38746527962 -2.98380202429 2.79998980754 -1.38825024483 -1.78222553665 0.0
1.40999233466 -2.98245260373 2.79805408399 -1.39075993732 -1.74895232917 0.0
1.43181877959 -2.98048563519 2.79636219772 -1.39398798162 -1.71522680038 0.0
1.45296653989 -2.9779157457 2.79491778189 -1.39789605481 -1.68109763824 0.0
1.47345981067 -2.97475252658 2.7937226365 -1.4024491921 -1.64660519517 0.0
1.49332451096 -2.9710007391 2.79277691061 -1.40761556657 -1.61178218405 0.0
1.512587882 -2.96666045106 2.79207925816 -1.41336624913 -1.57665438619 0.0
1.53127821542 -2.9617270998 2.79162696451 -1.41967496198 -1.54124135263 0.0
1.54942469759 -2.95619147816 2.79141604116 -1.42651783298 -1.50555708934 0.0
1.56705735814 -2.95003964035 2.79144128552 -1.43387315432 -1.46961072558 0.0
1.58420711353 -2.94325272458 2.79169630227 -1.44172114452 -1.43340717205 0.0
1.60090589935 -2.93580668939 2.79217348132 -1.45004371038 -1.3969477822 0.0
1.61718688863 -2.92767196056 2.79286392642 -1.45882420214 -1.36023103772 0.0
1.63308479622 -2.91881298628 2.79375732582 -1.46804715222 -1.32325328703 0.0
1.64863627295 -2.9091877006 2.7948417544 -1.47769798451 -1.28600957567 0.0
1.66388039544 -2.8987468996 2.79610339317 -1.48776267688 -1.24849461969 0.0
1.67885925971 -2.88743354315 2.79752614836 -1.49822735419 -1.21070398918 0.0
1.69361868631 -2.87518201057 2.79909114831 -1.5090777824 -1.17263558867 0.0
1.70820904234 -2.86191736312 2.80077609202 -1.52029872582 -1.13429154632 0.0
1.72268617702 -2.84755470725 2.80255442053 -1.53187311974 -1.09568065216 0.0
1.73711244963 -2.83199881684 2.8043942822 -1.54378100021 -1.05682151596 0.0
1.75155779565 -2.81514426937 2.8062572707 -1.55599812393 -1.01774663845 0.0
1.7661007188 -2.79687649271 2.80809693657 -1.56849421008 -0.978507590023 0.0
1.78082900289 -2.7770743109 2.80985712075 -1.58123075264 -0.939181435122 0.0
1.79583979554 -2.75561481021 2.81147024936 -1.59415840546 -0.899878373455 0.0
1.81123852381 -2.73238157002 2.81285588212 -1.60721406178 -0.860750204284 0.0
1.8271358853 -2.7072773812 2.8139200355 -1.62031797092 -0.821998556029 0.0
1.84364200991 -2.68024224123 2.81455608615 -1.63337158085 -0.783880797839 0.0
1.86085700428 -2.65127626606 2.81464829838 -1.64625722849 -0.746710289101 0.0
1.87885777857 -2.62046482532 2.81407897787 -1.65884114032 -0.710846679112 0.0
1.89768256278 -2.58799985801 2.81273958478 -1.6709810717 -0.676672483713 0.0
1.91731664476 -2.55418840308 2.81054461779 -1.68253883857 -0.64455548641 0.0
1.93768449904 -2.51943972768 2.80744507177 -1.6933958951 -0.614802794139 0.0
1.95865288084 -2.48422846105 2.80343702585 -1.70346787585 -0.587618867366 0.0
1.98004578789 -2.44904135032 2.79856188033 -1.71271336591 -0.563081442007 0.0
2.0016671519 -2.41432329515 2.79289798511 -1.72113415187 -0.541142994359 0.0
2.02332413656 -2.38043804707 2.78654689605 -1.7287677853 -0.521654658456 0.0
2.04484489737 -2.34765085782 2.7796189328 -1.73567601249 -0.504401627208 0.0
2.06608823706 -2.31613085699 2.77222162885 -1.74193301554 -0.489138258341 0.0
2.08694598724 -2.28596567906 2.7644524688 -1.74761601595 -0.475615514101 0.0
2.10734057961 -2.25718065228 2.75639553882 -1.75279904851 -0.4635986309 0.0
2.12722029026 -2.22975732731 2.74812093677 -1.75754955584 -0.45287630881 0.0
2.14655391484 -2.20364885223 2.73968576414 -1.76192701391 -0.443263923606 0.0
2.16532584137 -2.17879159104 2.73113582374 -1.7659828141 -0.434603136327 0.0
2.18353191607 -2.15511334814 2.72250748525 -1.7697608173 -0.426759653942 0.0
2.2011761693 -2.13253889801 2.71382943861 -1.77329820094 -0.419620256601 0.0
2.2182683159 -2.11099353017 2.70512421812 -1.77662637895 -0.41308972296 0.0
2.23482189244 -2.09040520237 2.69640946974 -1.77977187999 -0.407087969275 0.0
2.25085289265 -2.0707057524 2.68769897745 -1.78275713337 -0.401547531799 0.0
2.26637878066 -2.05183149135 2.6790034815 -1.7856011469 -0.396411421266 0.0
2.28141778539 -2.03372340219 2.67033132474 -1.78832007895 -0.391631328947 0.0
2.29598840177 -2.01632709495 2.66168896073 -1.79092771516 -0.387166143308 0.0
2.31010904276 -1.9995926185 2.65308135232 -1.79343586273 -0.382980730988 0.0
2.32379780087 -1.98347419432 2.6445122843 -1.79585467538 -0.379044937795 0.0
2.33707228874 -1.967929914 2.63598460895 -1.79819292087 -0.375332770472 0.0
2.34994953677 -1.95292142643 2.62750043925 -1.80045820132 -0.37182172587 0.0
2.36244593145 -1.93841363066 2.61906130127 -1.80265713484 -0.368492239854 0.0
2.37457718294 -1.92437438339 2.6106682547 -1.80479550582 -0.365327233322 0.0
2.38635831311 -1.91077422598 2.60232198849 -1.80687838952 -0.362311737019 0.0
2.39780365809 -1.89758613302 2.59402289691 -1.8089102556 -0.359432580359 0.0
2.40892688066 -1.88478528283 2.58577114026 -1.81089505475 -0.356678132373 0.0
2.41974098933 -1.8723488493 2.57756669344 -1.81283629104 -0.354038085211 0.0
2.43025836171 -1.86025581388 2.56940938484 -1.81473708294 -0.351503272507 0.0
2.44049077049 -1.84848679617 2.56129892769 -1.8166002147 -0.349065516389 0.0
2.45044941077 -1.83702390168 2.55323494524 -1.81842817991 -0.346717498129 0.0
2.46014492794 -1.82585058501 2.5452169911 -1.82022321856 -0.344452648346 0.0
2.46958744542 -1.81495152698 2.53724456567 -1.82198734856 -0.342265053483 0.0
2.47878659184 -1.8043125243 2.52931712938 -1.82372239285 -0.340149375824 0.0
2.48775152752 -1.7939203905 2.52143411348 -1.82543000258 -0.338100784877 0.0
2.49649096981 -1.78376286677 2.51359492865 -1.82711167712 -0.336114898286 0.0
2.50501321738 -1.77382854187 2.50579897208 -1.82876878138 -0.334187730784 0.0
2.51332617339 -1.76410677987 2.49804563308 -1.83040256083 -0.332315649953 0.0
2.52143736734 -1.75458765512 2.49033429764 -1.83201415448 -0.330495337757 0.0
2.52935397586 -1.74526189348 2.4826643521 -1.83360460633 -0.328723757001 0.0
2.53708284223 -1.73612081926 2.47503518604 -1.83517487532 -0.326998121986 0.0
2.54463049485 -1.72715630715 2.46744619464 -1.83672584402 -0.325315872782 0.0
2.55200316457 -1.71836073873 2.45989678043 -1.83825832633 -0.323674652594 0.0
2.55920680101 -1.70972696299 2.45238635477 -1.83977307429 -0.3220722878 0.0
2.56624708791 -1.70124826046 2.44491433891 -1.84127078402 -0.320506770313 0.0
2.57312945754 -1.6929183106 2.43748016481 -1.84275210102 -0.318976241943 0.0
2.5798591042 -1.68473116208 2.43008327574 -1.8442176249 -0.317478980501 0.0
2.58644099699 -1.67668120571 2.4227231267 -1.84566791359 -0.316013387439 0.0
2.59287989168 -1.66876314971 2.41539918465 -1.84710348703 -0.314577976802 0.0
2.59918034199 -1.66097199705 2.4081109287 -1.84852483054 -0.313171365368 0.0
2.60534671007 -1.6533030248 2.40085785012 -1.84993239779 -0.311792263797 0.0
2.61138317647 -1.64575176514 2.39363945236 -1.85132661354 -0.31043946869 0.0
2.61729374937 -1.63831398796 2.38645525088 -1.85270787596 -0.309111855442 0.0
2.6230822734 -1.63098568484 2.37930477308 -1.85407655891 -0.307808371806 0.0
2.62875243781 -1.62376305437 2.37218755807 -1.85543301381 -0.306528032076 0.0
2.63430778431 -1.61664248858 2.36510315647 -1.85677757148 -0.305269911821 0.0
2.63975171428 -1.60962056048 2.35805113015 -1.85811054371 -0.304033143129 0.0
2.64508749568 -1.60269401253 2.35103105202 -1.85943222472 -0.302816910272 0.0
2.65031826953 -1.59585974596 2.34404250571 -1.86074289249 -0.301620445779 0.0
2.65544705601 -1.58911481099 2.33708508532 -1.86204280997 -0.300443026856 0.0
2.66047676023 -1.58245639765 2.33015839513 -1.86333222614 -0.299283972119 0.0
2.66541017763 -1.57588182738 2.32326204931 -1.86461137708 -0.298142638616 0.0
2.67024999917 -1.5693885452 2.31639567165 -1.86588048679 -0.297018419103 0.0
2.67499881611 -1.56297411239 2.30955889524 -1.86713976812 -0.295910739547 0.0
2.67965912466 -1.55663619977 2.30275136222 -1.86838942347 -0.294819056838 0.0
2.68423333024 -1.55037258141 2.29597272351 -1.86962964552 -0.293742856693 0.0
2.68872375165 -1.54418112877 2.28922263849 -1.87086061788 -0.292681651719 0.0
2.69313262488 -1.53805980525 2.28250077478 -1.87208251566 -0.291634979646 0.0
2.69746210682 -1.53200666109 2.27580680798 -1.87329550605 -0.290602401682 0.0
2.70171427875 -1.52601982863 2.26914042136 -1.87449974878 -0.289583501009 0.0
2.70589114957 -1.52009751788 2.26250130569 -1.87569539665 -0.288577881389 0.0
2.70999465902 -1.51423801238 2.25588915894 -1.87688259588 -0.287585165872 0.0
2.71402668055 -1.50843966529 2.24930368609 -1.87806148658 -0.286604995609 0.0
2.7179890242 -1.50270089578 2.24274459885 -1.87923220306 -0.285637028741 0.0
2.72188343925 -1.49702018563 2.23621161553 -1.88039487422 -0.284680939384 0.0
2.72571161673 -1.49139607602 2.22970446073 -1.88154962383 -0.283736416671 0.0
2.72947519188 -1.48582716455 2.22322286521 -1.88269657084 -0.282803163871 0.0
2.7331757464 -1.48031210239 2.21676656566 -1.88383582966 -0.281880897572 0.0
2.73681481065 -1.47484959171 2.21033530451 -1.88496751039 -0.280969346912 0.0
2.74039386572 -1.46943838309 2.20392882977 -1.8860917191 -0.280068252868 0.0
2.74391434539 -1.46407727329 2.19754689483 -1.88720855799 -0.279177367597 0.0
2.74737763803 -1.45876510296 2.19118925829 -1.88831812565 -0.278296453812 0.0
2.75078508839 -1.45350075459 2.18485568383 -1.88942051723 -0.277425284204 0.0
2.75413799928 -1.44828315058 2.17854594 -1.89051582461 -0.276563640906 0.0
2.75743763321 -1.44311125137 2.1722598001 -1.89160413659 -0.275711314983 0.0
2.76068521397 -1.43798405369 2.16599704203 -1.89268553904 -0.274868105962 0.0
2.76388192807 -1.43290058891 2.15975744815 -1.89376011504 -0.274033821387 0.0
2.76702892615 -1.42785992151 2.15354080514 -1.89482794501 -0.273208276404 0.0
2.77012732438 -1.42286114761 2.14734690387 -1.89588910688 -0.272391293375 0.0
2.77317820567 -1.41790339352 2.14117553925 -1.89694367616 -0.271582701505 0.0
2.77618262098 -1.4129858145 2.13502651017 -1.89799172609 -0.270782336506 0.0
2.77914159044 -1.40810759346 2.12889961931 -1.89903332773 -0.26999004027 0.0
2.7820561045 -1.4032679398 2.12279467309 -1.90006855009 -0.269205660566 0.0
2.78492712499 -1.39846608826 2.11671148149 -1.90109746016 -0.268429050756 0.0
2.78775558617 -1.3937012979 2.11064985804 -1.90212012309 -0.267660069521 0.0
2.7905423957 -1.38897285107 2.10460961963 -1.90313660219 -0.266898580615 0.0
2.79328843558 -1.38428005242 2.09859058645 -1.90414695908 -0.26614445262 0.0
2.79599456305 -1.37962222805 2.09259258191 -1.9051512537 -0.265397558722 0.0
2.79866161148 -1.37499872458 2.08661543252 -1.90614954445 -0.264657776498 0.0
2.80129039117 -1.37040890838 2.08065896783 -1.90714188819 -0.263924987718 0.0
2.80388169015 -1.36585216477 2.07472302032 -1.90812834035 -0.263199078148 0.0
2.80643627497 -1.36132789725 2.06880742534 -1.90910895497 -0.262479937377 0.0
2.80895489138 -1.35683552682 2.06291202102 -1.91008378478 -0.261767458646 0.0
2.81143826507 -1.35237449129 2.05703664819 -1.91105288122 -0.261061538684 0.0
2.81388710234 -1.34794424464 2.05118115033 -1.91201629451 -0.260362077557 0.0
2.81630209072 -1.34354425642 2.04534537346 -1.91297407369 -0.259668978526 0.0
2.81868389962 -1.33917401114 2.03952916611 -1.91392626671 -0.258982147908 0.0
2.82103318091 -1.3348330077 2.03373237925 -1.91487292038 -0.258301494945 0.0
2.82335056948 -1.33052075891 2.0279548662 -1.91581408052 -0.257626931685 0.0
2.82563668383 -1.32623679093 2.02219648258 -1.91674979191 -0.256958372861 0.0
2.82789212654 -1.32198064281 2.01645708627 -1.91768009839 -0.256295735783 0.0
2.83011748485 -1.317751866 2.01073653733 -1.91860504286 -0.255638940232 0.0
2.83231333108 -1.31355002395 2.00503469796 -1.91952466733 -0.254987908359 0.0
2.83448022314 -1.30937469162 1.99935143243 -1.92043901295 -0.254342564588 0.0
2.83661870497 -1.30522545514 1.99368660704 -1.92134812002 -0.25370283553 0.0
2.83872930698 -1.30110191137 1.98804009007 -1.92225202808 -0.253068649894 0.0
2.84081254646 -1.29700366757 1.98241175173 -1.92315077585 -0.252439938403 0.0
2.842868928 -1.292930341 1.9768014641 -1.92404440132 -0.251816633721 0.0
2.84489894388 -1.2888815586 1.9712091011 -1.92493294178 -0.251198670373 0.0
2.8469030744 -1.28485695667 1.96563453846 -1.92581643379 -0.250585984677 0.0
2.84888178831 -1.28085618055 1.96007765363 -1.92669491325 -0.249978514676 0.0
2.85083554311 -1.27687888431 1.9545383258 -1.92756841542 -0.249376200072 0.0
2.85276478539 -1.27292473046 1.94901643581 -1.92843697492 -0.248778982167 0.0
2.85466995118 -1.2689933897 1.94351186612 -1.92930062575 -0.248186803801 0.0
2.85655146623 -1.2650845406 1.9380245008 -1.93015940133 -0.247599609298 0.0
2.85840974634 -1.26119786942 1.93255422547 -1.93101333452 -0.247017344411 0.0
2.86024519762 -1.25733306979 1.92710092727 -1.93186245761 -0.246439956272 0.0
2.8620582168 -1.25348984252 1.92166449482 -1.93270680235 -0.245867393341 0.0
2.86384919147 -1.24966789537 1.91624481821 -1.9335464 -0.245299605361 0.0
2.86561850039 -1.2458669428 1.91084178893 -1.93438128127 -0.244736543312 0.0
2.86736651367 -1.2420867058 1.90545529988 -1.93521147641 -0.244178159369 0.0
2.86909359309 -1.23832691167 1.90008524529 -1.9360370152 -0.24362440686 0.0
2.87080009227 -1.23458729383 1.89473152075 -1.93685792695 -0.243075240226 0.0
2.87248635696 -1.23086759162 1.88939402314 -1.93767424051 -0.242530614986 0.0
2.87415272521 -1.22716755015 1.8840726506 -1.93848598431 -0.241990487698 0.0
2.87579952759 -1.22348692008 1.87876730254 -1.93929318635 -0.241454815924 0.0
2.87742708742 -1.21982545753 1.87347787957 -1.94009587424 -0.2409235582 0.0
2.87903572097 -1.21618292383 1.86820428351 -1.94089407516 -0.240396674002 0.0
2.8806257376 -1.21255908542 1.86294641735 -1.94168781591 -0.239874123716 0.0
2.88219744001 -1.20895371371 1.8577041852 -1.94247712293 -0.239355868609 0.0
2.8837511244 -1.20536658488 1.85247749232 -1.94326202227 -0.238841870798 0.0
2.88528708061 -1.20179747981 1.84726624506 -1.94404253965 -0.238332093227 0.0
2.88680559233 -1.19824618389 1.84207035085 -1.94481870039 -0.23782649964 0.0
2.88830693727 -1.19471248693 1.83688971818 -1.94559052954 -0.237325054554 0.0
2.88979138727 -1.19119618302 1.83172425657 -1.94635805175 -0.236827723237 0.0
2.89125920848 -1.1876970704 1.82657387654 -1.9471212914 -0.236334471685 0.0
2.89271066154 -1.18421495135 1.82143848964 -1.94788027252 -0.2358452666 0.0
2.89414600167 -1.18074963212 1.81631800836 -1.94863501886 -0.235360075365 0.0
2.89556547883 -1.17730092273 1.81121234616 -1.94938555385 -0.234878866029 0.0
2.89696933786 -1.17386863697 1.80612141745 -1.95013190064 -0.234401607286 0.0
2.89835781863 -1.17045259221 1.80104513756 -1.95087408209 -0.233928268452 0.0
2.89973115611 -1.16705260936 1.79598342269 -1.95161212079 -0.23345881945 0.0
2.90108958056 -1.16366851277 1.79093618997 -1.95234603904 -0.232993230795 0.0
2.9024333176 -1.1603001301 1.78590335737 -1.95307585889 -0.232531473572 0.0
2.90376258835 -1.15694729228 1.78088484373 -1.95380160212 -0.232073519421 0.0
2.90507760952 -1.15360983339 1.77588056873 -1.95452329028 -0.231619340523 0.0
2.90637859356 -1.1502875906 1.77089045284 -1.95524094463 -0.231168909585 0.0
2.90766574872 -1.14698040406 1.76591441739 -1.95595458624 -0.230722199824 0.0
2.90893927918 -1.14368811687 1.76095238446 -1.95666423589 -0.230279184951 0.0
2.91019938515 -1.14041057496 1.75600427693 -1.95736991417 -0.229839839163 0.0
2.91144626295 -1.13714762705 1.75107001845 -1.95807164141 -0.229404137125 0.0
2.9126801051 -1.13389912454 1.74614953339 -1.95876943775 -0.228972053958 0.0
2.91390110045 -1.1306649215 1.7412427469 -1.9594633231 -0.22854356523 0.0
2.91510943422 -1.12744487456 1.73634958482 -1.96015331713 -0.228118646942 0.0
2.91630528812 -1.12423884284 1.73146997374 -1.96083943935 -0.227697275513 0.0
2.91748884042 -1.12104668793 1.72660384091 -1.96152170902 -0.227279427777 0.0
2.91866026604 -1.11786827379 1.7217511143 -1.96220014524 -0.226865080966 0.0
2.91981973659 -1.11470346673 1.71691172255 -1.96287476688 -0.226454212702 0.0
2.92096742052 -1.11155213529 1.71208559495 -1.96354559263 -0.226046800988 0.0
2.92210348313 -1.10841415028 1.70727266146 -1.96421264101 -0.225642824195 0.0
2.92322808667 -1.10528938462 1.70247285267 -1.96487593032 -0.225242261058 0.0
2.9243413904 -1.10217771339 1.69768609983 -1.96553547871 -0.224845090663 0.0
2.92544355067 -1.09907901369 1.69291233479 -1.96619130412 -0.224451292437 0.0
2.92653472098 -1.09599316468 1.68815149001 -1.96684342435 -0.224060846147 0.0
2.92761505205 -1.09292004743 1.68340349856 -1.96749185701 -0.223673731884 0.0
2.92868469186 -1.08985954499 1.6786682941 -1.96813661954 -0.223289930059 0.0
2.92974378576 -1.08681154223 1.67394581088 -1.96877772921 -0.222909421393 0.0
2.93079247647 -1.08377592591 1.66923598372 -1.96941520315 -0.222532186915 0.0
2.93183090419 -1.08075258452 1.66453874799 -1.97004905831 -0.222158207949 0.0
2.93285920661 -1.07774140836 1.65985403963 -1.97067931148 -0.221787466108 0.0
2.93387751902 -1.0747422894 1.65518179513 -1.97130597932 -0.221419943292 0.0
2.9348859743 -1.07175512131 1.65052195151 -1.97192907831 -0.221055621676 0.0
2.93588470303 -1.06877979936 1.64587444632 -1.9725486248 -0.220694483707 0.0
2.9368738335 -1.06581622045 1.64123921764 -1.97316463498 -0.220336512096 0.0
2.93785349178 -1.06286428305 1.63661620404 -1.97377712492 -0.219981689814 0.0
2.93882380177 -1.05992388712 1.63200534463 -1.97438611052 -0.219630000087 0.0
2.93978488523 -1.05699493415 1.62740657899 -1.97499160755 -0.219281426385 0.0
2.94073686183 -1.05407732709 1.62281984721 -1.97559363165 -0.218935952424 0.0
2.94167984922 -1.0511709703 1.61824508984 -1.97619219832 -0.218593562156 0.0
2.94261396305 -1.04827576956 1.61368224793 -1.97678732293 -0.218254239767 0.0
2.94353931699 -1.04539163203 1.60913126298 -1.97737902071 -0.217917969667 0.0
2.94445602283 -1.04251846618 1.60459207696 -1.97796730677 -0.217584736493 0.0
2.94536419047 -1.03965618182 1.60006463229 -1.97855219609 -0.217254525099 0.0
2.94626392797 -1.03680469004 1.59554887186 -1.97913370353 -0.21692732055 0.0
2.94715534162 -1.03396390317 1.59104473896 -1.97971184382 -0.216603108124 0.0
2.94803853592 -1.03113373482 1.58655217735 -1.98028663157 -0.216281873303 0.0
2.94891361368 -1.02831409975 1.5820711312 -1.98085808127 -0.21596360177 0.0
2.949780676 -1.02550491393 1.57760154512 -1.98142620729 -0.215648279405 0.0
2.95063982234 -1.0227060945 1.57314336411 -1.98199102389 -0.215335892283 0.0
2.95149115053 -1.01991755972 1.56869653362 -1.98255254522 -0.215026426667 0.0
2.95233475683 -1.01713922896 1.56426099945 -1.9831107853 -0.214719869007 0.0
2.95317073594 -1.01437102267 1.55983670786 -1.98366575805 -0.214416205936 0.0
2.95399918103 -1.0116128624 1.55542360545 -1.98421747728 -0.214115424264 0.0
2.9548201838 -1.00886467071 1.55102163924 -1.98476595669 -0.21381751098 0.0
2.95563383446 -1.00612637121 1.54663075663 -1.98531120987 -0.213522453243 0.0
2.95644022181 -1.0033978885 1.54225090537 -1.98585325031 -0.213230238383 0.0
2.95723943323 -1.00067914817 1.53788203362 -1.98639209139 -0.212940853896 0.0
2.95803155475 -0.997970076775 1.53352408988 -1.98692774639 -0.212654287442 0.0
2.95881667101 -0.995270601824 1.52917702302 -1.9874602285 -0.212370526841 0.0
2.95959486537 -0.992580651747 1.52484078227 -1.98798955077 -0.21208956007 0.0
2.96036621986 -0.989900155886 1.52051531721 -1.98851572621 -0.211811375265 0.0
2.96113081525 -0.987229044479 1.51620057775 -1.98903876768 -0.211535960709 0.0
2.96188873108 -0.984567248637 1.51189651417 -1.98955868797 -0.211263304838 0.0
2.96264004564 -0.981914700334 1.50760307708 -1.99007549977 -0.210993396236 0.0
2.96338483603 -0.979271332385 1.5033202174 -1.99058921567 -0.210726223631 0.0
2.96412317817 -0.976637078434 1.49904788641 -1.99109984818 -0.210461775893 0.0
2.96485514685 -0.974011872935 1.4947860357 -1.9916074097 -0.210200042033 0.0
2.96558081569 -0.971395651143 1.49053461717 -1.99211191255 -0.2099410112 0.0
2.96630025723 -0.968788349091 1.48629358306 -1.99261336896 -0.20968467268 0.0
2.96701354289 -0.966189903582 1.4820628859 -1.99311179107 -0.20943101589 0.0
2.96772074306 -0.963600252172 1.47784247854 -1.99360719093 -0.209180030381 0.0
2.96842192705 -0.961019333156 1.47363231412 -1.99409958049 -0.208931705834 0.0
2.96911716315 -0.958447085558 1.4694323461 -1.99458897165 -0.208686032055 0.0
2.96980651864 -0.955883449113 1.46524252821 -1.99507537618 -0.20844299898 0.0
2.97049005981 -0.953328364257 1.4610628145 -1.99555880581 -0.208202596665 0.0
2.97116785196 -0.950781772114 1.45689315928 -1.99603927214 -0.207964815291 0.0
2.97183995946 -0.948243614484 1.45273351716 -1.99651678674 -0.207729645157 0.0
2.97250644572 -0.945713833829 1.44858384303 -1.99699136104 -0.207497076684 0.0
2.97316737324 -0.943192373265 1.44444409206 -1.99746300644 -0.207267100407 0.0
2.97382280362 -0.940679176546 1.44031421968 -1.99793173423 -0.207039706977 0.0
2.97447279756 -0.938174188057 1.4361941816 -1.99839755563 -0.206814887161 0.0
2.9751174149 -0.9356773528 1.4320839338 -1.99886048179 -0.206592631835 0.0
2.9757567146 -0.933188616385 1.42798343251 -1.99932052377 -0.206372931989 0.0
2.97639075481 -0.930707925019 1.42389263424 -1.99977769255 -0.206155778722 0.0
2.97701959284 -0.928235225495 1.41981149572 -2.00023199904 -0.205941163237 0.0
2.97764328518 -0.925770465182 1.41573997398 -2.00068345409 -0.20572907685 0.0
2.97826188753 -0.923313592017 1.41167802627 -2.00113206844 -0.205519510976 0.0
2.97887545482 -0.920864554493 1.40762561009 -2.00157785279 -0.205312457139 0.0
2.97948404119 -0.918423301651 1.40358268319 -2.00202081775 -0.205107906962 0.0
2.98008770003 -0.91598978307 1.39954920357 -2.00246097386 -0.204905852172 0.0
2.980686484 -0.91356394886 1.39552512943 -2.00289833159 -0.204706284594 0.0
2.98128044501 -0.911145749649 1.39151041926 -2.00333290133 -0.204509196154 0.0
2.98186963428 -0.908735136577 1.38750503174 -2.00376469341 -0.204314578875 0.0
2.9824541023 -0.90633206129 1.38350892579 -2.00419371808 -0.204122424876 0.0
2.98303389887 -0.903936475926 1.37952206057 -2.00461998554 -0.203932726374 0.0
2.98360907313 -0.901548333112 1.37554439544 -2.00504350589 -0.203745475678 0.0
2.98417967354 -0.899167585951 1.37157589 -2.00546428918 -0.203560665192 0.0
2.98474574788 -0.896794188021 1.36761650406 -2.0058823454 -0.203378287412 0.0
2.98530734333 -0.894428093361 1.36366619764 -2.00629768445 -0.203198334927 0.0
2.98586450639 -0.892069256465 1.35972493099 -2.00671031619 -0.203020800415 0.0
2.98641728296 -0.889717632278 1.35579266455 -2.00712025039 -0.202845676644 0.0
2.98696571832 -0.887373176185 1.35186935898 -2.00752749677 -0.202672956472 0.0
2.98750985715 -0.885035844006 1.34795497515 -2.00793206497 -0.202502632845 0.0
2.98804974352 -0.882705591987 1.34404947411 -2.00833396458 -0.202334698794 0.0
2.98858542095 -0.880382376796 1.34015281712 -2.00873320512 -0.202169147438 0.0
2.98911693235 -0.878066155513 1.33626496567 -2.00912979604 -0.202005971981 0.0
2.98964432008 -0.875756885629 1.33238588138 -2.00952374674 -0.201845165713 0.0
2.99016762595 -0.873454525033 1.32851552613 -2.00991506655 -0.201686722006 0.0
2.99068689121 -0.871159032009 1.32465386195 -2.01030376472 -0.201530634316 0.0
2.99120215659 -0.868870365231 1.32080085106 -2.01068985047 -0.201376896182 0.0
2.99171346227 -0.866588483755 1.31695645588 -2.01107333295 -0.201225501224 0.0
2.99222084794 -0.864313347013 1.31312063901 -2.01145422122 -0.201076443143 0.0
2.99272435275 -0.862044914808 1.30929336323 -2.01183252432 -0.200929715722 0.0
2.99322401536 -0.859783147309 1.30547459149 -2.01220825121 -0.200785312822 0.0
2.99371987394 -0.857528005043 1.30166428694 -2.01258141078 -0.200643228385 0.0
2.99421196615 -0.855279448894 1.29786241287 -2.01295201188 -0.200503456429 0.0
2.99470032919 -0.853037440092 1.29406893278 -2.0133200633 -0.200365991051 0.0
2.9951849998 -0.850801940211 1.29028381032 -2.01368557374 -0.200230826428 0.0
2.99566601422 -0.848572911163 1.28650700931 -2.01404855189 -0.200097956811 0.0
2.99614340827 -0.846350315195 1.28273849374 -2.01440900635 -0.199967376527 0.0
2.99661721729 -0.84413411488 1.27897822776 -2.01476694567 -0.199839079981 0.0
2.9970874762 -0.841924273115 1.27522617569 -2.01512237833 -0.199713061652 0.0
2.99755421947 -0.839720753115 1.271482302 -2.01547531278 -0.199589316094 0.0
2.99801748116 -0.837523518411 1.26774657134 -2.0158257574 -0.199467837935 0.0
2.99847729488 -0.83533253284 1.26401894848 -2.01617372051 -0.199348621878 0.0
2.99893369384 -0.833147760546 1.26029939838 -2.01651921037 -0.199231662698 0.0
2.99938671085 -0.83096916597 1.25658788614 -2.0168622352 -0.199116955244 0.0
2.99983637831 -0.828796713851 1.25288437701 -2.01720280315 -0.199004494438 0.0
3.00028272821 -0.82663036922 1.24918883638 -2.01754092232 -0.198894275273 0.0
3.00072579216 -0.824470097393 1.24550122981 -2.01787660076 -0.198786292815 0.0
3.0011656014 -0.82231586397 1.24182152298 -2.01820984646 -0.1986805422 0.0
3.00160218676 -0.820167634828 1.23814968173 -2.01854066735 -0.198577018637 0.0
3.00203557873 -0.818025376123 1.23448567204 -2.01886907132 -0.198475717405 0.0
3.00246580742 -0.815889054276 1.23082946003 -2.01919506621 -0.198376633853 0.0
3.00289290256 -0.81375863598 1.22718101195 -2.01951865977 -0.198279763399 0.0
3.00331689355 -0.811634088189 1.2235402942 -2.01983985975 -0.198185101535 0.0
3.00373780943 -0.809515378115 1.2199072733 -2.0201586738 -0.198092643817 0.0
3.0041556789 -0.807402473228 1.21628191592 -2.02047510955 -0.198002385875 0.0
3.0045705303 -0.805295341249 1.21266418885 -2.02078917457 -0.197914323405 0.0
3.00498239166 -0.803193950146 1.20905405901 -2.02110087635 -0.197828452173 0.0
3.00539129067 -0.801098268135 1.20545149345 -2.02141022237 -0.197744768014 0.0
3.00579725468 -0.79900826367 1.20185645935 -2.02171722004 -0.19766326683 0.0
3.00620031074 -0.796923905445 1.19826892402 -2.02202187671 -0.197583944591 0.0
3.00660048558 -0.794845162389 1.19468885488 -2.02232419969 -0.197506797336 0.0
3.00699780561 -0.792772003661 1.19111621949 -2.02262419624 -0.197431821172 0.0
3.00739229695 -0.790704398649 1.1875509855 -2.02292187355 -0.197359012271 0.0
3.0077839854 -0.788642316966 1.18399312071 -2.02321723879 -0.197288366875 0.0
3.00817289646 -0.786585728446 1.18044259302 -2.02351029907 -0.197219881292 0.0
3.00855905536 -0.784534603143 1.17689937045 -2.02380106142 -0.197153551896 0.0
3.00894248702 -0.782488911326 1.17336342115 -2.02408953286 -0.197089375131 0.0
3.00932321609 -0.780448623477 1.16983471335 -2.02437572034 -0.197027347504 0.0
3.00970126692 -0.778413710286 1.16631321542 -2.02465963077 -0.196967465591 0.0
3.0100766636 -0.776384142653 1.16279889583 -2.02494127099 -0.196909726033 0.0
3.01044942994 -0.774359891679 1.15929172315 -2.02522064782 -0.196854125539 0.0
3.01081958949 -0.772340928669 1.15579166606 -2.02549776802 -0.196800660883 0.0
3.01118716552 -0.770327225124 1.15229869336 -2.02577263828 -0.196749328906 0.0
3.01155218105 -0.768318752742 1.14881277394 -2.02604526526 -0.196700126515 0.0
3.01191465883 -0.766315483414 1.1453338768 -2.02631565559 -0.196653050684 0.0
3.01227462138 -0.764317389221 1.14186197104 -2.02658381581 -0.196608098451 0.0
3.01263209094 -0.762324442432 1.13839702584 -2.02684975244 -0.196565266921 0.0
3.01298708953 -0.760336615501 1.13493901051 -2.02711347195 -0.196524553267 0.0
3.01333963891 -0.758353881065 1.13148789444 -2.02737498074 -0.196485954726 0.0
3.0136897606 -0.756376211942 1.12804364711 -2.0276342852 -0.1964494686 0.0
3.01403747589 -0.754403581125 1.12460623812 -2.02789139164 -0.19641509226 0.0
3.01438280583 -0.752435961786 1.12117563712 -2.02814630633 -0.19638282314 0.0
3.01472577126 -0.750473327268 1.1177518139 -2.0283990355 -0.196352658744 0.0
3.01506639276 -0.748515651084 1.11433473831 -2.02864958533 -0.196324596638 0.0
3.01540469072 -0.746562906916 1.11092438028 -2.02889796194 -0.196298634456 0.0
3.01574068528 -0.744615068612 1.10752070987 -2.02914417142 -0.196274769898 0.0
3.01607439638 -0.742672110185 1.10412369717 -2.02938821981 -0.196253000731 0.0
3.01640584373 -0.740734005808 1.10073331241 -2.02963011309 -0.196233324789 0.0
3.01673504686 -0.738800729813 1.09734952587 -2.0298698572 -0.196215739969 0.0
3.01706202506 -0.736872256691 1.09397230791 -2.03010745805 -0.196200244238 0.0
3.01738679742 -0.734948561087 1.09060162899 -2.03034292147 -0.196186835629 0.0
3.01770938283 -0.733029617798 1.08723745963 -2.03057625327 -0.196175512241 0.0
3.01802979999 -0.731115401774 1.08387977046 -2.0308074592 -0.19616627224 0.0
3.01834806739 -0.729205888112 1.08052853215 -2.03103654497 -0.19615911386 0.0
3.01866420332 -0.727301052057 1.07718371547 -2.03126351625 -0.1961540354 0.0
3.0189782259 -0.725400868999 1.07384529125 -2.03148837864 -0.19615103523 0.0
3.01929015303 -0.723505314469 1.07051323041 -2.03171113771 -0.196150111784 0.0
3.01960000244 -0.721614364142 1.06718750392 -2.031931799 -0.196151263566 0.0
3.01990779168 -0.71972799383 1.06386808285 -2.03215036796 -0.196154489147 0.0
3.02021353811 -0.717846179481 1.06055493831 -2.03236685004 -0.196159787165 0.0
3.02051725891 -0.715968897181 1.05724804149 -2.03258125061 -0.196167156329 0.0
3.02081897108 -0.714096123149 1.05394736366 -2.03279357501 -0.196176595415 0.0
3.02111869145 -0.712227833733 1.05065287614 -2.03300382854 -0.196188103266 0.0
3.02141643668 -0.710364005414 1.04736455032 -2.03321201643 -0.196201678798 0.0
3.02171222324 -0.708504614799 1.04408235765 -2.0334181439 -0.196217320992 0.0
3.02200606747 -0.706649638622 1.04080626965 -2.03362221608 -0.196235028902 0.0
3.02229798549 -0.704799053743 1.0375362579 -2.03382423808 -0.19625480165 0.0
3.02258799331 -0.702952837141 1.03427229402 -2.03402421497 -0.196276638428 0.0
3.02287610675 -0.70111096592 1.03101434973 -2.03422215177 -0.196300538499 0.0
3.02316234146 -0.699273417302 1.02776239676 -2.03441805343 -0.196326501196 0.0
3.02344671296 -0.697440168626 1.02451640693 -2.03461192489 -0.196354525924 0.0
3.0237292366 -0.695611197349 1.0212763521 -2.03480377101 -0.196384612159 0.0
3.02400992758 -0.693786481042 1.0180422042 -2.03499359663 -0.196416759447 0.0
3.02428880093 -0.691965997387 1.01481393518 -2.03518140654 -0.196450967408 0.0
3.02456587156 -0.690149724181 1.01159151708 -2.03536720548 -0.196487235734 0.0
3.02484115421 -0.688337639327 1.00837492197 -2.03555099812 -0.196525564189 0.0
3.02511466349 -0.686529720839 1.00516412197 -2.03573278913 -0.19656595261 0.0
3.02538641385 -0.684725946838 1.00195908925 -2.03591258311 -0.196608400909 0.0
3.02565641961 -0.682926295547 0.998759796018 -2.0360903846 -0.19665290907 0.0
3.02592469494 -0.681130745297 0.995566214549 -2.03626619812 -0.196699477152 0.0
3.02619125389 -0.679339274518 0.992378317144 -2.03644002813 -0.19674810529 0.0
3.02645611035 -0.677551861743 0.989196076153 -2.03661187904 -0.196798793692 0.0
3.02671927808 -0.675768485602 0.98601946397 -2.03678175523 -0.196851542644 0.0
3.02698077073 -0.673989124826 0.982848453026 -2.03694966101 -0.196906352505 0.0
3.02724060178 -0.67221375824 0.979683015794 -2.03711560067 -0.196963223714 0.0
3.02749878461 -0.670442364765 0.976523124785 -2.03727957844 -0.197022156784 0.0
3.02775533246 -0.668674923415 0.973368752548 -2.0374415985 -0.197083152308 0.0
3.02801025844 -0.666911413299 0.970219871666 -2.03760166499 -0.197146210956 0.0
3.02826357554 -0.665151813613 0.96707645476 -2.037759782 -0.197211333477 0.0
3.02851529664 -0.663396103645 0.963938474481 -2.03791595358 -0.197278520699 0.0
3.02876543446 -0.661644262771 0.960805903517 -2.03807018372 -0.197347773528 0.0
3.02901400164 -0.659896270454 0.957678714584 -2.03822247637 -0.197419092954 0.0
3.02926101068 -0.658152106242 0.954556880428 -2.03837283545 -0.197492480045 0.0
3.02950647396 -0.656411749767 0.951440373827 -2.0385212648 -0.197567935952 0.0
3.02975040376 -0.654675180745 0.948329167583 -2.03866776824 -0.197645461905 0.0
3.02999281222 -0.652942378974 0.945223234528 -2.03881234952 -0.197725059222 0.0
3.0302337114 -0.651213324331 0.942122547517 -2.03895501238 -0.1978067293 0.0
3.03047311322 -0.649487996773 0.93902707943 -2.03909576047 -0.197890473621 0.0
3.03071102951 -0.647766376335 0.935936803171 -2.03923459742 -0.197976293753 0.0
3.03094747196 -0.646048443128 0.932851691663 -2.03937152679 -0.198064191348 0.0
3.03118245219 -0.644334177339 0.929771717851 -2.03950655212 -0.198154168145 0.0
3.03141598169 -0.64262355923 0.926696854702 -2.03963967688 -0.198246225969 0.0
3.03164807185 -0.640916569134 0.923627075195 -2.03977090451 -0.198340366733 0.0
3.03187873396 -0.639213187457 0.920562352333 -2.03990023838 -0.198436592437 0.0
3.0321079792 -0.637513394676 0.917502659128 -2.04002768182 -0.198534905174 0.0
3.03233581866 -0.635817171336 0.91444796861 -2.04015323813 -0.198635307121 0.0
3.03256226332 -0.634124498052 0.911398253823 -2.04027691054 -0.19873780055 0.0
3.03278732406 -0.632435355504 0.90835348782 -2.04039870224 -0.198842387823 0.0
3.03301101166 -0.630749724439 0.905313643666 -2.04051861636 -0.198949071395 0.0
3.03323333683 -0.629067585669 0.902278694436 -2.04063665599 -0.199057853812 0.0
3.03345431015 -0.62738892007 0.899248613212 -2.04075282418 -0.199168737716 0.0
3.03367394212 -0.625713708577 0.896223373084 -2.04086712392 -0.199281725844 0.0
3.03389224316 -0.624041932191 0.893202947146 -2.04097955815 -0.199396821028 0.0
3.03410922356 -0.622373571969 0.890187308498 -2.04109012975 -0.199514026196 0.0
3.03432489357 -0.62070860903 0.887176430241 -2.04119884158 -0.199633344376 0.0
3.03453926331 -0.61904702455 0.884170285481 -2.04130569641 -0.199754778692 0.0
3.03475234283 -0.617388799759 0.88116884732 -2.04141069701 -0.19987833237 0.0
3.03496414209 -0.615733915948 0.878172088862 -2.04151384604 -0.200004008735 0.0
3.03517467096 -0.614082354458 0.875179983209 -2.04161514616 -0.200131811214 0.0
3.03538393923 -0.612434096684 0.872192503458 -2.04171459996 -0.200261743338 0.0
3.0355919566 -0.610789124076 0.869209622702 -2.04181220996 -0.200393808739 0.0
3.03579873268 -0.609147418133 0.866231314026 -2.04190797866 -0.200528011157 0.0
3.03600427702 -0.607508960403 0.863257550511 -2.04200190848 -0.200664354437 0.0
3.03620859906 -0.605873732487 0.860288305226 -2.04209400182 -0.200802842529 0.0
3.03641170819 -0.60424171603 0.85732355123 -2.04218426101 -0.200943479495 0.0
3.03661361369 -0.602612892726 0.854363261572 -2.04227268831 -0.201086269505 0.0
3.03681432479 -0.600987244314 0.851407409287 -2.04235928595 -0.201231216837 0.0
3.03701385062 -0.599364752578 0.848455967394 -2.04244405611 -0.201378325886 0.0
3.03721220025 -0.597745399347 0.845508908898 -2.0425270009 -0.201527601157 0.0
3.03740938265 -0.59612916649 0.842566206786 -2.04260812239 -0.201679047269 0.0
3.03760540675 -0.594516035919 0.839627834028 -2.04268742259 -0.201832668959 0.0
3.03780028139 -0.592905989587 0.83669376357 -2.04276490345 -0.20198847108 0.0
3.03799401531 -0.591299009485 0.833763968339 -2.04284056688 -0.202146458604 0.0
3.03818661723 -0.589695077644 0.83083842124 -2.04291441473 -0.202306636623 0.0
3.03837809576 -0.588094176132 0.827917095151 -2.04298644878 -0.20246901035 0.0
3.03856845944 -0.586496287052 0.824999962924 -2.04305667077 -0.20263358512 0.0
3.03875771677 -0.584901392543 0.822086997385 -2.04312508239 -0.202800366394 0.0
3.03894587616 -0.583309474779 0.819178171331 -2.04319168525 -0.202969359758 0.0
3.03913294595 -0.581720515966 0.816273457526 -2.04325648093 -0.203140570925 0.0
3.03931893441 -0.580134498342 0.813372828704 -2.04331947093 -0.203314005739 0.0
3.03950384977 -0.578551404178 0.810476257565 -2.04338065672 -0.203489670172 0.0
3.03968770017 -0.576971215772 0.807583716772 -2.04344003968 -0.20366757033 0.0
3.03987049368 -0.575393915454 0.804695178955 -2.04349762115 -0.203847712451 0.0
3.04005223833 -0.57381948558 0.8018106167 -2.04355340242 -0.204030102911 0.0
3.04023294208 -0.572247908532 0.798930002557 -2.04360738471 -0.204214748222 0.0
3.04041261281 -0.570679166721 0.796053309034 -2.04365956917 -0.204401655035 0.0
3.04059125836 -0.569113242581 0.793180508594 -2.04370995692 -0.204590830143 0.0
3.04076888649 -0.567550118567 0.790311573655 -2.04375854898 -0.20478228048 0.0
3.04094550492 -0.565989777163 0.78744647659 -2.04380534635 -0.204976013128 0.0
3.0411211213 -0.564432200868 0.784585189722 -2.04385034995 -0.205172035312 0.0
3.04129574323 -0.562877372206 0.781727685323 -2.04389356063 -0.205370354408 0.0
3.04146937823 -0.561325273719 0.778873935617 -2.04393497919 -0.205570977942 0.0
3.04164203378 -0.559775887968 0.776023912769 -2.04397460637 -0.205773913592 0.0
3.04181371732 -0.55822919753 0.773177588893 -2.04401244284 -0.205979169192 0.0
3.04198443619 -0.556685185 0.770334936043 -2.0440484892 -0.206186752733 0.0
3.04215419772 -0.555143832988 0.767495926215 -2.04408274602 -0.206396672364 0.0
3.04232300916 -0.553605124117 0.764660531344 -2.04411521375 -0.206608936397 0.0
3.04249087772 -0.552069041025 0.761828723303 -2.04414589283 -0.206823553306 0.0
3.04265781054 -0.550535566361 0.759000473899 -2.04417478361 -0.207040531733 0.0
3.04282381473 -0.549004682786 0.756175754874 -2.04420188636 -0.207259880485 0.0
3.04298889732 -0.547476372968 0.753354537899 -2.04422720131 -0.207481608545 0.0
3.04315306532 -0.545950619589 0.750536794577 -2.04425072861 -0.207705725064 0.0
3.04331632568 -0.544427405334 0.747722496438 -2.04427246834 -0.207932239373 0.0
3.04347868528 -0.542906712898 0.744911614937 -2.04429242052 -0.208161160979 0.0
3.04364015098 -0.541388524979 0.742104121454 -2.0443105851 -0.208392499571 0.0
3.04380072957 -0.539872824281 0.739299987288 -2.04432696195 -0.208626265021 0.0
3.04396042781 -0.538359593513 0.736499183661 -2.04434155088 -0.20886246739 0.0
3.0441192524 -0.536848815382 0.733701681709 -2.04435435163 -0.209101116926 0.0
3.04427721001 -0.535340472601 0.730907452485 -2.04436536387 -0.209342224069 0.0
3.04443430723 -0.53383454788 0.728116466956 -2.04437458719 -0.209585799455 0.0
3.04459055064 -0.532331023929 0.725328695997 -2.04438202111 -0.20983185392 0.0
3.04474594677 -0.530829883455 0.722544110395 -2.04438766508 -0.210080398498 0.0
3.04490050209 -0.529331109164 0.719762680842 -2.04439151847 -0.21033144443 0.0
3.04505422303 -0.527834683755 0.716984377934 -2.04439358058 -0.210585003164 0.0
3.045207116 -0.526340589923 0.714209172169 -2.04439385064 -0.210841086357 0.0
3.04535918735 -0.524848810355 0.711437033945 -2.04439232779 -0.211099705882 0.0
3.04551044337 -0.523359327732 0.708667933557 -2.04438901111 -0.211360873831 0.0
3.04566089035 -0.521872124724 0.705901841195 -2.04438389959 -0.211624602514 0.0
3.04581053451 -0.520387183992 0.703138726942 -2.04437699214 -0.211890904469 0.0
3.04595938204 -0.518904488185 0.70037856077 -2.0443682876 -0.212159792459 0.0
3.0461074391 -0.51742401994 0.697621312539 -2.04435778472 -0.212431279482 0.0
3.04625471178 -0.515945761879 0.694866951994 -2.04434548218 -0.21270537877 0.0
3.04640120618 -0.514469696611 0.692115448763 -2.04433137856 -0.212982103796 0.0
3.04654692832 -0.512995806727 0.689366772351 -2.04431547239 -0.213261468277 0.0
3.0466918842 -0.511524074802 0.686620892145 -2.04429776209 -0.213543486177 0.0
3.04683607979 -0.51005448339 0.683877777402 -2.04427824599 -0.213828171712 0.0
3.04697952102 -0.508587015028 0.681137397253 -2.04425692236 -0.214115539356 0.0
3.04712221378 -0.507121652229 0.678399720698 -2.04423378936 -0.214405603841 0.0
3.04726416393 -0.505658377486 0.675664716604 -2.04420884508 -0.214698380167 0.0
3.04740537729 -0.504197173268 0.672932353698 -2.04418208751 -0.214993883601 0.0
3.04754585966 -0.502738022018 0.670202600573 -2.04415351457 -0.215292129688 0.0
3.0476856168 -0.501280906152 0.667475425674 -2.04412312405 -0.215593134248 0.0
3.04782465444 -0.49982580806 0.664750797304 -2.0440909137 -0.215896913389 0.0
3.04796297826 -0.498372710103 0.662028683617 -2.04405688113 -0.216203483505 0.0
3.04810059394 -0.49692159461 0.659309052617 -2.0440210239 -0.216512861286 0.0
3.0482375071 -0.495472443882 0.65659187215 -2.04398333944 -0.216825063721 0.0
3.04837372336 -0.494025240184 0.653877109907 -2.0439438251 -0.217140108103 0.0
3.04850924829 -0.492579965747 0.651164733419 -2.04390247814 -0.217458012037 0.0
3.04864408744 -0.491136602768 0.64845471005 -2.04385929571 -0.217778793442 0.0
3.04877824632 -0.489695133404 0.645747007 -2.04381427486 -0.218102470561 0.0
3.04891173043 -0.488255539778 0.643041591294 -2.04376741256 -0.218429061962 0.0
3.04904454523 -0.486817803968 0.640338429788 -2.04371870565 -0.218758586547 0.0
3.04917669615 -0.485381908016 0.637637489157 -2.04366815089 -0.219091063561 0.0
3.04930818862 -0.483947833917 0.634938735896 -2.04361574492 -0.21942651259 0.0
3.04943902801 -0.482515563623 0.632242136316 -2.0435614843 -0.219764953577 0.0
3.0495692197 -0.481085079042 0.629547656537 -2.04350536545 -0.220106406822 0.0
3.04969876901 -0.479656362033 0.626855262492 -2.0434473847 -0.220450892991 0.0
3.04982768126 -0.478229394407 0.624164919913 -2.04338753827 -0.220798433123 0.0
3.04995596175 -0.476804157926 0.621476594337 -2.04332582228 -0.221149048638 0.0
3.05008361574 -0.475380634297 0.618790251096 -2.04326223272 -0.221502761342 0.0
3.05021064849 -0.473958805177 0.616105855314 -2.04319676548 -0.221859593438 0.0
3.05033706521 -0.472538652168 0.613423371904 -2.04312941632 -0.222219567529 0.0
3.05046287112 -0.471120156813 0.610742765566 -2.04306018089 -0.22258270663 0.0
3.05058807139 -0.469703300601 0.608064000777 -2.04298905474 -0.222949034174 0.0
3.05071267121 -0.468288064957 0.605387041795 -2.04291603328 -0.223318574022 0.0
3.05083667571 -0.466874431249 0.602711852646 -2.04284111181 -0.223691350467 0.0
3.05096009003 -0.465462380779 0.600038397126 -2.04276428549 -0.224067388249 0.0
3.05108291928 -0.464051894786 0.597366638794 -2.04268554938 -0.22444671256 0.0
3.05120516855 -0.462642954442 0.59469654097 -2.0426048984 -0.224829349054 0.0
3.05132684294 -0.461235540853 0.592028066725 -2.04252232735 -0.225215323856 0.0
3.05144794749 -0.459829635053 0.589361178882 -2.04243783089 -0.225604663572 0.0
3.05156848726 -0.458425218006 0.586695840011 -2.04235140357 -0.225997395299 0.0
3.05168846729 -0.457022270602 0.584032012418 -2.04226303978 -0.226393546634 0.0
3.05180789259 -0.455620773658 0.581369658149 -2.04217273379 -0.226793145687 0.0
3.05192676818 -0.454220707913 0.578708738978 -2.04208047974 -0.22719622109 0.0
3.05204509906 -0.452822054026 0.576049216406 -2.04198627162 -0.227602802005 0.0
3.0521628902 -0.45142479258 0.573391051654 -2.04189010329 -0.228012918142 0.0
3.05228014658 -0.450028904071 0.570734205659 -2.04179196846 -0.228426599764 0.0
3.05239687317 -0.448634368915 0.568078639067 -2.04169186069 -0.228843877704 0.0
3.05251307493 -0.447241167439 0.56542431223 -2.04158977342 -0.229264783371 0.0
3.05262875679 -0.445849279885 0.562771185199 -2.04148569992 -0.22968934877 0.0
3.0527439237 -0.444458686403 0.560119217718 -2.0413796333 -0.230117606508 0.0
3.05285858058 -0.443069367054 0.557468369221 -2.04127156656 -0.230549589812 0.0
3.05297273237 -0.441681301802 0.554818598823 -2.04116149249 -0.23098533254 0.0
3.05308638398 -0.440294470517 0.552169865316 -2.04104940378 -0.231424869196 0.0
3.05319954032 -0.438908852973 0.549522127162 -2.04093529291 -0.231868234943 0.0
3.05331220631 -0.437524428843 0.546875342489 -2.04081915223 -0.232315465619 0.0
3.05342438685 -0.436141177697 0.544229469083 -2.04070097393 -0.232766597751 0.0
3.05353608684 -0.434759079004 0.541584464382 -2.04058075001 -0.233221668573 0.0
3.05364731119 -0.433378112126 0.538940285471 -2.04045847231 -0.233680716037 0.0
3.0537580648 -0.431998256316 0.536296889073 -2.04033413253 -0.234143778835 0.0
3.05386835257 -0.430619490718 0.533654231546 -2.04020772215 -0.234610896412 0.0
3.05397817941 -0.429241794365 0.531012268872 -2.04007923251 -0.235082108985 0.0
3.05408755021 -0.427865146174 0.528370956655 -2.03994865475 -0.23555745756 0.0
3.05419646989 -0.426489524946 0.525730250111 -2.03981597984 -0.236036983951 0.0
3.05430494335 -0.425114909364 0.523090104061 -2.03968119857 -0.236520730799 0.0
3.05441297552 -0.42374127799 0.520450472925 -2.03954430154 -0.237008741589 0.0
3.05452057131 -0.422368609263 0.517811310715 -2.03940527915 -0.237501060676 0.0
3.05462773566 -0.420996881495 0.515172571027 -2.03926412163 -0.237997733297 0.0
3.05473447349 -0.419626072873 0.512534207033 -2.03912081901 -0.238498805599 0.0
3.05484078975 -0.418256161453 0.509896171475 -2.03897536112 -0.23900432466 0.0
3.0549466894 -0.41688712516 0.507258416656 -2.03882773757 -0.239514338506 0.0
3.0550521774 -0.415518941782 0.504620894434 -2.03867793781 -0.240028896141 0.0
3.05515725873 -0.414151588973 0.501983556209 -2.03852595106 -0.240548047566 0.0
3.05526193838 -0.412785044247 0.499346352923 -2.03837176632 -0.241071843807 0.0
3.05536622135 -0.411419284977 0.496709235044 -2.03821537241 -0.241600336938 0.0
3.05547011267 -0.410054288393 0.494072152564 -2.0380567579 -0.242133580106 0.0
3.05557361736 -0.408690031577 0.491435054986 -2.03789591118 -0.242671627562 0.0
3.0556767405 -0.407326491465 0.488797891317 -2.03773282038 -0.243214534683 0.0
3.05577948715 -0.405963644841 0.486160610061 -2.03756747345 -0.243762358006 0.0
3.0558818624 -0.404601468337 0.483523159207 -2.03739985807 -0.244315155254 0.0
3.05598387139 -0.40323993843 0.480885486224 -2.03722996171 -0.244872985365 0.0
3.05608551923 -0.401879031438 0.478247538046 -2.03705777163 -0.245435908529 0.0
3.05618681111 -0.400518723521 0.475609261071 -2.0368832748 -0.246003986213 0.0
3.05628775222 -0.399158990675 0.472970601145 -2.036706458 -0.246577281201 0.0
3.05638834777 -0.397799808732 0.470331503553 -2.03652730775 -0.247155857622 0.0
3.05648860301 -0.396441153359 0.467691913015 -2.03634581031 -0.247739780989 0.0
3.05658852324 -0.395083000051 0.465051773671 -2.0361619517 -0.248329118237 0.0
3.05668811376 -0.393725324135 0.462411029073 -2.0359757177 -0.248923937755 0.0
3.05678737992 -0.392368100762 0.459769622173 -2.03578709381 -0.249524309431 0.0
3.0568863271 -0.391011304908 0.457127495319 -2.0355960653 -0.250130304689 0.0
3.05698496074 -0.389654911372 0.454484590239 -2.03540261714 -0.25074199653 0.0
3.0570832863 -0.388298894773 0.45184084803 -2.03520673406 -0.251359459577 0.0
3.05718130928 -0.386943229548 0.449196209156 -2.03500840052 -0.251982770116 0.0
3.05727903523 -0.385587889949 0.446550613427 -2.03480760069 -0.252612006145 0.0
3.05737646976 -0.384232850044 0.443903999997 -2.03460431848 -0.253247247421 0.0
3.0574736185 -0.382878083713 0.441256307348 -2.03439853751 -0.253888575506 0.0
3.05757048715 -0.381523564645 0.438607473283 -2.03419024113 -0.25453607382 0.0
3.05766708147 -0.38016926634 0.435957434912 -2.03397941239 -0.255189827691 0.0
3.05776340725 -0.378815162103 0.433306128645 -2.03376603406 -0.255849924412 0.0
3.05785947036 -0.377461225047 0.430653490177 -2.0335500886 -0.256516453294 0.0
3.05795527672 -0.376107428088 0.427999454482 -2.0333315582 -0.257189505723 0.0
3.05805083232 -0.374753743945 0.425343955798 -2.03311042473 -0.257869175224 0.0
3.05814614321 -0.37340014514 0.422686927618 -2.03288666978 -0.258555557517 0.0
3.05824121551 -0.372046603994 0.420028302679 -2.03266027463 -0.259248750588 0.0
3.0583360554 -0.37069309263 0.417368012952 -2.03243122022 -0.259948854746 0.0
3.05843066917 -0.369339582969 0.414705989629 -2.03219948724 -0.260655972699 0.0
3.05852506314 -0.367986046732 0.412042163116 -2.03196505602 -0.261370209621 0.0
3.05861924375 -0.366632455438 0.409376463018 -2.03172790659 -0.262091673228 0.0
3.05871321749 -0.365278780404 0.406708818132 -2.03148801868 -0.262820473849 0.0
3.05880699098 -0.363924992746 0.404039156434 -2.03124537169 -0.263556724512 0.0
3.0589005709 -0.362571063381 0.401367405072 -2.0309999447 -0.264300541018 0.0
3.05899396402 -0.361216963023 0.398693490354 -2.03075171646 -0.26505204203 0.0
3.05908717723 -0.359862662189 0.396017337737 -2.03050066543 -0.265811349161 0.0
3.05918021752 -0.358508131197 0.39333887182 -2.03024676971 -0.26657858706 0.0
3.05927309198 -0.35715334017 0.390658016334 -2.02999000711 -0.267353883511 0.0
3.05936580781 -0.355798259037 0.387974694133 -2.0297303551 -0.268137369528 0.0
3.05945837233 -0.354442857534 0.385288827186 -2.02946779082 -0.268929179455 0.0
3.05955079298 -0.353087105211 0.382600336566 -2.02920229112 -0.269729451074 0.0
3.05964307733 -0.35173097143 0.379909142449 -2.02893383249 -0.27053832571 0.0
3.05973523308 -0.350374425376 0.3772151641 -2.02866239114 -0.271355948348 0.0
3.05982726805 -0.349017436054 0.374518319873 -2.02838794295 -0.272182467744 0.0
3.05991919023 -0.347659972299 0.371818527199 -2.02811046347 -0.273018036554 0.0
3.06001100773 -0.34630200278 0.369115702587 -2.02782992796 -0.273862811452 0.0
3.06010272884 -0.344943496008 0.366409761618 -2.02754631139 -0.274716953266 0.0
3.06019436198 -0.34358442034 0.36370061894 -2.0272595884 -0.275580627113 0.0
3.06028591577 -0.342224743993 0.360988188269 -2.02696973335 -0.276454002537 0.0
3.06037739897 -0.340864435045 0.358272382387 -2.02667672033 -0.277337253659 0.0
3.06046882053 -0.339503461451 0.355553113141 -2.02638052314 -0.278230559327 0.0
3.06056018961 -0.338141791053 0.35283029145 -2.02608111531 -0.279134103274 0.0
3.06065151553 -0.33677939159 0.350103827302 -2.02577847012 -0.280048074282 0.0
3.06074280784 -0.335416230713 0.347373629763 -2.0254725606 -0.280972666351 0.0
3.06083407628 -0.334052275997 0.344639606983 -2.02516335956 -0.281908078878 0.0
3.06092533083 -0.33268749496 0.341901666207 -2.02485083959 -0.282854516841 0.0
3.06101658169 -0.33132185508 0.339159713781 -2.02453497308 -0.283812190987 0.0
3.06110783929 -0.329955323809 0.336413655173 -2.02421573224 -0.284781318033 0.0
3.06119911432 -0.328587868602 0.333663394983 -2.02389308911 -0.285762120872 0.0
3.06129041772 -0.327219456931 0.330908836965 -2.02356701563 -0.286754828786 0.0
3.0613817607 -0.325850056316 0.328149884049 -2.02323748358 -0.287759677672 0.0
3.06147315477 -0.324479634346 0.325386438366 -2.02290446471 -0.288776910267 0.0
3.0615646117 -0.323108158712 0.322618401279 -2.02256793067 -0.289806776398 0.0
3.06165614359 -0.321735597236 0.319845673413 -2.02222785314 -0.290849533225 0.0
3.06174776284 -0.320361917906 0.317068154699 -2.02188420377 -0.291905445504 0.0
3.0618394822 -0.318987088911 0.314285744409 -2.02153695432 -0.292974785855 0.0
3.06193131474 -0.317611078683 0.31149834121 -2.02118607663 -0.294057835048 0.0
3.0620232739 -0.316233855937 0.308705843213 -2.02083154269 -0.295154882291 0.0
3.06211537351 -0.31485538972 0.305908148036 -2.02047332472 -0.296266225534 0.0
3.06220762778 -0.313475649461 0.303105152868 -2.02011139518 -0.297392171785 0.0
3.0623000513 -0.312094605024 0.300296754544 -2.01974572688 -0.29853303744 0.0
3.06239265914 -0.310712226766 0.297482849624 -2.01937629303 -0.299689148619 0.0
3.06248546676 -0.309328485603 0.294663334486 -2.01900306731 -0.300860841525 0.0
3.06257849012 -0.307943353076 0.291838105422 -2.01862602397 -0.302048462807 0.0
3.06267174565 -0.306556801426 0.289007058749 -2.01824513789 -0.303252369945 0.0
3.06276525026 -0.305168803673 0.286170090927 -2.01786038471 -0.304472931641 0.0
3.06285902143 -0.303779333702 0.283327098694 -2.01747174092 -0.305710528238 0.0
3.06295307715 -0.302388366354 0.280477979207 -2.017079184 -0.306965552138 0.0
3.063047436 -0.300995877529 0.2776226302 -2.0166826925 -0.30823840825 0.0
3.06314211716 -0.299601844291 0.274760950163 -2.01628224621 -0.309529514443 0.0
3.06323714042 -0.298206244983 0.271892838524 -2.01587782631 -0.310839302026 0.0
3.06333252625 -0.296809059354 0.269018195859 -2.01546941553 -0.312168216234 0.0
3.06342829575 -0.295410268692 0.266136924122 -2.0150569983 -0.31351671674 0.0
3.06352447079 -0.29400985597 0.263248926884 -2.01464056097 -0.314885278178 0.0
3.06362107394 -0.292607805998 0.260354109608 -2.01422009202 -0.316274390688 0.0
3.06371812855 -0.291204105593 0.257452379942 -2.01379558226 -0.317684560472 0.0
3.0638156588 -0.289798743762 0.254543648033 -2.01336702509 -0.319116310377 0.0
3.06391368969 -0.288391711889 0.25162782688 -2.01293441676 -0.320570180485 0.0
3.06401224711 -0.286983003949 0.248704832708 -2.01249775665 -0.322046728724 0.0
3.06411135789 -0.285572616729 0.24577458538 -2.01205704759 -0.323546531498 0.0
3.06421104979 -0.28416055007 0.242837008845 -2.0116122962 -0.325070184328 0.0
3.0643113516 -0.282746807125 0.239892031619 -2.01116351324 -0.326618302513 0.0
3.06441229314 -0.281331394636 0.236939587312 -2.01071071401 -0.328191521796 0.0
3.06451390534 -0.279914323234 0.233979615198 -2.01025391878 -0.329790499052 0.0
3.06461622026 -0.278495607756 0.231012060836 -2.00979315325 -0.331415912983 0.0
3.06471927116 -0.27707526759 0.228036876734 -2.00932844905 -0.333068464817 0.0
3.06482309254 -0.275653327043 0.225054023079 -2.00885984428 -0.334748879016 0.0
3.06492772019 -0.274229815733 0.222063468518 -2.00838738407 -0.336457903994 0.0
3.06503319125 -0.272804769012 0.219065191009 -2.00791112127 -0.338196312817 0.0
3.06513954427 -0.271378228417 0.216059178734 -2.00743111707 -0.339964903917 0.0
3.06524681928 -0.269950242153 0.213045431092 -2.00694744176 -0.341764501783 0.0
3.06535505781 -0.268520865607 0.210023959767 -2.00646017553 -0.34359595764 0.0
3.06546430299 -0.267090161902 0.206994789874 -2.0059694093 -0.345460150109 0.0
3.06557459959 -0.265658202478 0.203957961204 -2.00547524567 -0.34735798583 0.0
3.0656859941 -0.264225067723 0.200913529554 -2.00497779988 -0.349290400052 0.0
3.06579853477 -0.262790847631 0.19786156816 -2.00447720089 -0.351258357173 0.0
3.06591227171 -0.261355642517 0.194802169239 -2.0039735925 -0.353262851216 0.0
3.06602725691 -0.259919563756 0.19173544563 -2.00346713461 -0.355304906234 0.0
3.06614354435 -0.258482734583 0.188661532568 -2.00295800451 -0.357385576631 0.0
3.06626119002 -0.25704529093 0.185580589562 -2.00244639825 -0.359505947368 0.0
3.06638025201 -0.255607382306 0.182492802412 -2.00193253221 -0.361667134056 0.0
3.06650079057 -0.25416917273 0.179398385346 -2.00141664462 -0.3638702829 0.0
3.06662286814 -0.252730841705 0.1762975833 -2.00089899728 -0.366116570474 0.0
3.06674654943 -0.251292585236 0.173190674327 -2.00037987739 -0.368407203306 0.0
3.06687190144 -0.249854616897 0.170077972145 -1.9998595994 -0.370743417245 0.0
3.06699899353 -0.248417168927 0.166959828824 -1.99933850706 -0.373126476565 0.0
3.06712789741 -0.246980493376 0.163836637604 -1.9988169755 -0.375557672794 0.0
3.06725868722 -0.245544863275 0.160708835846 -1.99829541346 -0.378038323211 0.0
3.06739143948 -0.244110573831 0.157576908103 -1.99777426558 -0.380569768987 0.0
3.06752623312 -0.242677943644 0.154441389303 -1.99725401483 -0.383153372916 0.0
3.06766314945 -0.241247315927 0.151302868032 -1.99673518492 -0.385790516694 0.0
3.06780227212 -0.239819059726 0.14816198989 -1.99621834291 -0.388482597707 0.0
3.06794368708 -0.238393571115 0.145019460902 -1.99570410171 -0.391231025264 0.0
3.06808748248 -0.236971274363 0.141876050952 -1.99519312274 -0.394037216239 0.0
3.06823374854 -0.235552623037 0.138732597204 -1.9946861185 -0.396902590064 0.0
3.06838257746 -0.23413810103 0.135590007462 -1.99418385515 -0.399828563024 0.0
3.0685340632 -0.232728223484 0.132449263421 -1.99368715495 -0.402816541813 0.0
3.06868830129 -0.231323537574 0.129311423747 -1.99319689864 -0.405867916304 0.0
3.06884538858 -0.229924623129 0.126177626914 -1.99271402762 -0.408984051494 0.0
3.06900542293 -0.228532093043 0.123049093724 -1.99223954585 -0.412166278608 0.0
3.06916850289 -0.227146593447 0.119927129415 -1.9917745215 -0.415415885333 0.0
3.06933472727 -0.225768803589 0.116813125264 -1.9913200882 -0.418734105187 0.0
3.06950419476 -0.22439943539 0.113708559587 -1.99087744573 -0.422122106044 0.0
3.06967700334 -0.223039232616 0.110614998002 -1.99044786034 -0.425580977841 0.0
3.06985324984 -0.22168896964 0.10753409287 -1.99003266417 -0.429111719549 0.0
3.07003302922 -0.220349449725 0.104467581759 -1.98963325417 -0.432715225478 0.0
3.07021643401 -0.219021502811 0.101417284849 -1.98925108994 -0.43639227106 0.0
3.07040355354 -0.217705982757 0.0983851011328 -1.98888769084 -0.440143498251 0.0
3.0705944732 -0.216403764002 0.0953730033329 -1.98854463185 -0.443969400764 0.0
3.07078927369 -0.215115737649 0.0923830314305 -1.98822353853 -0.447870309348 0.0
3.07098803015 -0.213842806941 0.08941728475 -1.98792608063 -0.451846377389 0.0
3.07119081137 -0.212585882146 0.0864779125555 -1.98765396463 -0.455897567127 0.0
3.07139767892 -0.211345874878 0.0835671031538 -1.98740892497 -0.460023636827 0.0
3.07160868635 -0.21012369189 0.0806870715407 -1.98719271409 -0.464224129231 0.0
3.07182387838 -0.20892022841 0.0778400456676 -1.98700709136 -0.468498361675 0.0
3.07204329014 -0.2077363611 0.075028251459 -1.98685381087 -0.472845418207 0.0
3.07226694648 -0.206572940731 0.0722538967563 -1.98673460841 -0.477264144056 0.0
3.0724948614 -0.205430784731 0.0695191544213 -1.98665118758 -0.481753142769 0.0
3.07272703746 -0.204310669699 0.0668261448689 -1.98660520551 -0.486310776271 0.0
3.07296346551 -0.203213324084 0.0641769183517 -1.98659825817 -0.490935168061 0.0
3.07320412434 -0.202139421155 0.0615734373433 -1.9866318658 -0.495624209667 0.0
3.07344898061 -0.201089572441 0.0590175593908 -1.98670745864 -0.500375570395 0.0
3.07369798893 -0.200064321797 0.0565110208167 -1.98682636325 -0.505186710337 0.0
3.07395109199 -0.199064140241 0.0540554216375 -1.98698978982 -0.510054896448 0.0
3.07420822102 -0.198089421681 0.0516522120542 -1.98719882075 -0.514977221481 0.0
3.07446929622 -0.197140479659 0.0493026808152 -1.98745440068 -0.5199506254 0.0
3.07473422749 -0.19621754516 0.0470079457174 -1.98775732839 -0.524971918865 0.0
3.07500291519 -0.195320765554 0.0447689464389 -1.98810825049 -0.530037808299 0.0
3.07527525105 -0.194450204662 0.0425864398276 -1.98850765728 -0.535144922009 0.0
3.0755511192 -0.193605843936 0.040460997696 -1.98895588069 -0.540289836797 0.0
3.07583039717 -0.192787584685 0.0383930070972 -1.98945309434 -0.545469104518 0.0
3.07611295708 -0.191995251273 0.0363826729889 -1.98999931562 -0.550679278061 0.0
3.07639866673 -0.191228595172 0.0344300231184 -1.99059440981 -0.555916936242 0.0
3.07668739076 -0.190487299746 0.0325349149211 -1.99123809578 -0.561178707209 0.0
3.07697899173 -0.189770985633 0.0306970441716 -1.99192995348 -0.566461289969 0.0
3.07727333124 -0.189079216565 0.028915955104 -1.99266943253 -0.571761473785 0.0
3.07757027089 -0.1884115055 0.0271910516976 -1.99345586204 -0.577076155223 0.0
3.07786967325 -0.18776732091 0.0255216098243 -1.99428846112 -0.582402352727 0.0
3.07817140272 -0.18714609311 0.0239067899612 -1.99516635006 -0.587737218704 0.0
3.07847532626 -0.186547220496 0.0223456501852 -1.99608856168 -0.593078049115 0.0
3.07878131412 -0.185970075604 0.0208371591986 -1.99705405289 -0.598422290669 0.0
3.07908924038 -0.1854140109 0.0193802091551 -1.99806171601 -0.603767545756 0.0
3.07939898344 -0.184878364229 0.0179736281012 -1.99911038992 -0.609111575293 0.0
3.07971042641 -0.184362463884 0.0166161918666 -2.00019887063 -0.614452299653 0.0
3.08002345747 -0.183865633249 0.0153066352868 -2.00132592139 -0.619787797935 0.0
3.08033797001 -0.183387195005 0.0140436626632 -2.00249028212 -0.62511630575 0.0
3.08065386286 -0.182926474886 0.0128259573991 -2.00369067813 -0.630436211777 0.0
3.08097104036 -0.182482804984 0.0116521907805 -2.00492582808 -0.635746053284 0.0
3.08128941239 -0.182055526631 0.010521029883 -2.00619445119 -0.641044510822 0.0
3.08160889434 -0.181643992857 0.00943114462213 -2.00749527368 -0.646330402285 0.0
3.08192940708 -0.181247570462 0.00838121395915 -2.00882703448 -0.651602676491 0.0
3.08225087683 -0.18086564172 0.00736993130853 -2.01018849014 -0.656860406452 0.0
3.08257323507 -0.180497605759 0.00639600918437 -2.01157841918 -0.662102782457 0.0
3.08289641835 -0.180142879627 0.0054581831379 -2.01299562567 -0.667329105079 0.0
3.08322036818 -0.179800899095 0.00455521504531 -2.01443894228 -0.672538778216 0.0
3.08354503079 -0.179471119214 0.00368589579585 -2.01590723278 -0.677731302224 0.0
3.08387035695 -0.179153014663 0.00284904744044 -2.01739939402 -0.682906267234 0.0
3.08419630183 -0.178846079911 0.00204352485852 -2.01891435745 -0.688063346672 0.0
3.08452282472 -0.17854982922 0.00126821699242 -2.02045109029 -0.693202291056 0.0
3.08484988889 -0.178263796517 0.000522047702659 -2.02200859626 -0.698322922062 0.0
3.08517746137 -0.177987535146 -0.000196023706053 -2.02358591609 -0.70342512691 0.0
3.08550551277 -0.177720617536 -0.000887002249177 -2.02518212771 -0.708508853061 0.0
3.08583401708 -0.177462634778 -0.00155185727129 -2.02679634618 -0.71357410324 0.0
3.08616295148 -0.177213196158 -0.00219152266414 -2.02842772349 -0.718620930781 0.0
3.08649229621 -0.176971928629 -0.00280689726318 -2.03007544812 -0.723649435293 0.0
3.08682203434 -0.176738476256 -0.00339884538871 -2.03173874451 -0.728659758637 0.0
3.08715215168 -0.176512499629 -0.00396819750791 -2.03341687242 -0.733652081205 0.0
3.08748263658 -0.176293675265 -0.00451575099421 -2.03510912614 -0.738626618491 0.0
3.08781347982 -0.176081694995 -0.00504227096017 -2.03681483365 -0.743583617941 0.0
3.08814467446 -0.175876265355 -0.00554849115274 -2.0385333558 -0.748523356065 0.0
3.08847621572 -0.175677106973 -0.00603511488642 -2.04026408531 -0.7534461358 0.0
3.08880810089 -0.175483953966 -0.00650281600985 -2.04200644589 -0.75835228411 0.0
3.08914032919 -0.175296553344 -0.00695223988798 -2.04375989119 -0.763242149803 0.0
3.08947290168 -0.175114664431 -0.00738400439298 -2.04552390391 -0.768116101562 0.0
3.0898058212 -0.174938058298 -0.00779870089643 -2.04729799476 -0.772974526165 0.0
3.09013909225 -0.174766517215 -0.00819689525008 -2.04908170151 -0.77781782689 0.0
3.09047272092 -0.174599834117 -0.00857912876185 -2.05087458808 -0.782646422083 0.0
3.09080671484 -0.174437812097 -0.00894591914653 -2.05267624353 -0.787460743891 0.0
3.09114108311 -0.174280263907 -0.00929776146225 -2.05448628124 -0.79226123713 0.0
3.09147583624 -0.174127011492 -0.0096351290177 -2.05630433794 -0.797048358304 0.0
3.0918109861 -0.173977885531 -0.00995847425713 -2.05813007292 -0.80182257473 0.0
3.09214654589 -0.173832725011 -0.0102682296153 -2.05996316717 -0.806584363802 0.0
3.09248253009 -0.173691376807 -0.0105648083439 -2.06180332259 -0.811334212348 0.0
3.09281895442 -0.173553695294 -0.0108486053082 -2.06365026126 -0.816072616095 0.0
3.09315583582 -0.173419541967 -0.0111199977525 -2.06550372467 -0.820800079229 0.0
3.09349319246 -0.173288785089 -0.0113793460355 -2.06736347306 -0.825517114043 0.0
3.09383104365 -0.17316129935 -0.0116269943336 -2.06922928477 -0.83022424067 0.0
3.09416940991 -0.173036965545 -0.0118632713162 -2.07110095559 -0.834921986888 0.0
3.0945083129 -0.172915670269 -0.0120884907888 -2.07297829818 -0.839610888011 0.0
3.09484777545 -0.172797305629 -0.0123029523061 -2.07486114157 -0.844291486836 0.0
3.09518782153 -0.172681768971 -0.012506941757 -2.07674933055 -0.848964333666 0.0
3.09552847629 -0.172568962617 -0.0127007319222 -2.07864272528 -0.853629986397 0.0
3.09586976606 -0.172458793625 -0.0128845829999 -2.08054120078 -0.858289010663 0.0
3.09621171834 -0.172351173551 -0.0130587431118 -2.08244464655 -0.86294198004 0.0
3.09655436186 -0.172246018235 -0.0132234487744 -2.08435296615 -0.867589476313 0.0
3.09689772655 -0.172143247594 -0.0133789253495 -2.0862660769 -0.872232089798 0.0
3.0972418436 -0.172042785421 -0.0135253874714 -2.08818390952 -0.876870419721 0.0
3.09758674552 -0.171944559209 -0.0136630394462 -2.0901064079 -0.88150507465 0.0
3.09793246608 -0.171848499967 -0.0137920756304 -2.09203352878 -0.886136672994 0.0
3.09827904048 -0.171754542067 -0.0139126807866 -2.09396524157 -0.89076584355 0.0
3.09862650527 -0.17166262308 -0.0140250304145 -2.09590152818 -0.895393226111 0.0
3.0989748985 -0.171572683637 -0.0141292910667 -2.09784238283 -0.900019472141 0.0
3.0993242597 -0.17148466729 -0.0142256206378 -2.09978781195 -0.904645245505 0.0
3.09967463 -0.171398520382 -0.0143141686366 -2.10173783407 -0.90927122327 0.0
3.10002605216 -0.171314191927 -0.0143950764371 -2.10369247981 -0.913898096571 0.0
3.10037857066 -0.171231633501 -0.0144684775116 -2.1056517918 -0.918526571554 0.0
3.10073223179 -0.171150799129 -0.0145344976433 -2.10761582475 -0.923157370388 0.0
3.1010870837 -0.171071645188 -0.0145932551227 -2.10958464546 -0.927791232373 0.0
3.10144317653 -0.170994130319 -0.0146448609225 -2.11155833293 -0.932428915118 0.0
3.10180056252 -0.170918215333 -0.0146894188566 -2.11353697847 -0.937071195826 0.0
3.10215929609 -0.170843863136 -0.0147270257207 -2.11552068588 -0.941718872677 0.0
3.10251943397 -0.170771038652 -0.0147577714141 -2.11750957167 -0.946372766318 0.0
3.10288103537 -0.170699708755 -0.0147817390429 -2.11950376528 -0.95103372148 0.0
3.10324416208 -0.170629842206 -0.0147990050061 -2.12150340941 -0.955702608714 0.0
3.10360887863 -0.170561409594 -0.0148096390628 -2.12350866036 -0.960380326277 0.0
3.1039752525 -0.170494383284 -0.0148137043773 -2.12551968845 -0.965067802175 0.0
3.10434335428 -0.170428737371 -0.0148112575502 -2.12753667845 -0.969765996366 0.0
3.10471325784 -0.170364447632 -0.0148023486245 -2.12955983014 -0.974475903168 0.0
3.10508504062 -0.170301491497 -0.0147870210709 -2.13158935889 -0.979198553854 0.0
3.10545878381 -0.170239848012 -0.014765311753 -2.13362549632 -0.983935019496 0.0
3.10583457266 -0.170179497811 -0.0147372508683 -2.13566849106 -0.988686414048 0.0
3.10621249673 -0.170120423099 -0.0147028618625 -2.13771860957 -0.99345389772 0.0
3.10659265022 -0.170062607633 -0.0146621613198 -2.13977613706 -0.998238680667 0.0
3.10697513233 -0.170006036711 -0.0146151588238 -2.14184137857 -1.00304202702 0.0
3.10736004762 -0.169950697168 -0.014561856787 -2.14391466006 -1.00786525934 0.0
3.10774750645 -0.169896577381 -0.014502250246 -2.14599632976 -1.01270976343 0.0
3.10813762542 -0.169843667269 -0.0144363266224 -2.14808675955 -1.0175769938 0.0
3.10853052791 -0.169791958315 -0.0143640654424 -2.15018634655 -1.02246847949 0.0
3.10892634463 -0.169741443584 -0.0142854380107 -2.15229551494 -1.02738583073 0.0
3.10932521424 -0.169692117758 -0.0142004070351 -2.15441471789 -1.03233074614 0.0
3.1097272841 -0.169643977169 -0.0141089261976 -2.15654443983 -1.03730502086 0.0
3.11013271099 -0.169597019852 -0.0140109396628 -2.15868519884 -1.04231055561 0.0
3.11054166203 -0.169551245602 -0.0139063815142 -2.16083754952 -1.04734936672 0.0
3.11095431567 -0.169506656047 -0.0137951751147 -2.16300208605 -1.05242359749 0.0
3.11137086276 -0.169463254733 -0.0136772323734 -2.16517944571 -1.05753553093 0.0
3.11179150783 -0.169421047222 -0.0135524529127 -2.16737031287 -1.06268760413 0.0
3.1122164705 -0.169380041213 -0.0134207231138 -2.16957542344 -1.06788242447 0.0
3.11264598709 -0.169340246676 -0.0132819150272 -2.17179557003 -1.07312278819 0.0
3.11308031247 -0.169301676014 -0.0131358851233 -2.17403160766 -1.07841170139 0.0
3.11351972214 -0.169264344249 -0.0129824728568 -2.17628446049 -1.08375240419 0.0
3.11396451464 -0.169228269243 -0.0128214990161 -2.17855512937 -1.08914839848 0.0
3.1144150144 -0.169193471947 -0.012652763812 -2.18084470064 -1.0946034799 0.0
3.11487157493 -0.169159976706 -0.0124760446676 -2.18315435624 -1.10012177506 0.0
3.11533458259 -0.169127811604 -0.0122910936374 -2.18548538557 -1.1057077848 0.0
3.11580446109 -0.169097008874 -0.0120976343988 -2.18783919919 -1.11136643503 0.0
3.11628167663 -0.169067605391 -0.0118953587094 -2.19021734507 -1.11710313663 0.0
3.11676674417 -0.169039643242 -0.011683922223 -2.19262152768 -1.12292385643 0.0
3.11726023478 -0.169013170419 -0.0114629395224 -2.19505363075 -1.12883520212 0.0
3.11776278459 -0.168988241645 -0.0112319781668 -2.1975157445 -1.13484452429 0.0
3.11827510555 -0.168964919375 -0.0109905515299 -2.20001019849 -1.14096004021 0.0
3.11879799864 -0.168943275009 -0.0107381100986 -2.20253960161 -1.14719098506 0.0
3.11933237017 -0.168923390393 -0.0104740308161 -2.20510689109 -1.15354779867 0.0
3.11987925208 -0.168905359668 -0.0101976038997 -2.20771539328 -1.16004235827 0.0
3.12043982751 -0.168889291593 -0.00990801637447 -2.21036889981 -1.16668827187 0.0
3.12101546347 -0.168875312488 -0.00960433124596 -2.21307176415 -1.17350125275 0.0
3.12160775314 -0.168863570007 -0.00928546083043 -2.21582902558 -1.18049960409 0.0
3.12221857133 -0.168854238058 -0.00895013208037 -2.21864657102 -1.18770485581 0.0
3.12285014881 -0.168847523327 -0.00859684076118 -2.22153134959 -1.19514261616 0.0
3.12350517352 -0.168843674067 -0.00822378975934 -2.22449166264 -1.20284373331 0.0
3.12418693187 -0.168842992246 -0.00782880419423 -2.22753756463 -1.21084591584 0.0
3.12489951104 -0.168845850728 -0.00740921168641 -2.23068143117 -1.21919605391 0.0
3.12564809776 -0.168852718331 -0.00696166845965 -2.23393878852 -1.22795364758 0.0
3.12643943606 -0.168864197669 -0.00648189791672 -2.23732956789 -1.23719605921 0.0
3.12728256011 -0.168881084842 -0.00596428081363 -2.24088008479 -1.24702692417 0.0
3.12819003336 -0.168904468682 -0.00540117897706 -2.24462633006 -1.25759037419 0.0
3.12918019398 -0.168935907246 -0.00478174464239 -2.24861981536 -1.26909681244 0.0
3.13028160927 -0.16897777071 -0.00408963963249 -2.25293888967 -1.2818740536 0.0
3.13154308479 -0.169033993395 -0.00329813582175 -2.25771337645 -1.29648224822 0.0
3.13306068331 -0.16911204589 -0.00235769491856 -2.2631881868 -1.31402414834 0.0
3.13507654713 -0.169229879612 -0.00115502347909 -2.26993945695 -1.33728003972 0.0
3.13867220364 -0.169461501568 0.000704732709817 -2.28012668578 -1.37867090463 0.0
3.12974592085 -0.168671933021 -0.00814148688017 -2.24106856678 -1.27619640768 0.0
3.13076544026 -0.168852629188 -0.00657168985134 -2.24780395583 -1.28798286356 0.0
3.13197332418 -0.169095951632 -0.00483179772463 -2.25496841072 -1.30193609409 0.0
3.13348878697 -0.169393208272 -0.00290651112928 -2.26281075336 -1.31942464982 0.0
3.13563920438 -0.16972603988 -0.000770907354492 -2.2719013033 -1.34420775417 0.0
3.14034197482 -0.169945091179 0.00118713247115 -2.28367712295 -1.3983065949 0.0
3.13688573195 -0.169976360808 -0.000485940641855 -2.27363734937 -1.35866417019 0.0
3.14690620336 -0.161825578262 -0.00162197107136 -2.34107379344 -1.47377701953 0.0
3.14654371331 -0.16372619293 0.000581363352475 -2.33566565965 -1.46951255488 0.0
3.14611276782 -0.165609024991 0.0026329895474 -2.32972920511 -1.46447228217 0.0
3.14559103075 -0.167414188427 0.00440844640447 -2.32318541496 -1.45840209299 0.0
3.14494711434 -0.169039398998 0.00571194564527 -2.3159710719 -1.45094436961 0.0
3.14413659172 -0.170324370514 0.00625733554092 -2.30807193866 -1.44159187338 0.0
3.14309280022 -0.171054714698 0.00568541919165 -2.29955334819 -1.42958154624 0.0
3.14169155551 -0.171024431714 0.0036744131568 -2.2905107194 -1.41348927456 0.0
3.13957922524 -0.17025058112 0.000306992363305 -2.28080590299 -1.38925819777 0.0
3.13455711306 -0.171581363437 0.00133836320855 -2.27059202792 -1.33164939465 0.0
3.1374882878 -0.167353367643 -0.00568564777324 -2.27692090383 -1.3653939401 0.0
3.13793575267 -0.191328763431 0.0353323960873 -2.2661406596 -1.37036545787 0.0
3.13791846987 -0.187753775707 0.029410494871 -2.26849805316 -1.36999944001 0.0
3.13789444512 -0.183450044144 0.0222642129683 -2.27128048579 -1.3695568356 0.0
3.13785703352 -0.177721957333 0.0127145608947 -2.27485039281 -1.36896133763 0.0
3.13777399137 -0.167399299 -0.00467481554337 -2.28059561073 -1.36784271081 0.0
3.1379192553 -0.189401661252 0.0303521664178 -2.25958425276 -1.36934616969 0.0
3.13789756482 -0.185665005977 0.0243183088071 -2.26269819773 -1.36893362073 0.0
3.13786732489 -0.181049701086 0.0168707646388 -2.26658350731 -1.36842368478 0.0
3.13781835643 -0.174501962335 0.00632385794909 -2.27220549369 -1.36769944859 0.0
3.13767344763 -0.157995600144 -0.0199930310219 -2.28761546058 -1.36587416507 0.0
3.13774379553 -0.163676563937 -0.0107513464143 -2.28297845169 -1.36652157681 0.0
3.1378651124 -0.17407725627 0.00610693672599 -2.27430050187 -1.36775521356 0.0
3.13771575861 -0.154650854987 -0.0257732287955 -2.28870928837 -1.36588133535 0.0
3.13777022034 -0.159216344486 -0.0182864120799 -2.28521304825 -1.36634867295 0.0
3.13784096675 -0.165636608307 -0.0077608830172 -2.28031417307 -1.36700387483 0.0
3.13798723002 -0.180813398456 0.0171345477601 -2.26888940748 -1.36852716236 0.0
3.13793869674 -0.173982164509 0.00598196013301 -2.27414631869 -1.36781438008 0.0
3.13777714118 -0.154437224891 -0.0259799560803 -2.28910212817 -1.36580437804 0.0
3.13783140277 -0.158945926106 -0.0185948820633 -2.28561512906 -1.36627338187 0.0
3.13790165451 -0.165224106433 -0.0083167398841 -2.28076597179 -1.36692685055 0.0
3.13804184266 -0.179242180183 0.0146215715631 -2.2699801163 -1.3683843128 0.0
3.13798209358 -0.171265824236 0.0016038239067 -2.27614952574 -1.36754661353 0.0
3.13734729681 -0.0986116821446 -0.117177063876 -2.3320689791 -1.36010574568 0.0
3.13737081339 -0.0997756279511 -0.115259321779 -2.33116386833 -1.36022462381 0.0
3.13739438626 -0.100953187037 -0.113319411245 -2.33024827775 -1.36034494025 0.0
3.13741802233 -0.102145085334 -0.111356145168 -2.32932164742 -1.36046677063 0.0
3.13744172911 -0.103352108165 -0.109368239358 -2.32838337159 -1.36059019675 0.0
3.13746551465 -0.104575107231 -0.107354301109 -2.32743279336 -1.36071530735 0.0
3.13748938772 -0.10581500869 -0.105312815998 -2.32646919846 -1.36084219892 0.0
3.13751335782 -0.107072822538 -0.10324213254 -2.32549180801 -1.36097097666 0.0
3.13753743531 -0.108349653559 -0.101140444297 -2.32449977007 -1.36110175569 0.0
3.13756163154 -0.109646714173 -0.099005768861 -2.32349214978 -1.36123466231 0.0
3.13758595895 -0.110965339603 -0.096835923063 -2.32246791765 -1.36136983563 0.0
3.13761043127 -0.112307005892 -0.0946284935159 -2.3214259357 -1.36150742942 0.0
3.13763506369 -0.113673351445 -0.0923808013906 -2.32036494086 -1.36164761435 0.0
3.13765987311 -0.115066202983 -0.0900898599854 -2.31928352501 -1.36179058072 0.0
3.13768487841 -0.116487607056 -0.0877523232019 -2.31818011069 -1.36193654171 0.0
3.13771010083 -0.117939868634 -0.0853644224438 -2.31705292139 -1.3620857374 0.0
3.13773556436 -0.119425598828 -0.0829218885949 -2.31589994485 -1.36223843974 0.0
3.1377612963 -0.120947774502 -0.0804198545504 -2.31471888713 -1.36239495875 0.0
3.13778732796 -0.122509813601 -0.0778527320492 -2.31350711467 -1.36255565034 0.0
3.13781369551 -0.124115671551 -0.0752140540467 -2.3122615801 -1.36272092637 0.0
3.13784044109 -0.12576996639 -0.0724962701173 -2.31097872595 -1.3628912676 0.0
3.13786761438 -0.127478143769 -0.0696904766459 -2.30965435771 -1.36306724089 0.0
3.13789527451 -0.12924669848 -0.0667860545935 -2.30828347344 -1.3632495222 0.0
3.13792349287 -0.131083477989 -0.0637701731588 -2.30686003033 -1.36343892813 0.0
3.13795235693 -0.132998108188 -0.0606270935607 -2.30537661728 -1.36363646012 0.0
3.1379819758 -0.135002607082 -0.0573371654985 -2.30382398314 -1.36384336819 0.0
3.13801248847 -0.137112298098 -0.0538753335839 -2.30219033473 -1.36406124575 0.0
3.13804407659 -0.139347222249 -0.0502088279217 -2.30046025165 -1.36429217612 0.0
3.13807698508 -0.14173442529 -0.0462934236166 -2.29861292939 -1.36453896975 0.0
3.1381115576 -0.144311881606 -0.0420670232413 -2.29661916611 -1.36480557101 0.0
3.13814830185 -0.147135739603 -0.0374378063653 -2.29443580131 -1.36509780887 0.0
3.13818802253 -0.150295067962 -0.032260109227 -2.29199440338 -1.36542492355 0.0
3.13823213083 -0.153946228991 -0.0262781956932 -2.28917491995 -1.36580312156 0.0
3.1382835283 -0.158411171307 -0.0189654468049 -2.28573041138 -1.36626572669 0.0
3.13835019533 -0.164577523222 -0.00886965120678 -2.28098126296 -1.36690439424 0.0
3.13847948661 -0.177751355752 0.0126957236973 -2.27088728327 -1.36826298378 0.0
3.13840648399 -0.168574980004 -0.00228494801701 -2.27798881144 -1.3672990865 0.0
3.13888725656 -0.219318499283 0.0806026944538 -2.23854658193 -1.37269563549 0.0
3.13888345378 -0.217747585528 0.0780490278165 -2.23976054885 -1.37252805118 0.0
3.13887920263 -0.216133543078 0.0754248542725 -2.24100802938 -1.37235593633 0.0
3.13887446207 -0.21447185783 0.072722800938 -2.24229252882 -1.3721788157 0.0
3.13886918368 -0.212757214664 0.0699341865968 -2.24361817462 -1.37199612972 0.0
3.13886330978 -0.210983285281 0.067048675169 -2.24498988121 -1.37180721214 0.0
3.13885677074 -0.209142438374 0.0640538023387 -2.24641357516 -1.37161125954 0.0
3.13884948128 -0.207225334523 0.0609343139011 -2.24789650995 -1.3714072887 0.0
3.13884133514 -0.205220344674 0.0576712159672 -2.24944771772 -1.37119407533 0.0
3.13883219719 -0.203112688864 0.054240368272 -2.25107867856 -1.3709700634 0.0
3.13882189128 -0.200883112245 0.0506103217842 -2.25280434932 -1.3707332258 0.0
3.13881018074 -0.198505755999 0.0467388413803 -2.25464481819 -1.37048084011 0.0
3.13879673519 -0.195944537113 0.0425669932158 -2.25662811839 -1.37020910749 0.0
3.13878106999 -0.193146540531 0.0380083527554 -2.25879536452 -1.36991245691 0.0
3.13876242483 -0.190028778314 0.0329273801544 -2.2612110463 -1.36958215102 0.0
3.13873948707 -0.186448005062 0.0270901246668 -2.26398649956 -1.36920310792 0.0
3.13870962755 -0.182117365524 0.0200281030961 -2.26734473823 -1.36874512439 0.0
3.13866598618 -0.176288509387 0.0105191949896 -2.27186782751 -1.36812940246 0.0
3.13857448256 -0.165244290405 -0.00750617060814 -2.28045049981 -1.36696451397 0.0
3.13872613384 -0.180725170465 0.0177996472115 -2.26845751276 -1.3685926973 0.0
3.13867585749 -0.174167215329 0.0070967595869 -2.27353500189 -1.3679024887 0.0
3.13853613515 -0.157783770561 -0.0196599604995 -2.28622270335 -1.36618550849 0.0
3.13859999425 -0.163714075921 -0.00995991207056 -2.28162212174 -1.36680704377 0.0
3.13871646208 -0.175381509883 0.00911302496573 -2.27257472927 -1.36803341997 0.0
3.13860941404 -0.162619017988 -0.0117266212931 -2.28246197068 -1.36669340775 0.0
3.13870968769 -0.172532216978 0.00447999490319 -2.27477329021 -1.36773490884 0.0
3.13848294676 -0.146596946378 -0.0378818898436 -2.29486679071 -1.36502131223 0.0
3.13852079358 -0.14971436946 -0.0327776580626 -2.29244640842 -1.36534677056 0.0
3.13856289171 -0.153301269521 -0.0269064984202 -2.28966210861 -1.365721647 0.0
3.13861194074 -0.157652124045 -0.0197873197177 -2.28628561056 -1.36617694775 0.0
3.13867507342 -0.16354460705 -0.0101496311542 -2.28171404164 -1.36679459731 0.0
3.13878917174 -0.174993853962 0.00856605093262 -2.27283452512 -1.36799819919 0.0
3.13867434429 -0.161418526074 -0.0136021036989 -2.2833515966 -1.3665732319 0.0
3.13876172782 -0.169969802302 0.000379107992557 -2.27671895734 -1.36747107078 0.0
3.13613169348 0.136852397437 -0.501090973206 -2.51382149212 -1.3371597435 0.0
3.1361498665 0.135848195306 -0.499436302062 -2.51304546694 -1.33725329259 0.0
3.13616797025 0.134845805673 -0.497784679928 -2.5122708182 -1.33734672416 0.0
3.13618600514 0.133845219802 -0.496136091974 -2.51149753936 -1.33744003864 0.0
3.13620397157 0.132846428958 -0.494490523365 -2.51072562389 -1.33753323646 0.0
3.13622186998 0.1318494244 -0.492847959263 -2.50995506526 -1.33762631808 0.0
3.13623970075 0.130854197382 -0.49120838483 -2.50918585692 -1.33771928393 0.0
