-0.0167462879476 -1.15254891564 1.91112144135 -2.14219608033 -1.61507703186 0.0
-0.0373774539255 -1.29765501861 2.09468156961 -2.08835529394 -1.63064524083 0.0
-0.0630991581765 -1.44327066547 2.25902862369 -2.03636870618 -1.6484573998 0.0
-0.0956716089638 -1.59746287104 2.40896790756 -1.98380457969 -1.67101746296 0.0
-0.137510244131 -1.7711719587 2.54739574904 -1.92672814315 -1.70301284879 0.0
-0.191101703751 -1.98215727738 2.67541724377 -1.85674760705 -1.75498594982 0.0
-0.253905874841 -2.26011725551 2.78986949894 -1.75151876655 -1.85440955859 0.0
-0.292419459052 -2.62755894254 2.87201563702 -1.54620283084 -2.07109708686 0.0
-0.241493818144 -2.96441350814 2.88404827425 -1.13556887039 -2.44703127931 0.0
-0.252477097027 -3.20802796962 2.84415151207 -0.517268434041 -2.80935792542 0.0
0.0835660697575 -3.46061910023 2.82986286614 0.216474157848 -3.50676819215 0.0
0.0928146070177 -3.55249873731 2.74647638486 0.509257221311 -3.38066183362 0.0
0.102899467875 -3.65385603362 2.66756619346 0.683728602188 -3.24754307458 0.0
0.119787777921 -3.74730582953 2.57499876138 0.788066657461 -3.15964628848 0.0
0.131351386522 -3.80619473424 2.4716982444 0.845883988637 -3.10938161153 0.0
0.138644006943 -3.83174388511 2.3666206181 0.881022113541 -3.07905171067 0.0
0.143467644587 -3.83567269597 2.26354207293 0.905966780163 -3.05822151538 0.0
0.146859243581 -3.82650409749 2.16329749918 0.925867758353 -3.04233497588 0.0
0.149366711537 -3.80925112546 2.06584059932 0.942936078032 -3.02936801302 0.0
0.151293413828 -3.78683886274 1.970898883 0.958218380807 -3.018340761 0.0
0.152818151368 -3.76102673744 1.87815452652 0.972257463235 -3.00873806728 0.0
0.15405237758 -3.73290770757 1.78729141049 0.985355952395 -3.00027172487 0.0
0.155068855195 -3.70317740728 1.69800360939 0.997690965252 -2.99277515501 0.0
0.155916876333 -3.67228387966 1.60999233364 1.00936763048 -2.98615365883 0.0
0.15663079101 -3.64051391611 1.52295919521 1.02044511501 -2.98036012343 0.0
0.157235004429 -3.60804439417 1.43659793485 1.03094897471 -2.97538361117 0.0
0.157747005033 -3.57497343034 1.35058487181 1.04087569269 -2.97124543506 0.0
0.158179231912 -3.54133935897 1.26456761313 1.05019165426 -2.96800062171 0.0
0.158540213289 -3.50713204296 1.17815116951 1.05882675489 -2.96574453384 0.0
0.158835206018 -3.47229922753 1.09088032895 1.06666109252 -2.96462596222 0.0
0.159066447874 -3.4367499129 1.00221698177 1.07350087477 -2.96486993386 0.0
0.15923305766 -3.40035703146 0.911511547574 1.07903561375 -2.96681667329 0.0
0.159330571569 -3.36296391908 0.817970481855 1.08276074493 -2.97098899837 0.0
0.159350131141 -3.3244060695 0.720633062811 1.08383381155 -2.9782111737 0.0
0.159277673839 -3.28458006301 0.618410789763 1.08080195467 -2.98981922517 0.0
0.159095110235 -3.24364833296 0.510378975378 1.07109908324 -3.00800944192 0.0
0.158791900631 -3.20259698967 0.396917485053 1.05029456076 -3.03623188206 0.0
0.158412234564 -3.16438302313 0.282935890486 1.01208213501 -3.07862113833 0.0
0.158146054886 -3.13422850752 0.181599933154 0.953223374266 -3.13540950037 0.0
0.15825405049 -3.11462501749 0.105323894252 0.882247174317 -3.19767041655 0.0
0.158774896459 -3.10213473446 0.0515296763252 0.811155003062 -3.2564551503 0.0
0.159592299051 -3.09308107351 0.0121487578452 0.744513521859 -3.30965266072 0.0
0.160603255572 -3.08563779537 -0.0182198273292 0.682728647018 -3.35790484744 0.0
0.161741941013 -3.07900333076 -0.0425875510548 0.625240266318 -3.40216044395 0.0
0.16296722648 -3.07281445037 -0.062689586564 0.571408542077 -3.44319638886 0.0
0.164252568043 -3.06689936476 -0.079593771272 0.520688028907 -3.4815978491 0.0
0.165580184125 -3.06117521856 -0.0939988795986 0.472640539107 -3.51780383099 0.0
0.166937774371 -3.05560277784 -0.106386258353 0.426916987559 -3.55214885624 0.0
0.168316609458 -3.05016501961 -0.117101710896 0.383237343706 -3.58489297371 0.0
0.169710371948 -3.04485643091 -0.126402383157 0.341374332046 -3.61624240554 0.0
0.171114424607 -3.03967742241 -0.134485035607 0.301141121901 -3.64636374677 0.0
0.172525332181 -3.0346313194 -0.141503868442 0.262382197602 -3.67539386747 0.0
0.173940539314 -3.02972271003 -0.147582198704 0.224966580956 -3.70344694473 0.0
0.175358148001 -3.02495653363 -0.152820366226 0.188782757418 -3.73061955213 0.0
0.176776760473 -3.02033758353 -0.157301241375 0.153734834504 -3.75699441171 0.0
0.178195366246 -3.0158702465 -0.161094158697 0.119739597387 -3.78264320868 0.0
0.179613259713 -3.01155837877 -0.16425778832 0.0867242242819 -3.80762873768 0.0
0.181029979331 -3.00740526095 -0.166842272593 0.0546244925304 -3.83200656484 0.0
0.182445262364 -3.00341359824 -0.168890843257 0.0233833538366 -3.85582633364 0.0
0.183859011071 -2.99958554574 -0.170441064016 -0.00705020970101 -3.87913280558 0.0
0.18527126746 -2.99592274708 -0.171525798115 -0.036722113689 -3.901966701 0.0
0.186682194581 -2.99242637922 -0.172173970752 -0.0656739319627 -3.92436538786 0.0
0.188092062915 -2.98909719904 -0.172411176084 -0.0939435258566 -3.94636345421 0.0
0.189501240831 -2.98593558963 -0.172260164879 -0.121565569851 -3.96799319105 0.0
0.190910188375 -2.98294160468 -0.171741239256 -0.148571994826 -3.9892850065 0.0
0.192319453885 -2.98011501055 -0.170872574203 -0.174992365455 -4.01026778729 0.0
0.193729673083 -2.97745532566 -0.169670480616 -0.200854204698 -4.03096922063 0.0
0.195141570428 -2.97496185739 -0.168149621083 -0.226183275725 -4.05141608718 0.0
0.19655596265 -2.97263373662 -0.166323186951 -0.251003829583 -4.07163453421 0.0
0.197973764456 -2.97046995021 -0.164203043224 -0.275338825382 -4.09165033705 0.0
0.199395996509 -2.96846937181 -0.161799846348 -0.299210128635 -4.1114891562 0.0
0.200823795892 -2.96663079146 -0.159123138721 -0.322638692529 -4.13117679767 0.0
0.202258429359 -2.96495294424 -0.156181422867 -0.345644726256 -4.15073948393 0.0
0.203701309818 -2.96343453864 -0.152982217417 -0.36824785411 -4.1702041438 0.0
0.205154016659 -2.96207428492 -0.149532096478 -0.390467268764 -4.18959873078 0.0
0.206618320724 -2.96087092416 -0.145836713355 -0.412321882051 -4.20895258092 0.0
0.208096215 -2.95982325834 -0.141900809179 -0.433830476567 -4.22829682417 0.0
0.209589952459 -2.95893018222 -0.137728206502 -0.455011861619 -4.24766486651 0.0
0.211102092959 -2.95819071765 -0.133321787531 -0.475885037413 -4.26709296567 0.0
0.212635561793 -2.95760405093 -0.128683456241 -0.496469371928 -4.28662093011 0.0
0.214193723386 -2.95716957416 -0.123814083179 -0.516784795798 -4.30629298159 0.0
0.21578047502 -2.95688693155 -0.118713431392 -0.536852021662 -4.32615883641 0.0
0.21740036739 -2.95675607149 -0.113380061566 -0.556692796139 -4.34627508235 0.0
0.219058761712 -2.95677730557 -0.107811214282 -0.576330194795 -4.36670696074 0.0
0.220762037523 -2.95695137541 -0.102002667461 -0.595788973589 -4.38753071275 0.0
0.222517872171 -2.95727952768 -0.0959485680797 -0.61509599459 -4.4088367263 0.0
0.22433562396 -2.95776359682 -0.0896412399443 -0.634280749663 -4.43073384357 0.0
0.226226869025 -2.95840609211 -0.0830709756513 -0.653376014063 -4.45335539332 0.0
0.228206172916 -2.95921028027 -0.0762258349416 -0.672418673275 -4.47686786199 0.0
0.230292232906 -2.96018024257 -0.0690915025715 -0.691450782082 -4.50148374073 0.0
0.232509629918 -2.96132085732 -0.0616513274356 -0.710520935654 -4.52748125227 0.0
0.23489163273 -2.96263759577 -0.0538868221621 -0.729686057953 -4.55523597796 0.0
0.237484930694 -2.96413586453 -0.0457792819669 -0.749013736423 -4.5852743405 0.0
0.240358179572 -2.96581922544 -0.0373141647208 -0.768585224211 -4.61837039921 0.0
0.243618877588 -2.96768465865 -0.0284926907798 -0.788499071249 -4.65573749423 0.0
0.247451122731 -2.96970912919 -0.019364460957 -0.808874486042 -4.69945822755 0.0
0.252217514205 -2.97180530135 -0.0101336718659 -0.829848715523 -4.75364830724 0.0
0.25883735742 -2.97362237871 -0.00162920742505 -0.851521277424 -4.82878807616 0.0
0.271652608623 -2.97251462899 -1.73119372797e-05 -0.872698869942 -4.97461936661 0.0
0.252508968096 -2.97324710782 0.00513067028448 -0.86269334121 -4.7525074364 0.0
0.259538784049 -2.97070061889 -0.00133606722331 -0.856390883186 -4.83245716894 0.0
0.273033903235 -2.97477526945 0.00527492161421 -0.860784738815 -4.98621473264 0.0
0.262529318952 -2.93906285561 -0.0437997272571 -0.914115249652 -4.86457615476 0.0
0.263260064847 -2.95893673772 -0.0135918375045 -0.890957342109 -4.87376530562 0.0
0.266361008838 -2.99845863105 0.043161809182 -0.831295745448 -4.90994717776 0.0
0.266193020298 -2.97381613437 0.00364787307716 -0.854638961408 -4.90885219711 0.0
0.269918314701 -2.82624075883 -0.208615481637 -1.09437585834 -4.95235917064 0.0
0.269918126315 -2.83465479269 -0.195696294271 -1.08522470508 -4.95315027212 0.0
0.269919005537 -2.84309710586 -0.182747367492 -1.07594039829 -4.95391408941 0.0
0.269920658122 -2.85159798174 -0.169724613679 -1.06647839826 -4.95464925658 0.0
0.269922727639 -2.86019424243 -0.156574665555 -1.05678297045 -4.95535357491 0.0
0.269924757575 -2.86893182147 -0.143231284422 -1.04678256718 -4.95602357988 0.0
0.269926127062 -2.87786973815 -0.129609846894 -1.03638253451 -4.9566538017 0.0
0.269925935474 -2.88708652269 -0.115598500479 -1.02545301657 -4.95723543231 0.0
0.269922780334 -2.89669120179 -0.101043186376 -1.01380763493 -4.95775375452 0.0
0.269914290703 -2.90684346085 -0.0857204910428 -1.00116286438 -4.95818273515 0.0
0.26989602605 -2.91779424132 -0.0692838990502 -0.987052204084 -4.95847226045 0.0
0.269858418232 -2.92997852686 -0.0511439883359 -0.970616691306 -4.95851268525 0.0
0.269775887343 -2.94427022413 -0.030153080722 -0.949969101619 -4.95800867544 0.0
0.269546833769 -2.96291554322 -0.0035604964441 -0.91938248016 -4.95578387902 0.0
0.268012997059 -2.99374565844 0.033877681432 -0.839806053989 -4.93842435914 0.0
0.267087531805 -2.96380990203 -0.0136456200165 -0.868727897907 -4.92812187215 0.0
0.264493296073 -3.05672668554 0.143300819812 -0.814834520102 -4.89860196427 0.0
0.264454661951 -3.04607412971 0.125517014294 -0.82210579773 -4.89847428847 0.0
0.264424097085 -3.03442840373 0.106070066526 -0.829964399486 -4.89842243233 0.0
0.264406980423 -3.02120038009 0.0839665063558 -0.838749050535 -4.89850890564 0.0
0.264418597885 -3.00508750393 0.0570026262547 -0.849180196602 -4.89890962722 0.0
0.264528728245 -2.98194325109 0.0181168375949 -0.863375347299 -4.90042453542 0.0
0.266744450035 -2.90682691737 -0.111962624092 -0.894076099861 -4.92604177779 0.0
0.26675970787 -2.91987723848 -0.0902188776746 -0.88604889143 -4.9264682586 0.0
0.266763803515 -2.93549655241 -0.0640857908816 -0.876763304421 -4.92675413001 0.0
0.266725174933 -2.9569499747 -0.0279263955897 -0.864876377288 -4.92653662308 0.0
0.266125445726 -3.00761213951 0.059790480761 -0.845346353414 -4.91984939397 0.0
0.265925761687 -2.986149401 0.0241209885885 -0.859830641763 -4.91775526344 0.0
0.265455921711 -2.93229654815 -0.0664041214604 -0.891387974176 -4.91254551557 0.0
0.26559856686 -2.95135505251 -0.035108340657 -0.877572116768 -4.91435727112 0.0
0.265855388506 -2.98649653075 0.0228714740313 -0.852935027451 -4.91747365979 0.0
0.265350511583 -2.93625447231 -0.0589515199651 -0.893210943894 -4.91183473307 0.0
0.265528780201 -2.95681575601 -0.0254489619664 -0.877171939275 -4.91402937185 0.0
0.265941672784 -3.00256579022 0.0491229554658 -0.841259006171 -4.91891355001 0.0
0.265707076656 -2.97822743456 0.00931576095891 -0.860185003511 -4.91635813373 0.0
0.26452785785 -2.85398596117 -0.193515406171 -0.957296400477 -4.90294285249 0.0
0.264603027613 -2.86298509595 -0.178863964988 -0.95031884508 -4.9039152756 0.0
0.264680920245 -2.8722466609 -0.163782306794 -0.943134521614 -4.90491469082 0.0
0.264762440276 -2.8818701171 -0.148108168506 -0.935665881921 -4.90595168831 0.0
0.264848894363 -2.89199844867 -0.13160824851 -0.927801354558 -4.90704147931 0.0
0.264942293205 -2.90285081992 -0.113924911812 -0.919369798499 -4.90820736788 0.0
0.265046013715 -2.91479414916 -0.0944593919266 -0.910084482688 -4.90948836388 0.0
0.265166518471 -2.92852877401 -0.0720688381009 -0.899397653751 -4.91095894699 0.0
0.265319212439 -2.94571991235 -0.044036096391 -0.886005297145 -4.91279637169 0.0
0.265562676631 -2.97267759356 -6.78188510039e-05 -0.86495334188 -4.9156739885 0.0
0.396225453481 -8.66403715104 7.75469597711 9.86991490788 -6.41662883751 0.0
0.37098326466 -8.76503368163 7.82572542183 9.84724760817 -6.38889046677 0.0
0.36077596937 -8.85526346289 7.88089766653 9.8273975479 -6.36810518278 0.0
0.355058248706 -8.93742360386 7.92230420704 9.80974622281 -6.35078157155 0.0
0.351350898425 -9.01237719727 7.95175512083 9.79401148666 -6.33593245213 0.0
0.348732865615 -9.08056782234 7.97078340314 9.78004964799 -6.32310443976 0.0
0.346778027308 -9.14230771291 7.98072492983 9.76778350384 -6.31204733805 0.0
0.345260649309 -9.19787865201 7.98276897995 9.75716443476 -6.3026050907 0.0
0.344049338452 -9.2475731643 7.97798578643 9.74815096465 -6.29466740108 0.0
0.343061984197 -9.29170895264 7.96734071334 9.74069732332 -6.28814547726 0.0
0.342244272966 -9.33062952703 7.9517017531 9.73474849159 -6.2829596807 0.0
0.341558537918 -9.36469785643 7.93184443419 9.73023933206 -6.27903368397 0.0
0.340977587064 -9.39428718235 7.90845635606 9.72709605494 -6.27629225482 0.0
0.340481107872 -9.41977152157 7.88214232638 9.72523877205 -6.27466096377 0.0
0.340053481698 -9.44151727298 7.85343032722 9.72458431494 -6.2740667855 0.0
0.339682404516 -9.4598765724 7.82277814812 9.72504883253 -6.27443899217 0.0
0.339357985884 -9.47518253915 7.79058037308 9.72654993201 -6.27571001377 0.0
0.339072140771 -9.48774626908 7.75717539621 9.72900829107 -6.27781611665 0.0
0.338818166074 -9.49785529116 7.7228521971 9.73234876636 -6.28069785444 0.0
0.338590437035 -9.5057731642 7.68785668498 9.73650106981 -6.28430030173 0.0
0.338384183719 -9.51173990702 7.65239749712 9.74140010096 -6.28857310595 0.0
0.33819532251 -9.51597299835 7.61665119898 9.7469860208 -6.29347040018 0.0
0.338020326451 -9.51866873491 7.58076687989 9.75320414199 -6.29895061814 0.0
0.337856123735 -9.52000378649 7.54487016846 9.76000469616 -6.30497624587 0.0
0.337700017077 -9.52013683048 7.50906671037 9.76734252533 -6.31151353792 0.0
0.337549618913 -9.51921018409 7.47344516042 9.77517673215 -6.31853221847 0.0
0.337402798798 -9.51735138026 7.43807974362 9.78347031384 -6.32600518206 0.0
0.337257640349 -9.51467465353 7.40303243906 9.79218979686 -6.33390820397 0.0
0.337112405776 -9.51128231747 7.36835483681 9.80130488358 -6.34221966646 0.0
0.336965506466 -9.50726602547 7.33408971356 9.81078811764 -6.35092030468 0.0
0.336815478457 -9.50270791364 7.30027236747 9.8206145721 -6.35999297404 0.0
0.3366609619 -9.49768162952 7.26693174756 9.83076156203 -6.36942243976 0.0
0.336500683753 -9.49225325256 7.23409140844 9.84120838182 -6.37919518832 0.0
0.336333443122 -9.48648211428 7.20177031652 9.85193606695 -6.38929926031 0.0
0.336158098773 -9.48042152655 7.16998353008 9.86292717883 -6.39972410359 0.0
0.335973558407 -9.47411942643 7.13874277231 9.87416561161 -6.4104604461 0.0
0.335778769352 -9.46761894602 7.10805691337 9.8856364194 -6.42150018704 0.0
0.335572710405 -9.46095891515 7.07793237514 9.8973256623 -6.43283630593 0.0
0.335354384544 -9.45417430433 7.04837347024 9.90922026998 -6.44446278859 0.0
0.335122812314 -9.44729661451 7.01938268509 9.92130792122 -6.45637456976 0.0
0.33487702565 -9.44035422003 6.99096091546 9.93357693821 -6.46856749189 0.0
0.334616061969 -9.43337267008 6.96310766142 9.94601619436 -6.48103828007 0.0
0.334338958334 -9.42637495389 6.93582118807 9.95861503444 -6.4937845333 0.0
0.334044745489 -9.41938173392 6.90909865712 9.97136320588 -6.50680473225 0.0
0.333732441603 -9.41241155134 6.88293623393 9.98425080011 -6.52009826432 0.0
0.333401045491 -9.40548100721 6.85732917411 9.99726820271 -6.53366546674 0.0
0.333049529115 -9.39860492288 6.83227189306 10.0104060512 -6.54750768891 0.0
0.332676829122 -9.39179648224 6.80775802169 10.0236551989 -6.56162737548 0.0
0.332281837153 -9.38506735886 6.78378045111 10.0370066836 -6.5760281722 0.0
0.331863388612 -9.37842783002 6.76033136888 10.0504516983 -6.5907150567 0.0
0.331420249558 -9.37188688013 6.73740228917 10.063981563 -6.60569449758 0.0
0.330951101295 -9.36545229535 6.71498407917 10.077587694 -6.62097464524 0.0
0.330454522175 -9.35913075123 6.69306698395 10.0912615671 -6.63656555934 0.0
0.329928966012 -9.3529278952 6.67164065211 10.1049946711 -6.65247947875 0.0
0.329372736393 -9.34684842536 6.65069416475 10.1187784462 -6.66873114107 0.0
0.328783955997 -9.34089616742 6.63021607066 10.1326041986 -6.68533816118 0.0
0.328160529813 -9.33507415129 6.61019443132 10.1464629853 -6.70232147976 0.0
0.327500100892 -9.32938468928 6.59061688032 10.160345453 -6.71970589619 0.0
0.326799996919 -9.32382945816 6.57147070354 10.1742416181 -6.73752070317 0.0
0.326057165448 -9.31840958779 6.55274294856 10.1881405633 -6.75580044446 0.0
0.32526809512 -9.31312575985 6.53442057565 10.2020300208 -6.77458582204 0.0
0.324428719509 -9.30797832165 6.51649066782 10.2158957999 -6.7939247838 0.0
0.323534299499 -9.30296742152 6.49894072522 10.2297210005 -6.81387382797 0.0
0.322579279225 -9.29809317519 6.48175908091 10.2434849283 -6.83449956435 0.0
0.321557109877 -9.29335587619 6.46493549148 10.2571615981 -6.85588057164 0.0
0.3204600352 -9.28875626859 6.44846198077 10.2707176623 -6.87810958151 0.0
0.319278833115 -9.28429590763 6.43233404948 10.2841095423 -6.90129599149 0.0
0.318002510653 -9.27997764263 6.41655241081 10.2972794612 -6.92556864564 0.0
0.316617956756 -9.27580626724 6.40112547337 10.3101499885 -6.95107869187 0.0
0.315109573498 -9.2717893899 6.38607285824 10.3226166341 -6.97800208171 0.0
0.313458937389 -9.26793857515 6.37143028041 10.3345380529 -7.00654085694 0.0
0.311644596578 -9.26427077216 6.35725606642 10.3457236965 -7.03692170953 0.0
0.309642190224 -9.26080994194 6.34363925088 10.3559196248 -7.06938946382 0.0
0.30742516127 -9.25758855547 6.33070829092 10.3647951667 -7.10419255827 0.0
0.304966328419 -9.25464821319 6.31863761111 10.3719365816 -7.14155869364 0.0
0.302240254236 -9.2520381318 6.3076465685 10.3768579449 -7.18166442926 0.0
0.29922534866 -9.24981018099 6.29798388011 10.3790397112 -7.22461592402 0.0
0.29590288627 -9.24801056382 6.2898946769 10.3779931187 -7.27047773414 0.0
0.292248319676 -9.24667165933 6.28358106574 10.3733191231 -7.31940091564 0.0
0.288209042158 -9.245811145 6.27918452815 10.364698562 -7.37190560306 0.0
0.283657251272 -9.24544680199 6.27682629839 10.351734455 -7.42943281159 0.0
0.278270799476 -9.24564230365 6.27675843457 10.3334984899 -7.49570035081 0.0
0.271058547199 -9.2466785616 6.27989140876 10.3070104126 -7.5821219124 0.0
0.255400029779 -9.25104271206 6.29238965965 10.2565305847 -7.76468521653 0.0
0.264012730289 -9.24894556686 6.27945105233 10.2970534451 -7.66750403162 0.0
0.294006737946 -9.27279073867 6.40948127361 9.97321640155 -7.32439248253 0.0
0.292799587682 -9.27276427415 6.40343710486 9.9945215228 -7.33864977238 0.0
0.291570178542 -9.27259409551 6.397077585 10.0159757468 -7.3531716997 0.0
0.290310393713 -9.27227027688 6.39036062866 10.0376700088 -7.36805319328 0.0
0.289009737778 -9.27177922902 6.38323063432 10.0597182271 -7.38341703122 0.0
0.287654170035 -9.27110207395 6.37561257128 10.0822674648 -7.39942747343 0.0
0.286224123535 -9.27021197791 6.36740227825 10.105514442 -7.41631339442 0.0
0.284690909876 -9.26906950325 6.35844958045 10.1297339409 -7.43441023876 0.0
0.283009608778 -9.26761386426 6.34852661376 10.1553313263 -7.45424293786 0.0
0.281103282567 -9.2657447344 6.33726219507 10.1829491612 -7.47670983533 0.0
0.278821653172 -9.26327875387 6.32398594343 10.2137124639 -7.50356368338 0.0
0.275801179693 -9.25982217648 6.30727705088 10.2498964534 -7.53903828482 0.0
0.27070368679 -9.25426868503 6.28323782595 10.2970139374 -7.59868363766 0.0
0.249140760593 -9.25174124094 6.27405328989 10.2792153229 -7.84866047396 0.0
0.25492780152 -9.25830936517 6.28560031283 10.281997223 -7.78292521037 0.0
0.263512363262 -9.25303518741 6.27818391425 10.277841755 -7.68542514027 0.0
0.277600236519 -9.33718642394 6.40732012812 10.3940741566 -7.52394356796 0.0
0.277340612037 -9.32634238708 6.38990753978 10.3842689842 -7.52614920612 0.0
0.277019514521 -9.3145332281 6.37094827904 10.373390409 -7.52912896542 0.0
0.276589074707 -9.30120821089 6.3495692215 10.3607874678 -7.53344630015 0.0
0.275924789916 -9.28521790041 6.32395938269 10.3450049845 -7.54056858475 0.0
0.274530081969 -9.26347820191 6.28933542851 10.3215080514 -7.55634431352 0.0
0.266705795523 -9.23430873789 6.2456108654 10.2669018765 -7.64767413857 0.0
0.266354888499 -9.26416807034 6.29393975005 10.2924709806 -7.65111239218 0.0
0.267061513235 -9.14703219804 6.09887512082 10.2175692804 -7.64243094722 0.0
0.266945631043 -9.15625655877 6.11420292245 10.2242350262 -7.64321674059 0.0
0.266829666626 -9.16585473292 6.13014607122 10.2311402452 -7.64403268399 0.0
0.266712507257 -9.17597214542 6.14694668545 10.23838054 -7.64488999446 0.0
0.266592541845 -9.18683228628 6.16497699135 10.2461012995 -7.64580571346 0.0
0.266467201618 -9.19881047617 6.18486260217 10.2545434665 -7.64680798189 0.0
0.266331800005 -9.2126261106 6.20780439431 10.264160396 -7.64794936991 0.0
0.266175755508 -9.23000159754 6.23668502602 10.2760051529 -7.64935027969 0.0
0.265962747556 -9.25756988355 6.28267253489 10.2938567716 -7.65142694599 0.0
0.28326213381 -8.97910106856 6.07329136235 9.08049776358 -7.45234470164 0.0
0.282772764729 -8.99212805533 6.09207808747 9.10835836472 -7.45693581094 0.0
0.282290976692 -9.00473007875 6.10998917958 9.1358805759 -7.46154154002 0.0
0.281816703562 -9.01692342913 6.12706526398 9.16307021354 -7.46615410837 0.0
0.281349840796 -9.02872331837 6.14334421122 9.18993434532 -7.47076682153 0.0
0.280890252157 -9.04014396809 6.15886128812 9.21648110947 -7.4753739562 0.0
0.280437775359 -9.05119868787 6.17364930487 9.24271956574 -7.47997065721 0.0
0.279992226785 -9.06189994457 6.18773875583 9.2686595742 -7.48455284567 0.0
0.279553405384 -9.07225942355 6.20115795213 9.29431169855 -7.48911713741 0.0
0.279121095866 -9.08228808246 6.21393314501 9.31968713138 -7.49366077098 0.0
0.278695071278 -9.09199619838 6.22608863903 9.3447976388 -7.49818154433 0.0
0.278275095043 -9.10139340866 6.23764689468 9.36965552281 -7.50267775945 0.0
0.277860922529 -9.11048874624 6.24862861999 9.39427359988 -7.50714817424 0.0
0.277452302209 -9.11929066955 6.25905285097 9.41866519482 -7.51159196111 0.0
0.277048976438 -9.12780708751 6.26893702067 9.44284414935 -7.51600867159 0.0
0.27665068191 -9.1360453797 6.27829701641 9.46682484527 -7.52039820671 0.0
0.276257149793 -9.14401241203 6.28714722507 9.49062224262 -7.52476079268 0.0
0.275868105569 -9.15171454767 6.29550056568 9.51425193372 -7.52909696161 0.0
0.275483268588 -9.15915765346 6.30336850867 9.53773021445 -7.53340753726 0.0
0.275102351316 -9.1663471014 6.31076108061 9.5610741751 -7.53769362558 0.0
0.274725058269 -9.17328776492 6.31768685306 9.58430181374 -7.5419566104 0.0
0.274351084604 -9.1799840096 6.32415291336 9.6074321762 -7.54619815435 0.0
0.273980114307 -9.18643967722 6.33016481478 9.63048552838 -7.55042020551 0.0
0.273611817917 -9.19265806261 6.33572650217 9.65348356811 -7.55462501063 0.0
0.273245849683 -9.19864188144 6.3408402083 9.67644968663 -7.55881513581 0.0
0.272881844028 -9.20439322733 6.34550631398 9.69940929316 -7.56299349616 0.0
0.272519411118 -9.20991351558 6.34972316294 9.72239022053 -7.56716339652 0.0
0.272158131298 -9.21520340982 6.35348681857 9.74542323732 -7.57132858608 0.0
0.271797548029 -9.22026272662 6.35679074498 9.76854270116 -7.57549333093 0.0
0.271437158822 -9.2250903108 6.35962538706 9.79178740306 -7.57966251026 0.0
0.271076403447 -9.22968387122 6.36197761336 9.81520167411 -7.58384174436 0.0
0.270714648372 -9.2340397616 6.36382996823 9.83883686026 -7.58803756668 0.0
0.270351165847 -9.23815268354 6.36515965232 9.86275332436 -7.5922576576 0.0
0.269985105226 -9.24201527611 6.36593710645 9.88702322241 -7.59651116779 0.0
0.269615452747 -9.24561753488 6.36612399829 9.91173444888 -7.60080917442 0.0
0.269240973579 -9.24894596608 6.36567027989 9.93699640639 -7.60516534104 0.0
0.268860125674 -9.25198231199 6.36450974095 9.96294873235 -7.60959690112 0.0
0.268470926864 -9.25470154947 6.36255301131 9.98977504384 -7.61412617796 0.0
0.268070740364 -9.25706858338 6.35967598666 10.0177256841 -7.6187830402 0.0
0.267655908802 -9.25903242432 6.35569944694 10.047157772 -7.62360909387 0.0
0.267221084115 -9.2605150574 6.3503501366 10.0786115864 -7.62866536022 0.0
0.266757881887 -9.26138766449 6.34317787859 10.1129727729 -7.6340476956 0.0
0.266251817553 -9.26141110416 6.33334930372 10.1518737405 -7.63992189769 0.0
0.265673980405 -9.26004476241 6.31899270326 10.1989544877 -7.64661909443 0.0
0.264952858084 -9.25546463033 6.29391344644 10.2660233209 -7.6549584004 0.0
0.264969413304 -9.21747865404 6.16784526889 10.5003139987 -7.6548287199 0.0
0.265243952513 -9.22471070129 6.18710769253 10.4741508544 -7.65174507018 0.0
0.265540010373 -9.23193787811 6.20736374316 10.4439094712 -7.64840535006 0.0
0.265862343886 -9.2392614041 6.22937301434 10.4072102484 -7.64475447768 0.0
0.266209629271 -9.24692805476 6.255024791 10.3580780184 -7.64080692067 0.0
0.266437644496 -9.25578938919 6.29211726608 10.2703795675 -7.63822091893 0.0
0.257275538428 -9.22681455868 6.17835653116 10.5094847753 -7.74371682733 0.0
0.25799010021 -9.23119065993 6.19303109518 10.4814509103 -7.7356993841 0.0
0.258805101803 -9.23565739873 6.20856794492 10.4507083813 -7.72652395235 0.0
0.259779528852 -9.24034609644 6.22558404358 10.4157627759 -7.71551685678 0.0
0.261049662696 -9.2455354759 6.24541110685 10.3733648864 -7.70112057249 0.0
0.263081068175 -9.2520637285 6.2721105067 10.3135797672 -7.67801156302 0.0
0.272138023906 -9.26675390526 6.34066107651 10.1506606656 -7.57450994799 0.0
0.270767483667 -9.26434057208 6.32618543165 10.189959113 -7.59038268374 0.0
0.268895760082 -9.26032889569 6.30587550463 10.2406087628 -7.61204524582 0.0
0.264917389764 -9.25072231562 6.26511966088 10.3306767883 -7.65801267065 0.0
0.267132532353 -9.26603488836 6.32567235894 10.1977961733 -7.63253744366 0.0
0.266032725318 -9.25750341981 6.29546509359 10.2567456679 -7.64512129487 0.0
0.263037063039 -9.25051316895 6.23857106901 10.4355291934 -7.67948736477 0.0
0.263775966245 -9.24875997141 6.2462900083 10.390693091 -7.67099864904 0.0
0.264807424191 -9.25034330558 6.26395438839 10.3303316228 -7.65914360079 0.0
0.267105090417 -9.26988143151 6.33082833568 10.203389003 -7.63273361725 0.0
0.26606940227 -9.25598590389 6.29236867649 10.2561490626 -7.64458513161 0.0
0.26301018159 -9.26908007434 6.27165425224 10.436762755 -7.67969278472 0.0
0.263593786958 -9.25924944142 6.26279311878 10.3994484717 -7.67298229708 0.0
0.264486811484 -9.25032312016 6.2598309819 10.3450270744 -7.66272073791 0.0
0.266322750602 -9.25947456124 6.30132321331 10.2442899005 -7.6416268686 0.0
0.264021723272 -9.25083718006 6.25441487059 10.3702973482 -7.66803149788 0.0
0.265342458206 -9.25198299815 6.27482965629 10.2957580828 -7.6528622067 0.0
0.268551248822 -9.43586977901 6.63322513647 10.2035428138 -7.61595904804 0.0
0.268523166161 -9.42686041237 6.61714545851 10.2020034236 -7.61619017247 0.0
0.268491829354 -9.41784851153 6.60101976292 10.2006223334 -7.61646378459 0.0
0.26845685597 -9.40880991384 6.58480145671 10.1994102879 -7.61678410452 0.0
0.268417759288 -9.39971633764 6.56843548966 10.1983817366 -7.61715656645 0.0
0.268373910875 -9.39053404983 6.55185558086 10.1975562128 -7.61758825095 0.0
0.268324484615 -9.38122195992 6.53498022229 10.1969604219 -7.61808853175 0.0
0.268268370027 -9.37172881171 6.51770674022 10.1966315209 -7.61867007709 0.0
0.268204032394 -9.36198889863 6.49990214432 10.1966224818 -7.61935046503 0.0
0.268129275573 -9.35191524993 6.48138840084 10.197011329 -7.62015492243 0.0
0.268040814194 -9.34138823874 6.46191744203 10.1979180701 -7.62112126338 0.0
0.267933439514 -9.3302353242 6.44112586088 10.199538307 -7.622309516 0.0
0.267798217904 -9.31819213394 6.41844552924 10.2022172901 -7.6238227069 0.0
0.267618014814 -9.30482000396 6.39290645292 10.206638197 -7.6258584835 0.0
0.267353843269 -9.2893090007 6.36263102228 10.2144125877 -7.62886649181 0.0
0.266886849613 -9.26996740568 6.32325730647 10.2306849715 -7.63421682635 0.0
0.265561384739 -9.24527893738 6.26443536827 10.2860740176 -7.6494605032 0.0
0.265038589872 -9.31507527015 6.38191317376 10.3257285192 -7.65544835058 0.0
0.265144600622 -9.30131878047 6.35918710657 10.3160584821 -7.6542194331 0.0
0.265273808946 -9.28411832251 6.33072458837 10.3041777827 -7.6527232516 0.0
0.265463988779 -9.25730096747 6.28616783565 10.2864267287 -7.65052565649 0.0
0.258620703888 -8.77685425886 5.2991641188 10.7386195758 -7.729122533 0.0
0.258718788934 -8.79211538773 5.32697761624 10.7375084544 -7.72813297424 0.0
0.258815316396 -8.80701302573 5.35422009359 10.7362066194 -7.72714603235 0.0
0.25891053891 -8.82156112191 5.38091151161 10.734716501 -7.72616036694 0.0
0.25900468923 -8.83577300911 5.40707129151 10.7330401729 -7.72517469094 0.0
0.259097983158 -8.84966145745 5.43271836103 10.7311793372 -7.72418775929 0.0
0.259190622146 -8.86323872276 5.45787119872 10.7291353083 -7.72319835819 0.0
0.259282795622 -8.87651659077 5.48254787693 10.7269089942 -7.72220529479 0.0
0.259374683088 -8.88950641753 5.50676610379 10.7245008739 -7.72120738722 0.0
0.259466456045 -8.90221916678 5.53054326476 10.7219109726 -7.72020345463 0.0
0.259558279781 -8.91466544452 5.55389646389 10.7191388324 -7.71919230726 0.0
0.25965031505 -8.92685553142 5.57684256554 10.7161834775 -7.71817273618 0.0
0.25974271969 -8.93879941325 5.59939823668 10.7130433754 -7.71714350279 0.0
0.259835650197 -8.95050680975 5.62157999046 10.7097163905 -7.71610332756 0.0
0.259929263301 -8.96198720227 5.64340423147 10.7061997305 -7.71505087807 0.0
0.260023717555 -8.97324986035 5.66488730331 10.7024898837 -7.713984756 0.0
