-0.536591288289 -0.0966760988412 0.109303719302
-0.460529351708 -0.0872169220057 0.112760804145
-0.389202529839 -0.0785135904522 0.115511189723
-0.322214143107 -0.0705886548589 0.117301504893
-0.259409882947 -0.0634637615958 0.117742137835
-0.200940372382 -0.0570621688236 0.116234998715
-0.147404768688 -0.0508175112525 0.112246165251
-0.0989713264759 -0.0430214682193 0.108323906203
-0.0526230539355 -0.0343234257986 0.113141085023
-0.00612426187698 -0.0307566739091 0.119453373935
0.0244881520546 -0.0303017036996 0.112210929221
0.0742148182607 -0.0223643245252 0.117385775448
0.119762876138 -0.0150403741108 0.119961107313
0.162441217399 -0.00745489548897 0.121230126631
0.202431660467 -0.000332372652154 0.123279622092
0.239881411831 0.00625035878813 0.126550836258
0.275101558601 0.0123734875669 0.13059840008
0.308343873744 0.0181094213692 0.135034435707
0.339788711451 0.0235073821285 0.139624743341
0.369572401391 0.0286016866314 0.144233967852
0.397805390131 0.0334179909266 0.148783101602
0.424581960683 0.0379767415309 0.153225469307
0.449985430545 0.0422950457474 0.157533529366
0.474091055315 0.0463877203803 0.161691432792
0.49696773872 0.0502679067016 0.165690670183
0.51867909138 0.0539474468948 0.169527426568
0.539284113282 0.0574371226667 0.173200913139
0.558837644688 0.0607468095269 0.176712273987
0.577390666046 0.0638855757673 0.180063836516
0.594990499752 0.0668617419926 0.183258563906
0.611680969354 0.0696829101725 0.186299612929
0.627502624945 0.0723559696465 0.189189916061
0.642493323652 0.0748870957335 0.191931692628
0.656690000965 0.0772817928191 0.19452572698
0.670134101441 0.0795451586488 0.196970048093
0.682887720845 0.0816829367145 0.199257041339
0.695076470823 0.0837048598042 0.201366573141
0.706957942774 0.0856316587773 0.203254555501
0.718810089192 0.08749398966 0.204878302954
0.730450976812 0.0893011488043 0.206322982681
0.741495866749 0.0910383733434 0.207740786993
0.751855349763 0.0926972693821 0.209182985666
0.761577318365 0.094277310359 0.210643482383
0.770723805445 0.0957807783856 0.212106412009
0.779347784185 0.0972107881203 0.213557924217
0.787492648285 0.0985706585015 0.214987622157
0.7951945376 0.0998636978972 0.216388038385
0.802484313197 0.101093123931 0.21775392733
0.809388928646 0.102262032496 0.219081689496
0.815932354109 0.103373386713 0.220368945038
0.822136206468 0.10443001467 0.221614223878
0.828020189727 0.105434611264 0.222816739732
0.833602411685 0.106389742013 0.223976223523
0.838899618267 0.107297847803 0.225092799001
0.843927371775 0.108161250038 0.226166888683
0.848700190023 0.108982155924 0.227199141903
0.853231657552 0.109762663718 0.228190379208
0.857534516468 0.110504767863 0.229141548997
0.861620742088 0.11121036396 0.23005369347
0.865501607019 0.111881253556 0.230927921723
0.869187736287 0.112519148729 0.231765388397
0.87268915538 0.113125676475 0.23256727667
0.876015332614 0.113702382888 0.233334784706
0.879175216856 0.114250737142 0.234069114837
0.882177271415 0.114772135285 0.23477146495
0.885029504697 0.115267903837 0.235443021654
0.887739498122 0.115739303217 0.236084954886
0.890314431669 0.11618753099 0.236698413704
0.892761107365 0.11661372495 0.237284523032
0.895085970968 0.117018966047 0.237844381215
0.897295132022 0.117404281149 0.238379058223
0.899394382487 0.117770645669 0.238889594407
0.901389214049 0.118118986036 0.239376999711
0.903284834238 0.118450182039 0.239842253281
0.90508618145 0.118765069023 0.240286303396
0.906797938941 0.11906443996 0.240710067706
0.90842454785 0.119349047381 0.241114433725
0.909970219311 0.119619605174 0.241500259581
0.911438945657 0.119876790247 0.241868375012
0.91283451073 0.120121244041 0.242219582637
0.914160499289 0.120353573886 0.242554659526
0.915420305433 0.120574354186 0.242874359152
0.916617139968 0.120784127397 0.243179413835
0.917754036523 0.120983404767 0.243470537852
0.91883385614 0.121172666774 0.243748431508
0.919859289885 0.121352363173 0.244013786626
0.92083285873 0.121522912521 0.244267294195
0.92175690947 0.121684700969 0.244509655427
0.922633604542 0.121838079993 0.244741598402
0.923464901957 0.121983362541 0.24496390419
0.924252518197 0.122120816687 0.24517744988
0.924997859926 0.122250655285 0.245383283408
0.925701894058 0.122373018825 0.245582762393
0.926364884439 0.122487946277 0.245777833262
0.926985803724 0.122595323729 0.245971654226
0.92756081604 0.122694791083 0.246170201577
0.928078387892 0.122785582335 0.246387415993
0.928496128543 0.122866557796 0.246669202443
0.928466271693 0.122951471152 0.247366651141
0.927654905528 0.123053171358 0.248771984235
0.928088434674 0.123121487058 0.248954087011
0.928005398606 0.123194646273 0.249573406657
0.927534976281 0.123129414398 0.249722141434
0.927986597641 0.123177686091 0.249662630295
0.92780319534 0.123065861015 0.249511338119
0.928162512795 0.123094160966 0.24944432147
0.918200100922 0.120287764717 0.248058897833
0.919261222836 0.120515395139 0.248107066777
0.920268928235 0.120731545033 0.248152764999
0.921225666122 0.120936726598 0.248196084159
0.922133705416 0.121131410466 0.248237102997
0.922995117212 0.121316020355 0.248275884077
0.923811741072 0.121490923305 0.248312468248
0.92458512166 0.121656411708 0.248346864835
0.9253163859 0.121812668852 0.248379033242
0.926005989197 0.121959698168 0.248408845672
0.926653136188 0.122097162247 0.248436003111
0.927254246366 0.122223957314 0.248459815309
0.927797834205 0.122336796316 0.248478478775
0.928239007716 0.122423183719 0.248485623236
0.928197779035 0.122381125474 0.248440523694
0.928413457449 0.122409977526 0.248402942128
0.92567043281 0.121645227439 0.247917403276
0.92634231641 0.121800860679 0.247968643033
0.92697200433 0.121946391917 0.248015838152
0.92755494771 0.122080526388 0.248058039273
0.928076017473 0.12219911315 0.248092487341
0.928464889988 0.122283085338 0.248107031154
0.926908635536 0.121842600588 0.247818396849
0.927498258634 0.121982735392 0.247870499347
0.928030371717 0.122108194658 0.247914952039
0.928453977221 0.122204978335 0.24794258022
0.928070197361 0.122082754486 0.247835342948
0.928486583267 0.12217946886 0.247866267592
0.927945333316 0.122016766061 0.247727217936
0.928406013453 0.122127404726 0.247770237473
0.92850364402 0.122140005938 0.247749839096
0.928071539432 0.122009311732 0.247635631355
0.928500762666 0.122113529243 0.247678905153
0.928245754573 0.122032223956 0.247600379143
0.928598158599 0.122116480897 0.247632676389
0.923042738642 0.12060211596 0.246612627367
0.923858873382 0.120813488984 0.246731382108
0.924632271346 0.121013767109 0.246843853896
0.925364262776 0.12120328681 0.246950212907
0.926055676701 0.121382249858 0.247050543074
0.926706475367 0.121550624096 0.247144776435
0.92731485415 0.12170789913 0.247232531659
0.927874557376 0.121852357638 0.247312632409
0.928363865034 0.121978084247 0.247381129294
0.928657627339 0.122051055213 0.24741546844
0.1656713222 -0.137803979615 0.78118429467
0.20324361535 -0.126245523056 0.752767023189
0.238932208187 -0.114532812237 0.726156495085
0.272949569147 -0.103156287586 0.701080105197
0.30539893369 -0.0922104404799 0.677391827231
0.336356086498 -0.0817178592709 0.654984403665
0.365884294973 -0.0716796658721 0.633771246388
0.394039981094 -0.0620888121625 0.61367917076
0.420875741203 -0.0529345295333 0.594644342827
0.44644212927 -0.044204062982 0.576609626319
0.470788667345 -0.0358834585744 0.559522747978
0.49396432661 -0.0279579996398 0.543335035888
0.516017656043 -0.0204125046819 0.528000584978
0.536996698202 -0.0132315616905 0.513475737015
0.556948797219 -0.00639972258666 0.499718780632
0.575920371568 9.83357284616e-05 0.486689794464
0.593956696414 0.00627768161677 0.474350574722
0.611101719321 0.0121530281557 0.462664605807
0.627397918667 0.0177386587829 0.451597047068
0.642886205291 0.0230483754177 0.441114719939
0.657605863193 0.0280954651208 0.431186087443
0.671594523041 0.0328926815361 0.421781223102
0.684888161903 0.0374522377695 0.4128717692
0.697521123042 0.041785807882 0.404430885886
0.70952615051 0.0459045346948 0.39643319323
0.720934434196 0.0498190420872 0.388854708421
0.731775661916 0.0535394503747 0.381672780087
0.742078075879 0.0570753936973 0.374866021453
0.751868531565 0.060436038614 0.368414243636
0.76117255751 0.0636301033114 0.36229839013
0.770014414953 0.0666658769946 0.356500473179
0.778417156565 0.069551239153 0.35100351258
0.786402683756 0.0722936784837 0.345791477189
0.793991802182 0.0749003113241 0.340849229352
0.80120427526 0.077377899496 0.336162472294
0.808058875542 0.0797328675016 0.331717700489
0.814573433892 0.0819713190356 0.327502152931
0.820764886469 0.0840990528017 0.323503769223
0.826649319522 0.0861215776323 0.31971114835
0.832242012051 0.0880441269205 0.316113510018
0.837557476408 0.0898716723821 0.312700658405
0.842609496888 0.0916089371683 0.309462948187
0.847411166405 0.0932604083528 0.3063912527
0.85197492134 0.0948303488198 0.303476934095
0.856312574617 0.0963228085797 0.30071181536
0.86043534712 0.0977416355394 0.298088154082
0.864353897509 0.0990904857554 0.295598617835
0.868078350515 0.100372833196 0.293236261066
0.871618323801 0.101591979041 0.290994503397
0.874982953444 0.102751060542 0.288867109221
0.878180918108 0.103853059476 0.28684816851
0.881220461991 0.104900810211 0.284932078731
0.884109416575 0.105897007424 0.283113527807
0.886855221273 0.106844213475 0.281387478002
0.889464942997 0.107744865502 0.279749150684
0.891945294736 0.10860128224 0.278194011848
0.894302653162 0.109415670609 0.276717758342
0.896543075356 0.110190132126 0.275316304682
0.898672314683 0.110926669168 0.273985770364
0.900695835904 0.11162719117 0.272722467567
0.902618829578 0.112293520811 0.271522889102
0.904446225873 0.112927400293 0.270383696441
0.906182707885 0.113530497818 0.269301707642
0.907832724639 0.11410441441 0.26827388488
0.909400504012 0.114650691249 0.267297321264
0.910890065899 0.115170817701 0.266369226477
0.912305236108 0.11566624024 0.265486910672
0.913649661638 0.116138372365 0.264647765906
0.914926828223 0.116588605409 0.263849244311
0.916140081163 0.117018319533 0.263088832265
0.917292650256 0.11742889302 0.262364020402
0.918387678459 0.117821705623 0.261672270866
0.919428250444 0.118198127843 0.261010986748
0.920417409419 0.118559482969 0.260377494787
0.921358137299 0.118906966232 0.259769059527
0.922253258803 0.119241515632 0.259182945919
0.923105232115 0.119563667437 0.258616514406
0.92391583161 0.119873494294 0.258067240202
0.924685787602 0.12017075782 0.257532403289
0.925414376105 0.120455330678 0.257008023202
0.926098473881 0.120727834009 0.256486105576
0.926728796373 0.120990671686 0.255946234621
0.927268623919 0.121251510364 0.25531352147
0.927282503292 0.121547223865 0.253752397712
0.927694225213 0.121709448335 0.253161412075
0.91944255012 0.120644196183 0.249439240359
0.920439214531 0.120855572378 0.249422259194
0.921385456485 0.121056331938 0.24940531746
0.922283487247 0.121246954251 0.249388359681
0.923135311111 0.121427880892 0.249371292555
0.923942684278 0.121599510642 0.249353965735
0.924707037251 0.121762190071 0.24933613586
0.925429322324 0.121916195543 0.249317394334
0.926109691099 0.122061697227 0.249297007532
0.926746732354 0.122198681651 0.249273512114
0.927335344878 0.122326768014 0.249243466006
0.927859018981 0.122444741468 0.249196151304
0.92824498415 0.122550476289 0.249071843711
0.927712551286 0.122799821859 0.246841038787
0.92823485687 0.122892611217 0.246798737386
0.928637534481 0.122990605704 0.24658224192
0.925826101882 0.122369594143 0.244947345471
0.926488582241 0.122487832105 0.245145584712
0.927109055405 0.122597667521 0.245331859735
0.927682967524 0.122697691103 0.245505077824
0.928195992121 0.122783924233 0.245661243772
0.928591017228 0.122842021667 0.245780379348
0.928626277552 0.122889168032 0.245503233788
0.928833947795 0.122896101443 0.24562195504
0.924090637902 0.121551819022 0.244876635408
0.924852407451 0.121714920919 0.245081996651
0.925573330063 0.121869122944 0.24527660064
0.926254194803 0.122014527493 0.245460767389
0.926894914387 0.122151003734 0.245634654833
0.927493607575 0.122277937258 0.245798099253
0.928043851104 0.122393481095 0.245950136521
0.928523318835 0.122491461226 0.24608702232
0.92880135175 0.122536215124 0.2461861435
0.836358896915 0.0960288387682 0.261561689666
0.841467868583 0.0974537662461 0.260983887109
0.846323772996 0.0988083508686 0.26043251914
0.850939196264 0.100096074934 0.259906348051
0.85532609441 0.101320247271 0.259404204672
0.859495824898 0.102484011922 0.258924982356
0.863459176637 0.103590356398 0.258467631804
0.867226398535 0.104642119519 0.258031156582
0.870807226644 0.105641998863 0.257614609242
0.874210909949 0.106592557838 0.257217087915
0.877446234866 0.107496232395 0.25683773332
0.880521548497 0.108355337399 0.256475726112
0.883444780698 0.109172072674 0.256130284513
0.886223465024 0.109948528741 0.255800662181
0.88886475859 0.110686692257 0.255486146284
0.891375460907 0.111388451177 0.255186055736
0.893762031739 0.112055599647 0.254899739581
0.896030608029 0.112689842645 0.254626575499
0.898187019925 0.113292800375 0.254365968414
0.900236805961 0.113866012435 0.254117349189
0.902185227416 0.114410941755 0.253880173403
0.904037281881 0.114928978323 0.25365392018
0.905797716072 0.115421442709 0.253438091089
0.90747103789 0.115889589377 0.253232209073
0.909061527748 0.116334609806 0.253035817424
0.910573249172 0.116757635405 0.252848478777
0.912010058643 0.117159740226 0.252669774121
0.913375614667 0.117541943468 0.252499301811
0.914673385992 0.117905211748 0.252336676561
0.915906658872 0.11825046111 0.252181528393
0.917078543211 0.118578558736 0.252033501519
0.918191977295 0.118890324265 0.251892253087
0.919249730657 0.11918653062 0.251757451719
0.920254404348 0.11946790412 0.25162877572
0.921208427324 0.119735123547 0.25150591073
0.922114046751 0.119988817572 0.251388546461
0.922973308174 0.120229559438 0.251276371828
0.923788017731 0.120457856802 0.251169067165
0.924559670302 0.120674132384 0.251066290813
0.925289307493 0.120878685683 0.250967653964
0.925977215603 0.121071611544 0.250872668461
0.926622205943 0.121252606105 0.25078062337
0.927219576726 0.121420417292 0.250690234482
0.927753476581 0.121570785966 0.250598317853
0.928147697607 0.121683174627 0.250491083443
0.925741754638 0.121035368475 0.249865777122
0.926404640999 0.121220292814 0.249818757696
0.927023857818 0.121393112779 0.249771853513
0.927591861214 0.121551783464 0.24972317582
0.928081128628 0.121688792282 0.249667168691
0.928301946972 0.121752170654 0.249569084854
0.925573588469 0.121117080294 0.248709507242
0.926250830008 0.121300416747 0.248718221839
0.926885932363 0.121472519421 0.248724457244
0.927474620262 0.121632371457 0.24872683073
0.928002704177 0.121776521624 0.248721605515
0.928405955221 0.121889407282 0.248692782712
0.927332747373 0.121679611933 0.248231317626
0.927881069174 0.121823914228 0.248262422475
0.928342453918 0.121946557341 0.24827855998
0.928438838281 0.121984078807 0.24820306722
0.928090415794 0.121887972668 0.248088115839
0.928491406058 0.121991274584 0.248107288341
0.927530357945 0.121735490573 0.247874063426
0.928058753311 0.121874026404 0.247911603308
0.928482655603 0.121985059616 0.247934784265
0.928146740376 0.121893371672 0.247832022313
0.928533497541 0.121993171689 0.247858386238
0.927495822636 0.121717662106 0.247615931932
0.928021033201 0.121855490174 0.247663723253
0.928451719238 0.12196847798 0.247696343585
0.928512940882 0.121983870566 0.247673197315
0.92829820341 0.121925660606 0.247608787543
0.92861869359 0.122010034379 0.247630973114
0.916323231944 0.118632796017 0.245432885385
0.917477271121 0.118942921599 0.245611941782
0.918573575953 0.119237531068 0.245781982146
0.919614874803 0.119517356707 0.245943431761
0.920603729934 0.119783086006 0.246096688776
0.921542534331 0.120035360741 0.246242123358
0.922433503014 0.120274774557 0.246380075792
0.923278655402 0.120501868086 0.246510852825
0.924079782305 0.120717119864 0.246634720972
0.924838384821 0.120920929552 0.246751894246
0.925555558093 0.121113586084 0.246862510842
0.926231757149 0.121295203624 0.246966586046
0.926866281501 0.121465580866 0.247063908014
0.927455984452 0.121623849682 0.247153775049
0.927991362452 0.121767415165 0.247234195367
0.928440593488 0.121887668545 0.247298644168
0.928642663149 0.121942247099 0.247317079621
0.927342267475 0.121588023949 0.24708180546
0.92790105937 0.121738585535 0.247169877079
0.928390359605 0.12187033746 0.247246375181
0.92869100578 0.121950893028 0.247290637514
0.836126024828 0.097505579551 0.231341799411
0.841245331889 0.0988611614001 0.232208733166
0.846111432178 0.100149651772 0.233033608171
0.850736870894 0.101374378827 0.233818433488
0.855133568363 0.102538504479 0.234565125691
0.859312851444 0.103645032812 0.235275512647
0.8632854833 0.104696818056 0.235951337203
0.867061691648 0.105696572139 0.236594260795
0.870651195548 0.106646871848 0.237205866946
0.874063230822 0.107550165614 0.237787664657
0.877306574174 0.108408779947 0.238341091688
0.880389566069 0.109224925539 0.238867517721
0.883320132454 0.110000703051 0.239368247406
0.88610580536 0.110738108599 0.239844523297
0.888753742458 0.111439038963 0.240297528663
0.891270745607 0.112105296518 0.240728390191
