-0.61029658322 -0.10574483824 0.106018422685
-0.602508065617 -0.104604630368 0.10670189292
-0.594760093368 -0.103470386038 0.107381650868
-0.587052384447 -0.102342076125 0.108057698061
-0.579384664543 -0.101219672103 0.108730035873
-0.571756666451 -0.100103146018 0.109398665463
-0.564168129525 -0.0989924704605 0.110063587728
-0.556618799197 -0.0978876185506 0.110724803255
-0.549108426553 -0.0967885639158 0.111382312275
-0.541636767957 -0.0956952806768 0.112036114613
-0.534203584718 -0.094607743433 0.112686209646
-0.526808642787 -0.0935259272509 0.113332596257
-0.5194517125 -0.0924498076525 0.113975272785
-0.512132568337 -0.0913793606061 0.114614236981
-0.504850988717 -0.0903145625172 0.115249485961
-0.497606755809 -0.0892553902207 0.115881016155
-0.49039965537 -0.0882018209732 0.11650882326
-0.483229476596 -0.0871538324456 0.117132902187
-0.476096011999 -0.086111402716 0.11775324701
-0.468999057289 -0.0850745102625 0.118369850909
-0.46193841128 -0.0840431339554 0.118982706116
-0.454913875805 -0.0830172530489 0.119591803855
-0.447925255647 -0.0819968471722 0.120197134282
-0.440972358474 -0.0809818963187 0.120798686423
-0.434054994799 -0.0799723808347 0.121396448108
-0.42717297794 -0.0789682814053 0.121990405901
-0.420326123994 -0.0779695790383 0.122580545036
-0.413514251821 -0.0769762550458 0.12316684934
-0.40673718304 -0.0759882910214 0.12374930116
-0.399994742034 -0.0750056688143 0.124327881291
-0.393286755962 -0.0740283704983 0.124902568894
-0.386613054787 -0.0730563783352 0.125473341422
-0.379973471306 -0.0720896747316 0.126040174542
-0.373367841198 -0.0711282421886 0.126603042057
-0.366796003076 -0.0701720632416 0.127161915835
-0.360257798549 -0.0692211203907 0.127716765735
-0.3537530723 -0.0682753960186 0.128267559551
-0.347281672163 -0.0673348722942 0.128814262947
-0.34084344922 -0.0663995310611 0.129356839426
-0.334438257898 -0.0654693537068 0.129895250297
-0.328065956079 -0.0645443210105 0.130429454679
-0.321726405211 -0.0636244129668 0.130959409519
-0.315419470432 -0.062709608582 0.131485069663
-0.309145020685 -0.0617998856377 0.132006387959
-0.302902928837 -0.0608952204197 0.132523315435
-0.296693071796 -0.0599955874066 0.133035801532
-0.290515330602 -0.0591009589136 0.13354379445
-0.284369590516 -0.058211304688 0.134047241595
-0.278255741057 -0.0573265914506 0.134546090173
-0.272173676014 -0.0564467823821 0.135040287952
-0.266123293384 -0.0555718365488 0.135529784241
-0.260104495233 -0.0547017082716 0.136014531114
-0.254117187453 -0.0538363464373 0.136494484938
-0.248161279375 -0.0529756937631 0.136969608259
-0.24223668321 -0.0521196860271 0.137439872106
-0.236343313277 -0.0512682512875 0.137905258768
-0.230481084956 -0.0504213091278 0.138365765122
-0.224649913332 -0.0495787699761 0.138821406548
-0.218849711464 -0.0487405345715 0.139272221481
-0.213080388228 -0.0479064936679 0.139718276595
-0.207341845705 -0.0470765280976 0.140159672591
-0.201633976087 -0.0462505093413 0.140596550455
-0.195956658118 -0.045428300778 0.141029097972
-0.190309753163 -0.0446097598083 0.141457556154
-0.184693101025 -0.0437947410462 0.141882225048
-0.179106515775 -0.0429831007549 0.142303468252
-0.173549781932 -0.0421747026419 0.14272171526
-0.168022651452 -0.0413694250269 0.143137460661
-0.162524842033 -0.04056716924 0.143551259168
-0.157056037309 -0.0397678689167 0.143963715623
-0.151615889376 -0.0389714996412 0.144375469438
-0.146204023946 -0.0381780882091 0.144787173576
-0.140820048104 -0.0373877206769 0.145199468917
-0.135463560294 -0.0366005484053 0.14561295576
-0.130134161782 -0.0358167915076 0.146028164952
-0.12483146865 -0.0350367394785 0.146445531568
-0.119555123346 -0.0342607492282 0.146865374024
-0.114304805118 -0.0334892411853 0.147287880915
-0.10908023917 -0.0327226944384 0.147713106845
-0.103881205095 -0.0319616419946 0.148140977351
-0.0987075458373 -0.0312066671251 0.148571301943
-0.093559179065 -0.0304584014982 0.149003793507
-0.0884361132623 -0.0297175254849 0.149438092046
-0.0833384711795 -0.0289847707744 0.149873790771
-0.0782665235645 -0.0282609254094 0.150310462937
-0.0732207366938 -0.0275468416785 0.150747688204
-0.0682018386211 -0.0268434481772 0.151185077726
-0.0632109122356 -0.0261517690715 0.151622297316
-0.058249529983 -0.0254729567262 0.152059087926
-0.0533199590859 -0.0248083496139 0.15249528194
-0.0484254953509 -0.0241595786143 0.152930811818
-0.0435710478153 -0.0235287685774 0.153365702617
-0.0387642493765 -0.0229189380594 0.153800026588
-0.0340177773293 -0.0223348493447 0.154233758872
-0.0293548415439 -0.0217850231007 0.15466633828
-0.0248247011117 -0.0212873901004 0.155095152991
-0.0205610999117 -0.0208901623027 0.155508586119
-0.0171665393801 -0.0208013826881 0.155826824562
-0.0355310433987 -0.0209625853532 0.149561624084
-0.0309978309718 -0.0203908767241 0.14981103243
-0.0266882163235 -0.0197571678835 0.149994846488
-0.0228349311424 -0.0189872179347 0.150067178038
-0.0204455855412 -0.0179028534409 0.149875113847
-0.0208875711653 -0.0263383181821 0.146556966298
-0.0159794123128 -0.0258826820912 0.146862880577
-0.011184508438 -0.0255900794959 0.147112987344
-0.0070356961631 -0.025879191049 0.147163559925
0.0260412771762 -0.089869736634 0.140418035252
0.0306027119912 -0.0886918509534 0.140969515735
0.0351438580797 -0.087522313959 0.141522444721
0.0396646438067 -0.0863612608668 0.142076694859
0.0441649613614 -0.0852087363004 0.142632105459
0.0486446706865 -0.0840647109379 0.143188483875
0.0531036062496 -0.0829290985038 0.143745609149
0.0575415853912 -0.0818017716914 0.144303237285
0.0619584170583 -0.0806825761226 0.144861107428
0.0663539099744 -0.0795713419137 0.1454189483
0.0707278796198 -0.0784678927722 0.145976484367
0.0750801537015 -0.0773720527966 0.146533441346
0.079410576045 -0.0762836512882 0.147089550834
0.083719009014 -0.0752025259388 0.147644553955
0.0880053346677 -0.0741285247623 0.148198204021
0.0922694549085 -0.0730615071011 0.148750268267
0.0965112908811 -0.0720013439905 0.149300528751
0.100730781859 -0.0709479181121 0.149848782532
0.104927883825 -0.0699011235167 0.150394841215
0.109102567926 -0.0688608652603 0.150938529954
0.113254818939 -0.06782705906 0.15147968597
0.117384633876 -0.0667996310582 0.152018156621
0.121492020842 -0.0657785177656 0.152553797016
0.125576998259 -0.0647636662498 0.153086467151
0.129639594571 -0.0637550346312 0.153616028479
0.133679848598 -0.0627525929567 0.154142339809
0.137697810735 -0.0617563245262 0.154665252344
0.141693545246 -0.0607662277611 0.155184603634
0.14566713404 -0.0597823187117 0.155700210126
0.149618682388 -0.0588046343056 0.156211857915
0.153548327226 -0.0578332364239 0.156719291216
0.157456248854 -0.0568682168427 0.157222198013
0.161342687028 -0.055909702954 0.157720192332
0.165207962515 -0.0549578639326 0.158212792759
0.169052505113 -0.0540129165528 0.158699397302
0.172876888495 -0.0530751290689 0.159179255773
0.176681870716 -0.0521448203368 0.159651443034
0.180468435996 -0.0512223496552 0.160114840129
0.184237827909 -0.0503080909536 0.160568135885
0.187991556206 -0.0494023840359 0.161009868358
0.191731351347 -0.0485054578718 0.161438530245
0.195459038679 -0.0476173296251 0.161852758012
0.199176318623 -0.0467376999134 0.162251601063
0.202884478406 -0.0458658846092 0.162634820824
0.206584115151 -0.0450008306422 0.163003117779
0.21027498198 -0.0441412397617 0.163358171122
0.213956036032 -0.0432857725367 0.163702437576
0.217625674763 -0.0424332595484 0.16403876945
0.221282060004 -0.0415828456756 0.164369994613
0.22492341124 -0.0407340355793 0.164698593066
0.228548197259 -0.039886656747 0.165026529514
0.232155217906 -0.0390407795976 0.165355225578
0.235743605245 -0.0381966304832 0.16568561965
0.239312781125 -0.0373545182129 0.166018263515
0.242862399489 -0.0365147808484 0.166353421978
0.246392289815 -0.0356777514934 0.166691158941
0.249902408909 -0.034843738744 0.167031404882
0.253392802853 -0.0340130172251 0.167374006591
0.256863578367 -0.0331858244968 0.1677187623
0.260314881911 -0.0323623616774 0.168065445668
0.263746884764 -0.0315427960342 0.168413821691
0.26715977256 -0.0307272644561 0.168763656912
0.270553738051 -0.0299158771703 0.169114725721
0.273928976188 -0.0291087213509 0.169466814004
0.277285680843 -0.028305864443 0.169819721047
0.280624042674 -0.0275073571299 0.170173260287
0.2839442478 -0.0267132359288 0.170527259336
0.28724647702 -0.0259235254317 0.17088155956
0.290530905429 -0.0251382402234 0.171236015398
0.293797702271 -0.0243573865129 0.171590493536
0.297047030981 -0.0235809635171 0.171944872032
0.30027904933 -0.022808964629 0.172299039431
0.303493909641 -0.022041378405 0.1726528939
0.306691759047 -0.0212781893971 0.173006342411
0.309872739767 -0.0205193788544 0.173359299978
0.313036989388 -0.019764925314 0.173711688947
0.316184641152 -0.0190148050996 0.174063438344
0.319315824227 -0.0182689927414 0.174414483281
0.322430663968 -0.0175274613305 0.174764764417
0.325529282168 -0.0167901828165 0.175114227463
0.328611797289 -0.0160571282602 0.175462822741
0.331678324683 -0.0153282680446 0.175810504776
0.334728976792 -0.0146035720542 0.176157231935
0.337763863337 -0.0138830098248 0.176502966093
0.340783091496 -0.0131665506703 0.17684767234
0.343786766061 -0.0124541637882 0.177191318703
0.346774989586 -0.011745818349 0.177533875909
0.349747862531 -0.0110414835702 0.177875317156
0.352705483382 -0.0103411287782 0.178215617917
0.35564794877 -0.00964472345981 0.178554755754
0.358575353579 -0.00895223730426 0.178892710153
0.361487791047 -0.00826364023829 0.179229462372
0.364385352855 -0.00757890245433 0.179564995307
0.367268129211 -0.00689799443319 0.17989929336
0.370136208933 -0.00622088696217 0.180232342331
0.372989679515 -0.00554755114917 0.18056412931
0.375828627198 -0.00487795843336 0.180894642582
0.378653137032 -0.004212080593 0.181223871539
0.38146329293 -0.00354988975081 0.181551806601
0.384259177723 -0.00289135837737 0.181878439143
0.387040873209 -0.00223645929264 0.182203761425
0.3898084602 -0.00158516566613 0.18252776653
0.392562018561 -0.000937451015802 0.18285044831
0.395301627255 -0.000293289205924 0.18317180133
0.398027364373 0.00034734555587 0.183491820821
0.400739307172 0.000984478722249 0.183810502633
0.403437532108 0.00161813541045 0.184127843198
0.406122114862 0.00224834040698 0.184443839487
0.408793130372 0.00287511817268 0.184758488976
0.411450652856 0.0034984928481 0.185071789616
0.414094755835 0.0041184882591 0.185383739797
0.416725512161 0.00473512792262 0.185694338324
0.419342994034 0.00534843505251 0.18600358439
0.421947273023 0.00595843256547 0.186311477549
0.424538420084 0.00656514308711 0.186618017696
0.427116505581 0.00716858895781 0.186923205047
0.429681599298 0.00776879223878 0.187227040113
0.432233770458 0.00836577471793 0.187529523689
0.434773087735 0.00895955791575 0.187830656831
0.437299619271 0.0095501630911 0.188130440845
0.439813432688 0.0101376112469 0.188428877267
0.442314595098 0.0107219231357 0.188725967853
0.444803173117 0.0113031192653 0.189021714562
0.447279232877 0.0118812199039 0.189316119548
0.449742840035 0.0124562450857 0.189609185145
0.452194059781 0.0130282146159 0.189900913857
0.454632956852 0.0135971480755 0.19019130835
0.457059595537 0.0141630648267 0.190480371437
0.459474039689 0.0147259840172 0.190768106077
0.461876352728 0.0152859245853 0.191054515359
0.464266597656 0.0158429052641 0.191339602497
0.466644837057 0.016396944586 0.191623370826
0.469011133109 0.0169480608872 0.191905823788
0.471365547587 0.0174962723118 0.19218696493
0.473708141875 0.0180415968155 0.192466797899
0.476038976966 0.0185840521701 0.19274532643
0.47835811347 0.0191236559671 0.193022554347
0.480665611621 0.0196604256213 0.193298485554
0.482961531282 0.0201943783745 0.193573124032
0.48524593195 0.0207255312994 0.193846473831
0.487518872757 0.0212539013021 0.194118539071
0.489780412483 0.0217795051266 0.194389323931
0.492030609553 0.0223023593568 0.194658832651
0.494269522046 0.0228224804207 0.194927069527
0.496497207695 0.0233398845928 0.195194038902
0.498713723897 0.023854587997 0.195459745172
0.500919127712 0.0243666066098 0.195724192775
0.503113475868 0.0248759562631 0.195987386189
0.505296824766 0.0253826526463 0.196249329935
0.507469230483 0.0258867113098 0.196510028568
0.509630748773 0.0263881476666 0.196769486674
0.511781435077 0.0268869769956 0.197027708875
0.513921344517 0.0273832144435 0.197284699817
0.516050531907 0.027876875027 0.197540464175
0.518169051752 0.0283679736358 0.197795006648
0.520276958252 0.0288565250339 0.198048331957
0.522374305304 0.0293425438622 0.198300444843
0.524461146507 0.0298260446406 0.198551350066
0.526537535162 0.0303070417698 0.198801052404
0.528603524279 0.0307855495335 0.199049556647
0.530659166572 0.0312615821001 0.199296867602
0.53270451447 0.0317351535246 0.199542990086
0.534739620114 0.0322062777505 0.199787928929
0.536764535361 0.0326749686112 0.200031688967
0.538779311786 0.0331412398324 0.200274275048
0.540784000686 0.033605105033 0.200515692023
0.542778653079 0.0340665777273 0.200755944751
0.54476331971 0.0345256713259 0.200995038096
0.546738051049 0.0349823991381 0.201232976924
0.548702897297 0.0354367743726 0.201469766104
0.550657908385 0.0358888101394 0.201705410508
0.55260313398 0.0363385194512 0.201939915005
0.554538623481 0.0367859152244 0.202173284468
0.556464426026 0.0372310102809 0.202405523766
0.558380590491 0.037673817349 0.202636637767
0.560287165496 0.0381143490653 0.202866631338
0.562184199399 0.038552617975 0.203095509339
0.564071740308 0.0389886365339 0.203323276629
0.565949836073 0.0394224171094 0.203549938062
0.567818534295 0.0398539719813 0.203775498484
0.569677882323 0.0402833133435 0.203999962739
0.571527927258 0.0407104533044 0.204223335662
0.573368715957 0.0411354038888 0.20444562208
0.575200295026 0.0415581770382 0.204666826816
0.577022710834 0.0419787846123 0.20488695468
0.578836009503 0.0423972383896 0.205106010479
0.580640236918 0.0428135500689 0.205323999006
0.582435438722 0.0432277312697 0.205540925047
0.584221660323 0.0436397935335 0.205756793379
0.585998946894 0.0440497483247 0.205971608766
0.58776734337 0.0444576070312 0.206185375964
0.589526894456 0.0448633809657 0.206398099717
0.591277644625 0.0452670813659 0.206609784757
0.59301963812 0.0456687193963 0.206820435804
0.594752918955 0.046068306148 0.207030057569
0.596477530917 0.0464658526403 0.207238654748
0.598193517566 0.0468613698208 0.207446232026
0.599900922239 0.047254868567 0.207652794072
0.60159978805 0.047646359686 0.207858345547
0.60329015789 0.0480358539163 0.208062891095
0.60497207443 0.0484233619277 0.208266435348
0.606645580122 0.0488088943225 0.208468982924
0.608310717199 0.049192461636 0.208670538426
0.609967527679 0.049574074337 0.208871106445
0.611616053363 0.0499537428289 0.209070691556
0.613256335839 0.0503314774501 0.20926929832
0.614888416481 0.0507072884746 0.209466931283
0.616512336452 0.0510811861126 0.209663594978
0.618128136705 0.0514531805113 0.20985929392
0.619735857982 0.0518232817554 0.210054032611
0.621335540818 0.0521914998678 0.210247815538
0.622927225542 0.0525578448098 0.210440647171
0.624510952276 0.0529223264823 0.210632531966
0.626086760936 0.0532849547258 0.210823474363
0.627654691238 0.0536457393213 0.211013478785
0.629214782692 0.0540046899905 0.211202549641
0.630767074609 0.0543618163967 0.211390691324
0.6323116061 0.0547171281453 0.21157790821
0.633848416076 0.0550706347841 0.21176420466
0.63537754325 0.0554223458036 0.211949585017
0.636899026139 0.0557722706383 0.212134053611
0.638412903065 0.0561204186663 0.212317614752
0.639919212152 0.0564667992104 0.212500272737
0.641417991334 0.0568114215382 0.212682031845
0.642909278351 0.0571542948627 0.212862896338
0.644393110751 0.0574954283429 0.213042870463
0.645869525893 0.057834831084 0.213221958449
0.647338560945 0.0581725121381 0.213400164509
0.648800252888 0.0585084805043 0.213577492842
0.650254638514 0.0588427451295 0.213753947625
0.65170175443 0.0591753149087 0.213929533023
0.653141637057 0.0595061986853 0.214104253183
0.654574322631 0.0598354052514 0.214278112234
0.655999847207 0.0601629433489 0.21445111429
0.657418246654 0.0604888216689 0.214623263447
0.658829556663 0.0608130488528 0.214794563786
0.660233812741 0.0611356334926 0.214965019369
0.66163105022 0.061456584131 0.215134634242
0.663021304248 0.0617759092621 0.215303412437
0.6644046098 0.0620936173314 0.215471357964
0.665781001673 0.0624097167366 0.215638474821
0.667150514485 0.0627242158277 0.215804766987
0.668513182685 0.0630371229074 0.215970238425
0.669869040543 0.0633484462315 0.21613489308
0.671218122159 0.0636581940091 0.216298734882
0.672560461459 0.0639663744033 0.216461767743
0.673896092199 0.0642729955311 0.216623995559
0.675225047965 0.0645780654639 0.21678542221
0.676547362173 0.0648815922281 0.216946051558
0.677863068069 0.065183583805 0.217105887448
0.679172198735 0.0654840481315 0.217264933711
0.680474787083 0.0657829931 0.217423194158
0.68177086586 0.0660804265591 0.217580672586
0.683060467649 0.0663763563137 0.217737372775
0.684343624868 0.0666707901257 0.217893298487
0.685620369771 0.0669637357134 0.21804845347
0.686890734451 0.0672552007528 0.218202841452
0.688154750838 0.0675451928775 0.218356466149
0.689412450703 0.0678337196786 0.218509331257
0.690663865655 0.0681207887058 0.218661440457
0.691909027145 0.068406407467 0.218812797414
0.693147966466 0.0686905834288 0.218963405777
0.694380714752 0.068973324017 0.219113269177
0.695607302983 0.0692546366165 0.219262391231
0.696827761981 0.0695345285719 0.219410775537
0.698042122413 0.0698130071876 0.219558425681
0.699250414793 0.0700900797281 0.219705345228
0.70045266948 0.0703657534183 0.219851537732
0.701648916681 0.0706400354436 0.219997006726
0.702839186452 0.0709129329504 0.220141755731
0.704023508697 0.0711844530463 0.220285788251
0.70520191317 0.0714546028002 0.220429107772
0.706374429475 0.0717233892427 0.220571717768
0.707541087067 0.0719908193664 0.220713621693
0.708701915255 0.0722569001258 0.220854822989
0.709856943198 0.0725216384382 0.220995325079
0.711006199909 0.072785041183 0.221135131373
0.712149714258 0.0730471152031 0.221274245265
0.713287514966 0.0733078673039 0.221412670131
0.714419630613 0.0735673042546 0.221550409336
0.715546089634 0.0738254327879 0.221687466224
0.71666692032 0.0740822596001 0.221823844129
0.717782150823 0.0743377913517 0.221959546365
0.718891809151 0.0745920346676 0.222094576234
0.719995923172 0.0748449961369 0.222228937022
0.721094520615 0.0750966823136 0.222362631998
0.72218762907 0.0753470997166 0.222495664419
0.723275275986 0.07559625483 0.222628037523
0.724357488677 0.0758441541032 0.222759754537
0.725434294319 0.0760908039511 0.22289081867
0.72650571995 0.0763362107546 0.223021233117
0.727571792476 0.0765803808605 0.22315100106
0.728632538665 0.0768233205817 0.223280125662
0.72968798515 0.0770650361976 0.223408610075
0.730738158434 0.0773055339544 0.223536457436
0.731783084885 0.0775448200649 0.223663670864
0.732822790737 0.0777829007089 0.223790253466
0.733857302095 0.0780197820336 0.223916208336
0.734886644932 0.0782554701535 0.224041538549
0.735910845091 0.0784899711508 0.22416624717
0.736929928286 0.0787232910754 0.224290337247
0.7379439201 0.0789554359453 0.224413811815
0.738952845989 0.0791864117467 0.224536673893
0.739956731283 0.0794162244341 0.224658926487
0.740955601183 0.0796448799305 0.224780572589
0.741949480763 0.079872384128 0.224901615177
0.742938394973 0.0800987428873 0.225022057214
0.743922368638 0.0803239620384 0.225141901649
0.744901426457 0.0805480473804 0.225261151418
0.745875593006 0.0807710046822 0.225379809442
0.746844892738 0.0809928396822 0.225497878629
0.747809349984 0.0812135580885 0.225615361873
0.748768988951 0.0814331655795 0.225732262055
0.749723833727 0.0816516678036 0.22584858204
0.750673908279 0.0818690703797 0.225964324682
0.751619236451 0.0820853788971 0.22607949282
0.752559841972 0.0823005989159 0.226194089279
0.753495748449 0.0825147359671 0.226308116872
0.754426979372 0.0827277955526 0.226421578398
0.755353558112 0.0829397831457 0.226534476643
0.756275507924 0.083150704191 0.226646814378
0.757192851947 0.0833605641046 0.226758594363
0.758105613203 0.0835693682744 0.226869819343
0.759013814599 0.0837771220601 0.226980492052
0.759917478928 0.0839838307935 0.227090615209
0.760816628866 0.0841894997784 0.22720019152
0.76171128698 0.0843941342912 0.227309223679
0.76260147572 0.0845977395806 0.227417714367
0.763487217425 0.0848003208681 0.227525666252
0.764368534324 0.0850018833479 0.227633081989
0.76524544853 0.0852024321874 0.22773996422
0.766117982051 0.0854019725267 0.227846315575
0.76698615678 0.0856005094796 0.227952138671
0.767849994503 0.085798048133 0.228057436113
0.768709516895 0.0859945935477 0.228162210491
0.769564745526 0.0861901507579 0.228266464386
0.770415701854 0.0863847247718 0.228370200365
0.771262407231 0.0865783205717 0.228473420982
0.772104882903 0.0867709431139 0.22857612878
0.772943150008 0.086962597329 0.228678326289
0.77377722958 0.0871532881223 0.228780016026
0.774607142547 0.0873430203734 0.228881200498
0.77543290973 0.0875317989368 0.228981882198
0.776254551851 0.0877196286417 0.229082063608
0.777072089522 0.0879065142925 0.229181747197
0.777885543256 0.0880924606687 0.229280935423
0.778694933462 0.088277472525 0.229379630731
0.779500280448 0.0884615545915 0.229477835556
0.780301604418 0.088644711574 0.229575552321
0.781098925477 0.0888269481539 0.229672783434
0.781892263627 0.0890082689885 0.229769531296
0.782681638774 0.089188678711 0.229865798293
0.78346707072 0.0893681819306 0.229961586801
0.78424857917 0.0895467832328 0.230056899184
0.78502618373 0.0897244871796 0.230151737795
0.785799903909 0.0899012983092 0.230246104974
0.786569759116 0.0900772211367 0.230340003052
0.787335768664 0.0902522601537 0.230433434348
0.788097951771 0.0904264198287 0.230526401168
0.788856327557 0.0905997046074 0.230618905808
0.789610915046 0.0907721189124 0.230710950555
0.790361733167 0.0909436671435 0.23080253768
0.791108800756 0.0911143536781 0.230893669448
0.791852136553 0.0912841828708 0.230984348109
0.792591759205 0.0914531590541 0.231074575905
0.793327687265 0.0916212865381 0.231164355066
0.794059939193 0.0917885696106 0.23125368781
0.794788533358 0.0919550125377 0.231342576346
0.795513488037 0.0921206195632 0.231431022871
0.796234821413 0.0922853949094 0.231519029573
0.796952551582 0.0924493427769 0.231606598627
0.797666696546 0.0926124673446 0.231693732198
0.798377274218 0.09277477277 0.231780432442
0.799084302422 0.0929362631893 0.231866701504
0.799787798893 0.0930969427176 0.231952541516
0.800487781277 0.0932568154488 0.232037954603
0.80118426713 0.0934158854557 0.232122942878
0.801877273923 0.0935741567903 0.232207508444
0.802566819037 0.0937316334841 0.232291653394
0.803252919768 0.0938883195475 0.232375379809
0.803935593325 0.0940442189707 0.232458689763
0.80461485683 0.0941993357234 0.232541585316
0.805290727321 0.0943536737548 0.232624068522
0.805963221749 0.0945072369942 0.232706141422
0.80663235698 0.0946600293505 0.232787806049
0.807298149799 0.0948120547127 0.232869064424
0.807960616903 0.0949633169501 0.232949918559
0.808619774907 0.095113819912 0.233030370457
0.809275640343 0.095263567428 0.233110422111
0.809928229662 0.0954125633083 0.233190075503
0.810577559229 0.0955608113435 0.233269332606
0.81122364533 0.0957083153048 0.233348195384
0.811866504169 0.0958550789443 0.23342666579
0.812506151868 0.0960011059947 0.233504745769
0.813142604469 0.09614640017 0.233582437256
0.813775877935 0.0962909651648 0.233659742176
0.814405988146 0.0964348046553 0.233736662443
0.815032950906 0.0965779222985 0.233813199966
0.815656781938 0.096720321733 0.233889356641
0.816277496887 0.0968620065788 0.233965134356
0.816895111319 0.0970029804374 0.234040534988
0.817509640723 0.097143246892 0.234115560409
0.818121100511 0.0972828095074 0.234190212477
0.818729506016 0.0974216718304 0.234264493043
0.819334872495 0.0975598373896 0.23433840395
0.819937215132 0.0976973096957 0.23441194703
0.820536549029 0.0978340922413 0.234485124108
0.821132889217 0.0979701885016 0.234557936997
0.821726250651 0.0981056019337 0.234630387505
0.822316648211 0.0982403359773 0.234702477427
0.822904096701 0.0983743940545 0.234774208554
0.823488610853 0.0985077795702 0.234845582663
0.824070205324 0.0986404959116 0.234916601526
0.8246488947 0.098772546449 0.234987266904
0.82522469349 0.0989039345354 0.235057580552
0.825797616135 0.0990346635066 0.235127544213
0.826367677 0.0991647366817 0.235197159625
0.82693489038 0.0992941573628 0.235266428514
0.827499270499 0.0994229288352 0.235335352601
0.828060831509 0.0995510543674 0.235403933595
0.82861958749 0.0996785372115 0.235472173198
0.829175552455 0.0998053806028 0.235540073106
0.829728740343 0.0999315877605 0.235607635003
0.830279165026 0.100057161887 0.235674860566
0.830826840306 0.100182106169 0.235741751465
0.831371779915 0.100306423776 0.23580830936
0.831913997518 0.100430117863 0.235874535905
0.83245350671 0.100553191567 0.235940432743
0.83299032102 0.100675648012 0.23600600151
0.833524453906 0.100797490302 0.236071243836
0.834055918762 0.100918721528 0.236136161341
0.834584728914 0.101039344766 0.236200755636
0.835110897621 0.101159363074 0.236265028327
0.835634438076 0.101278779497 0.236328981009
0.836155363405 0.101397597061 0.236392615271
0.836673686671 0.101515818781 0.236455932694
0.837189420868 0.101633447654 0.236518934852
0.837702578928 0.101750486661 0.236581623308
0.838213173717 0.101866938771 0.236643999622
0.838721218038 0.101982806935 0.236706065342
0.839226724627 0.102098094091 0.23676782201
0.83972970616 0.102212803161 0.236829271162
0.840230175247 0.102326937052 0.236890414325
0.840728144436 0.102440498658 0.236951253017
0.841223626211 0.102553490856 0.23701178875
0.841716632996 0.10266591651 0.23707202303
0.842207177152 0.102777778468 0.237131957354
0.842695270976 0.102889079566 0.23719159321
0.843180926705 0.102999822623 0.237250932082
0.843664156517 0.103110010446 0.237309975445
0.844144972525 0.103219645826 0.237368724765
0.844623386785 0.10332873154 0.237427181505
0.84509941129 0.103437270353 0.237485347116
0.845573057975 0.103545265013 0.237543223046
0.846044338715 0.103652718256 0.237600810732
0.846513265324 0.103759632803 0.237658111608
0.846979849559 0.103866011364 0.237715127097
0.847444103116 0.103971856632 0.237771858618
0.847906037635 0.104077171286 0.237828307582
0.848365664697 0.104181957996 0.237884475391
0.848822995823 0.104286219413 0.237940363443
0.849278042479 0.104389958179 0.237995973129
0.849730816073 0.104493176919 0.23805130583
0.850181327955 0.104595878247 0.238106362924
0.850629589419 0.104698064764 0.238161145779
0.851075611703 0.104799739056 0.238215655758
0.851519405988 0.104900903697 0.238269894218
0.851960983398 0.105001561248 0.238323862508
0.852400355004 0.105101714258 0.238377561969
0.852837531821 0.105201365261 0.238430993939
0.853272524806 0.105300516779 0.238484159746
0.853705344865 0.105399171323 0.238537060713
0.854136002847 0.105497331389 0.238589698157
0.854564509548 0.10559499946 0.238642073386
0.854990875709 0.105692178009 0.238694187705
0.855415112019 0.105788869495 0.23874604241
0.855837229111 0.105885076365 0.238797638792
0.856257237567 0.105980801053 0.238848978133
0.856675147915 0.10607604598 0.238900061713
0.857090970631 0.106170813557 0.238950890802
0.857504716138 0.106265106182 0.239001466666
0.857916394807 0.106358926239 0.239051790562
0.858326016957 0.106452276102 0.239101863745
0.858733592855 0.106545158133 0.239151687459
0.859139132719 0.106637574682 0.239201262945
0.859542646712 0.106729528085 0.239250591438
0.85994414495 0.106821020669 0.239299674165
0.860343637496 0.106912054748 0.239348512347
0.860741134363 0.107002632624 0.239397107202
0.861136645515 0.107092756588 0.239445459938
0.861530180864 0.107182428918 0.239493571759
0.861921750275 0.107271651884 0.239541443863
0.862311363562 0.107360427741 0.239589077442
0.86269903049 0.107448758734 0.239636473683
0.863084760776 0.107536647096 0.239683633764
0.863468564087 0.107624095049 0.239730558861
0.863850450044 0.107711104805 0.239777250142
0.864230428217 0.107797678564 0.239823708769
0.86460850813 0.107883818514 0.2398699359
0.864984699258 0.107969526832 0.239915932685
0.865359011031 0.108054805686 0.239961700271
0.865731452828 0.108139657231 0.240007239796
0.866102033985 0.108224083613 0.240052552396
0.866470763789 0.108308086964 0.240097639198
0.866837651482 0.108391669409 0.240142501326
0.867202706256 0.10847483306 0.240187139897
0.867565937263 0.108557580018 0.240231556023
0.867927353604 0.108639912376 0.24027575081
0.868286964337 0.108721832213 0.240319725359
0.868644778475 0.1088033416 0.240363480766
0.869000804983 0.108884442598 0.24040701812
0.869355052785 0.108965137254 0.240450338507
0.869707530757 0.109045427608 0.240493443005
0.870058247733 0.109125315689 0.240536332688
0.870407212501 0.109204803515 0.240579008624
0.870754433807 0.109283893095 0.240621471878
0.871099920351 0.109362586427 0.240663723507
0.87144368079 0.109440885499 0.240705764563
0.87178572374 0.109518792288 0.240747596095
0.87212605777 0.109596308764 0.240789219145
0.872464691408 0.109673436884 0.240830634749
0.872801633141 0.109750178596 0.240871843939
0.873136891411 0.109826535839 0.240912847744
0.873470474618 0.109902510541 0.240953647184
0.87380239112 0.109978104622 0.240994243277
0.874132649236 0.110053319991 0.241034637033
0.874461257239 0.110128158546 0.24107482946
0.874788223363 0.110202622179 0.24111482156
0.8751135558 0.110276712769 0.241154614328
0.875437262701 0.110350432188 0.241194208758
0.875759352178 0.110423782297 0.241233605836
0.876079832299 0.110496764948 0.241272806544
0.876398711094 0.110569381985 0.241311811858
0.876715996552 0.110641635239 0.241350622752
0.877031696622 0.110713526537 0.241389240193
0.877345819213 0.110785057692 0.241427665144
0.877658372195 0.110856230511 0.241465898561
0.877969363398 0.11092704679 0.2415039414
0.878278800613 0.110997508318 0.241541794608
0.878586691591 0.111067616872 0.241579459128
0.878893044046 0.111137374222 0.2416169359
0.879197865652 0.111206782129 0.241654225859
0.879501164044 0.111275842345 0.241691329934
0.879802946821 0.111344556613 0.24172824905
0.880103221541 0.111412926667 0.241764984128
0.880401995727 0.111480954233 0.241801536083
0.880699276861 0.111548641027 0.241837905829
0.88099507239 0.111615988757 0.241874094271
0.881289389724 0.111682999122 0.241910102311
0.881582236233 0.111749673814 0.241945930849
0.881873619253 0.111816014515 0.241981580777
0.882163546081 0.111882022898 0.242017052985
0.882452023978 0.111947700629 0.242052348357
0.882739060171 0.112013049364 0.242087467775
0.883024661846 0.112078070753 0.242122412113
0.883308836157 0.112142766435 0.242157182244
0.88359159022 0.112207138042 0.242191779034
0.883872931116 0.112271187198 0.242226203348
0.884152865891 0.112334915518 0.242260456044
0.884431401554 0.11239832461 0.242294537975
0.884708545079 0.112461416073 0.242328449994
0.884984303408 0.112524191497 0.242362192946
0.885258683443 0.112586652465 0.242395767672
0.885531692056 0.112648800553 0.242429175011
0.885803336083 0.112710637327 0.242462415796
0.886073622323 0.112772164347 0.242495490857
0.886342557545 0.112833383164 0.242528401019
0.886610148481 0.11289429532 0.242561147104
0.88687640183 0.112954902351 0.242593729928
0.887141324258 0.113015205785 0.242626150306
0.887404922397 0.113075207142 0.242658409046
0.887667202845 0.113134907934 0.242690506954
0.887928172168 0.113194309665 0.242722444831
0.888187836897 0.113253413833 0.242754223474
0.888446203533 0.113312221925 0.242785843677
0.888703278542 0.113370735425 0.242817306229
0.888959068358 0.113428955806 0.242848611916
0.889213579383 0.113486884535 0.242879761519
0.889466817986 0.113544523071 0.242910755817
0.889718790505 0.113601872866 0.242941595583
0.889969503245 0.113658935364 0.242972281588
0.89021896248 0.113715712002 0.243002814599
0.890467174452 0.11377220421 0.243033195377
0.890714145371 0.113828413409 0.243063424683
0.890959881417 0.113884341016 0.24309350327
0.891204388738 0.113939988438 0.243123431892
0.89144767345 0.113995357075 0.243153211295
0.891689741641 0.114050448321 0.243182842224
0.891930599364 0.114105263563 0.24321232542
0.892170252646 0.11415980418 0.243241661619
0.89240870748 0.114214071543 0.243270851554
0.892645969831 0.114268067018 0.243299895956
0.892882045632 0.114321791964 0.243328795551
0.893116940789 0.11437524773 0.243357551061
0.893350661174 0.114428435662 0.243386163206
0.893583212632 0.114481357096 0.243414632701
0.893814600978 0.114534013363 0.243442960258
0.894044831998 0.114586405787 0.243471146587
0.894273911447 0.114638535683 0.243499192392
0.894501845053 0.114690404362 0.243527098375
0.894728638513 0.114742013127 0.243554865235
0.894954297497 0.114793363273 0.243582493667
0.895178827645 0.114844456091 0.243609984363
0.895402234568 0.114895292863 0.24363733801
0.89562452385 0.114945874866 0.243664555296
0.895845701046 0.114996203368 0.2436916369
0.896065771683 0.115046279632 0.243718583502
0.896284741259 0.115096104915 0.243745395777
0.896502615245 0.115145680466 0.243772074398
0.896719399083 0.115195007528 0.243798620033
0.89693509819 0.115244087338 0.243825033348
0.897149717953 0.115292921124 0.243851315005
0.897363263732 0.115341510111 0.243877465665
0.89757574086 0.115389855516 0.243903485984
0.897787154643 0.115437958548 0.243929376615
0.897997510361 0.115485820411 0.243955138208
0.898206813264 0.115533442303 0.24398077141
0.898415068578 0.115580825415 0.244006276867
0.898622281502 0.115627970932 0.244031655218
0.898828457207 0.11567488003 0.244056907104
0.89903360084 0.115721553883 0.244082033158
0.899237717519 0.115767993655 0.244107034014
0.899440812338 0.115814200505 0.244131910301
0.899642890365 0.115860175586 0.244156662646
0.899843956639 0.115905920044 0.244181291673
0.900044016177 0.115951435018 0.244205798004
0.900243073969 0.115996721643 0.244230182257
0.90044113498 0.116041781044 0.244254445047
0.900638204147 0.116086614343 0.244278586989
0.900834286385 0.116131222653 0.244302608692
0.901029386582 0.116175607084 0.244326510764
0.901223509602 0.116219768736 0.24435029381
0.901416660283 0.116263708704 0.244373958434
0.901608843439 0.116307428077 0.244397505236
0.90180006386 0.116350927938 0.244420934813
0.901990326309 0.116394209363 0.24444424776
0.902179635528 0.11643727342 0.244467444672
0.902367996232 0.116480121173 0.244490526138
0.902555413112 0.116522753679 0.244513492747
0.902741890838 0.116565171987 0.244536345084
0.902927434052 0.116607377141 0.244559083735
0.903112047374 0.116649370179 0.24458170928
0.903295735402 0.116691152129 0.2446042223
0.903478502708 0.116732724017 0.244626623372
0.903660353843 0.116774086858 0.244648913072
0.903841293331 0.116815241664 0.244671091974
0.904021325678 0.116856189437 0.24469316065
0.904200455363 0.116896931175 0.244715119669
0.904378686844 0.116937467867 0.244736969601
0.904556024557 0.116977800496 0.244758711013
0.904732472914 0.117017930037 0.24478034447
0.904908036305 0.11705785746 0.244801870535
0.905082719099 0.117097583726 0.244823289772
0.905256525643 0.117137109788 0.244844602741
0.90542946026 0.117176436594 0.244865810003
0.905601527254 0.117215565084 0.244886912117
0.905772730907 0.117254496187 0.244907909641
0.90594307548 0.117293230829 0.244928803133
0.906112565211 0.117331769926 0.244949593148
0.906281204319 0.117370114384 0.244970280242
0.906448997004 0.117408265106 0.244990864973
0.906615947443 0.117446222981 0.245011347893
0.906782059794 0.117483988893 0.24503172956
0.906947338196 0.117521563717 0.245052010527
0.907111786768 0.117558948318 0.245072191351
0.907275409609 0.117596143552 0.245092272586
0.907438210802 0.117633150266 0.24511225479
0.907600194407 0.117669969299 0.24513213852
0.907761364471 0.117706601478 0.245151924334
0.90792172502 0.11774304762 0.245171612792
0.908081280064 0.117779308534 0.245191204454
0.908240033596 0.117815385015 0.245210699884
0.908397989591 0.117851277851 0.245230099648
0.908555152012 0.117886987814 0.245249404311
0.908711524803 0.117922515669 0.245268614446
0.908867111896 0.117957862165 0.245287730625
0.909021917206 0.117993028042 0.245306753425
0.909175944638 0.118028014025 0.245325683428
0.90932919808 0.118062820826 0.245344521218
0.909481681413 0.118097449144 0.245363267386
0.909633398504 0.118131899662 0.245381922527
0.909784353209 0.118166173052 0.245400487241
0.909934549376 0.118200269967 0.245418962137
0.910083990844 0.118234191046 0.245437347828
0.910232681447 0.118267936912 0.245455644935
0.910380625008 0.11830150817 0.24547385409
0.910527825349 0.118334905409 0.245491975929
0.910674286287 0.1183681292 0.245510011101
0.910820011635 0.118401180094 0.245527960263
0.910965005207 0.118434058626 0.245545824084
0.911109270817 0.118466765308 0.245563603245
0.911252812279 0.118499300635 0.245581298437
0.911395633413 0.118531665079 0.245598910366
0.911537738042 0.118563859094 0.245616439751
0.911679129996 0.118595883111 0.245633887328
0.911819813114 0.118627737539 0.245651253844
0.911959791246 0.118659422768 0.245668540067
0.912099068252 0.118690939164 0.245685746779
0.912237648007 0.118722287072 0.24570287478
0.912375534402 0.118753466818 0.24571992489
0.912512731344 0.118784478705 0.245736897945
0.912649242759 0.118815323016 0.245753794803
0.912785072593 0.118846000018 0.245770616339
0.912920224813 0.118876509957 0.245787363449
0.913054703409 0.118906853067 0.245804037049
0.913188512393 0.118937029566 0.245820638072
0.913321655802 0.11896703966 0.245837167472
0.913454137695 0.118996883551 0.245853626219
0.913585962152 0.119026561433 0.245870015298
0.913717133279 0.119056073501 0.24588633571
0.913847655197 0.119085419954 0.245902588469
0.913977532048 0.119114601001 0.245918774595
0.914106767985 0.119143616866 0.245934895118
0.914235367172 0.119172467795 0.245950951066
0.914363333778 0.119201154063 0.245966943468
0.91449067197 0.119229675981 0.245982873345
0.914617385907 0.119258033904 0.245998741702
0.914743479733 0.119286228239 0.246014549528
0.914868957567 0.119314259452 0.246030297783
0.914993823492 0.11934212808 0.246045987397
0.91511808155 0.119369834735 0.246061619255
0.915241735725 0.119397380112 0.246077194195
0.91536478994 0.119424765 0.246092712998
0.915487248036 0.119451990282 0.24610817638
0.915609113771 0.119479056946 0.246123584986
0.915730390804 0.119505966084 0.24613893938
0.915851082688 0.119532718896 0.246154240043
0.915971192859 0.119559316692 0.246169487362
0.916090724632 0.119585760887 0.246184681633
0.916209681194 0.119612053001 0.246199823052
0.916328065601 0.119638194651 0.246214911714
0.916445880775 0.119664187547 0.246229947619
0.916563129505 0.119690033481 0.246244930665
0.916679814449 0.119715734317 0.246259860657
0.916795938138 0.119741291981 0.246274737311
0.916911502982 0.119766708447 0.246289560258
0.917026511278 0.119791985723 0.246304329052
0.917140965218 0.11981712584 0.246319043178
0.917254866898 0.119842130836 0.246333702064
0.917368218332 0.119867002746 0.246348305085
0.917481021462 0.119891743586 0.24636285158
0.917593278166 0.119916355342 0.246377340854
0.917704990275 0.119940839961 0.246391772196
0.917816159582 0.119965199341 0.246406144883
0.917926787848 0.11998943532 0.246420458192
0.918036876822 0.120013549674 0.246434711407
0.918146428238 0.120037544109 0.246448903826
0.918255443835 0.120061420256 0.24646303477
0.918363925353 0.120085179671 0.246477103589
0.918471874547 0.120108823831 0.246491109663
0.918579293191 0.120132354135 0.246505052412
0.918686183076 0.120155771905 0.246518931294
0.918792546021 0.120179078384 0.24653274581
0.918898383873 0.120202274743 0.246546495508
0.919003698504 0.12022536208 0.246560179978
0.919108491819 0.120248341424 0.246573798859
0.919212765752 0.12027121374 0.246587351834
0.919316522266 0.120293979929 0.246600838632
0.919419763354 0.120316640835 0.246614259027
0.919522491037 0.120339197248 0.246627612836
0.919624707363 0.120361649907 0.246640899918
0.919726414406 0.120383999505 0.246654120171
0.919827614264 0.120406246693 0.246667273533
0.919928309057 0.120428392079 0.246680359979
0.920028500925 0.12045043624 0.246693379516
0.920128192026 0.120472379716 0.246706332185
0.920227384538 0.120494223021 0.246719218058
0.920326080651 0.120515966639 0.246732037235
0.920424282569 0.120537611033 0.246744789843
0.920521992507 0.120559156641 0.246757476034
0.92061921269 0.120580603884 0.246770095983
0.920715945351 0.120601953167 0.246782649886
0.92081219273 0.120623204875 0.246795137959
0.920907957073 0.120644359385 0.246807560437
0.921003240627 0.120665417059 0.24681991757
0.921098045643 0.120686378248 0.246832209624
0.921192374375 0.120707243296 0.246844436881
0.921286229073 0.120728012537 0.246856599634
0.92137961199 0.120748686299 0.246868698186
0.921472525375 0.120769264905 0.246880732856
0.921564971474 0.120789748671 0.246892703967
0.92165695253 0.12081013791 0.246904611856
0.921748470782 0.120830432929 0.246916456863
0.921839528462 0.120850634036 0.24692823934
0.921930127797 0.120870741532 0.246939959644
0.922020271008 0.120890755719 0.246951618136
0.922109960308 0.120910676895 0.246963215185
0.922199197903 0.120930505358 0.246974751165
0.922287985991 0.120950241404 0.246986226453
0.922376326761 0.120969885329 0.246997641432
0.922464222392 0.120989437427 0.247008996486
0.922551675054 0.121008897992 0.247020292004
0.92263868691 0.121028267319 0.24703152838
0.922725260109 0.121047545699 0.247042706008
0.922811396792 0.121066733428 0.247053825285
0.922897099088 0.121085830797 0.247064886613
0.922982369116 0.121104838099 0.247075890392
0.923067208982 0.121123755628 0.247086837029
0.923151620783 0.121142583675 0.24709772693
0.923235606601 0.121161322533 0.247108560503
0.92331916851 0.121179972496 0.247119338161
0.923402308568 0.121198533854 0.247130060315
0.923485028823 0.121217006899 0.24714072738
0.92356733131 0.121235391924 0.247151339774
0.923649218049 0.121253689219 0.247161897915
0.923730691048 0.121271899074 0.247172402226
0.923811752304 0.121290021781 0.247182853128
0.923892403798 0.121308057627 0.247193251049
0.923972647496 0.121326006902 0.247203596417
0.924052485353 0.121343869893 0.247213889662
0.924131919308 0.121361646887 0.247224131221
0.924210951285 0.121379338168 0.247234321529
0.924289583194 0.121396944021 0.247244461029
0.924367816929 0.121414464727 0.247254550165
0.92444565437 0.121431900567 0.247264589386
0.924523097379 0.12144925182 0.247274579146
0.924600147804 0.121466518762 0.247284519902
0.924676807474 0.121483701668 0.24729441212
0.924753078203 0.121500800808 0.247304256267
0.924828961786 0.121517816452 0.247314052821
0.92490446 0.121534748865 0.247323802264
0.924979574604 0.12155159831 0.247333505086
0.925054307337 0.121568365045 0.247343161787
0.925128659919 0.121585049326 0.247352772873
0.925202634049 0.121601651402 0.247362338863
0.925276231403 0.12161817152 0.247371860286
0.925349453635 0.121634609921 0.247381337681
0.925422302378 0.12165096684 0.247390771603
0.925494779238 0.121667242506 0.247400162618
0.925566885794 0.121683437141 0.24740951131
0.9256386236 0.121699550963 0.24741881828
0.925709994182 0.121715584178 0.247428084148
0.925780999032 0.121731536987 0.247437309552
0.925851639612 0.121747409581 0.247446495156
0.925921917349 0.121763202138 0.247455641649
0.925991833634 0.12177891483 0.247464749747
0.926061389816 0.121794547813 0.247473820195
0.926130587203 0.121810101233 0.247482853776
0.926199427056 0.121825575218 0.247491851308
0.926267910586 0.121840969883 0.247500813653
0.926336038949 0.121856285324 0.247509741718
0.926403813241 0.121871521618 0.247518636463
0.926471234493 0.121886678819 0.24752749891
0.926538303663 0.121901756957 0.247536330141
0.926605021628 0.121916756037 0.247545131319
0.926671389176 0.12193167603 0.247553903685
0.926737406995 0.121946516877 0.24756264858
0.926803075661 0.121961278476 0.247571367449
0.926868395623 0.121975960683 0.247580061865
0.926933367184 0.121990563306 0.24758873354
0.926997990485 0.122005086092 0.247597384348
0.927062265477 0.122019528724 0.247606016356
0.927126191893 0.12203389081 0.247614631845
0.927189769211 0.122048171868 0.247623233357
0.927252996615 0.122062371313 0.247631823734
0.927315872937 0.122076488437 0.247640406176
0.927378396591 0.12209052239 0.247648984307
0.927440565497 0.122104472146 0.247657562266
0.927502376967 0.122118336473 0.247666144812
0.927563827579 0.122132113884 0.247674737461
0.927624913 0.122145802581 0.247683346671
0.927685627759 0.122159400376 0.247691980073
0.927745964943 0.122172904594 0.247700646786
0.927805915788 0.122186311931 0.247709357841
0.927865469105 0.122199618273 0.247718126771
0.927924610474 0.122212818428 0.247726970438
0.927983321073 0.122225905748 0.247735910235
0.92804157593 0.122238871563 0.247744973883
0.928099341205 0.122251704318 0.247754198203
0.928156569821 0.122264388187 0.247763633581
0.928213194048 0.122276900748 0.247773351524
0.928269112113 0.122289208825 0.247783458271
0.928324162076 0.122301260466 0.247794121298
0.928378065245 0.122312967798 0.247805626577
0.928430284713 0.12232416479 0.247818521324
0.928479587358 0.122334478879 0.247834054579
0.928522096559 0.122342774593 0.247856128017
0.928531670784 0.122341810648 0.247910822989
0.928269512349 0.122266330903 0.248222191682
0.928323360777 0.122278530257 0.24823101953
0.928375335136 0.122290152462 0.248241432716
0.92842387998 0.122300727727 0.248255006758
0.928463527462 0.122308645141 0.248277290749
0.928439925884 0.122298858129 0.24836320269
0.928452570904 0.122301158441 0.248410476567
0.927952923185 0.12222396827 0.248782760246
0.928009970324 0.122237744346 0.248784373103
0.928066302235 0.1222514162 0.248786159851
0.928121828368 0.122264962701 0.248788253256
0.928176421258 0.122278344787 0.248790884894
0.928229849762 0.12229148708 0.24879445699
0.928281549268 0.122304232819 0.248799690649
0.928329874397 0.122316188358 0.248808167507
0.928368769548 0.122325812981 0.248825718798
0.92833498139 0.122313841313 0.248918872718
0.928355494842 0.122317521557 0.248951878312
0.928187598839 0.122331591835 0.248912861693
0.928241542315 0.122344950772 0.248912898662
0.928292923577 0.122358250651 0.248912532391
0.928338360085 0.12237150356 0.248911168694
0.928354451604 0.122384792886 0.248904706495
0.92820682711 0.122398615798 0.2488698646
0.928260023952 0.122411641586 0.248870014005
0.928309899744 0.122424612614 0.248869629109
0.928350511251 0.12243755011 0.248867669461
0.928293499103 0.122450779781 0.248848592639
0.928338636533 0.12246357825 0.248847492515
0.928351941834 0.122476423122 0.248840843666
0.928256286904 0.12248960168 0.248815202616
0.928306429733 0.122502187954 0.248815124654
0.928347963456 0.1225147413 0.248813583811
0.928311904703 0.122527497842 0.248798519069
0.928351248291 0.122539923517 0.248796688874
0.928253043063 0.122552780026 0.248770797914
0.928303403034 0.122565049098 0.248770976448
0.928345665801 0.12257728446 0.248769779997
0.928323222864 0.122589676009 0.248757306426
0.928355540788 0.122601812972 0.248754463187
0.926250322595 0.122622512669 0.248375649477
0.926318508792 0.122634404054 0.248379174359
0.926386340902 0.122646236016 0.248382679302
0.92645381983 0.122658008856 0.248386164253
0.92652094639 0.122669722873 0.248389629147
0.926587721298 0.122681378365 0.248393073899
0.926654145153 0.122692975628 0.248396498408
0.926720218429 0.122704514959 0.248399902549
0.926785941452 0.122715996653 0.248403286175
0.926851314379 0.122727421002 0.248406649107
0.926916337171 0.122738788302 0.248409991137
0.926981009565 0.122750098843 0.248413312016
0.927045331032 0.122761352917 0.248416611449
0.927109300728 0.122772550818 0.248419889088
0.927172917437 0.122783692834 0.248423144521
0.927236179497 0.122794779259 0.248426377258
0.927299084702 0.122805810384 0.248429586715
0.927361630185 0.122816786502 0.248432772194
0.927423812257 0.122827707905 0.248435932853
0.927485626199 0.122838574892 0.248439067672
0.927547065989 0.122849387759 0.248442175401
0.927608123916 0.122860146811 0.248445254498
0.927668790059 0.122870852357 0.248448303034
0.927729051533 0.122881504714 0.248451318563
0.927788891396 0.12289210421 0.248454297929
0.927848287001 0.122902651194 0.248457236978
0.927907207412 0.122913146036 0.248460130107
0.927965609213 0.122923589148 0.24846296953
0.92802342928 0.122933981002 0.248465744015
0.928080571533 0.122944322174 0.248468436566
0.928136880506 0.122954613428 0.248471019799
0.928192082356 0.122964855895 0.248473445634
0.928245630929 0.122975051551 0.248475618382
0.92829619723 0.122985204772 0.248477305527
0.928339080854 0.122995330096 0.248477685518
0.928326149043 0.123005568101 0.248468355091
0.928349993977 0.123015638956 0.24846548654
0.927350027401 0.123028224063 0.248284411385
0.927412274125 0.123038085305 0.248288318322
0.927474153368 0.123047897359 0.248292195926
0.927535659309 0.123057660489 0.248296043011
0.9275967845 0.123067374962 0.248299858107
0.927657519366 0.123077041049 0.248303639374
0.927717851492 0.123086659024 0.248307384481
0.927777764584 0.123096229175 0.248311090419
0.927837236919 0.123105751796 0.248314753234
0.927896238924 0.123115227203 0.248318367606
0.927954729269 0.123124655741 0.248321926164
0.928012648195 0.123134037797 0.248325418327
0.928069905401 0.123143373838 0.248328828187
0.928126356191 0.123152664468 0.248332130352
0.928181749192 0.123161910568 0.248335280821
0.928235593379 0.123171113647 0.248338193781
0.928286734855 0.123180276979 0.248340667732
0.928331374615 0.123189411012 0.24834203937
0.928339659256 0.123198599336 0.248337093021
0.928299456678 0.123207876509 0.248323715959
0.928340331684 0.123216882067 0.248324526543
0.928288488432 0.12322610337 0.248309167121
0.928332572422 0.123235016809 0.248310592402
0.928334938227 0.123243997522 0.248304767935
0.928326434745 0.123252956873 0.248297080185
0.928344389604 0.123261805788 0.248294038349
0.928126585469 0.123271284632 0.248249805317
0.928181946944 0.123279941921 0.248253356836
0.928235736552 0.123288559638 0.248256664216
0.928286762771 0.123297141297 0.248259519187
0.928331040169 0.123305697912 0.248261225767
0.928335487199 0.123314315629 0.248256012774
0.928318189884 0.123322942422 0.248247036618
0.928346523673 0.123331411499 0.248246050688
0.890166634593 0.123540840044 0.241436435136
0.890415405165 0.123548142493 0.24147469106
0.89066293318 0.123555408376 0.241512755909
0.890909224843 0.123562637875 0.241550630635
0.891154286328 0.123569831174 0.241588316188
0.891398123778 0.123576988453 0.241625813512
0.891640743306 0.123584109894 0.241663123549
