-0.00332754342592 -0.011437291185 0.00862720949196 -0.00115948246626 0.0130047689573 0.0
-0.00669599438393 -0.0228150067441 0.0171677978486 -0.00233999276636 0.0259202937424 0.0
-0.0101061489793 -0.0341345828694 0.0256229410693 -0.00354196041902 0.0387473855871 0.0
-0.0135588200202 -0.0453974023531 0.033993744852 -0.00476582662815 0.0514867785641 0.0
-0.0170548373079 -0.0566047960614 0.0422812462212 -0.00601204463846 0.0641391315384 0.0
-0.020595047917 -0.0677580442271 0.0504864149976 -0.0072810801017 0.076705029973 0.0
-0.0241803164654 -0.078858377567 0.0586101551203 -0.00857341145315 0.0891849876018 0.0
-0.0278115253724 -0.0899069782315 0.0666533058354 -0.0098895302992 0.101579447978 0.0
-0.0314895751033 -0.100904980591 0.0746166427604 -0.0112299418153 0.11388878591 0.0
-0.0352153843985 -0.111853471865 0.0825008788358 -0.012595165154 0.126113308797 0.0
-0.0389898904868 -0.122753492599 0.0903066651736 -0.0139857338642 0.13825325786 0.0
-0.0428140492794 -0.133606036991 0.0980345918134 -0.0154021963195 0.1503088093 0.0
-0.0466888355443 -0.144412053077 0.105685188396 -0.0168451161565 0.162280075366 0.0
-0.050615243057 -0.155172442772 0.113258924762 -0.0183150727233 0.174167105356 0.0
-0.0545942847272 -0.165888061774 0.12075621149 -0.019812661536 0.185969886554 0.0
-0.0586269926985 -0.176559719338 0.128177400378 -0.021338494744 0.197688345113 0.0
-0.0627144184177 -0.187188177914 0.135522784882 -0.0228932016033 0.209322346879 0.0
-0.0668576326717 -0.19777415266 0.142792600519 -0.024477428956 0.22087169818 0.0
-0.0710577255904 -0.208318310835 0.149987025243 -0.0260918417168 0.232336146568 0.0
-0.0753158066092 -0.218821271063 0.157106179811 -0.0277371233639 0.243715381538 0.0
-0.0796330043919 -0.229283602492 0.164150128139 -0.0294139764338 0.255009035214 0.0
-0.0840104667074 -0.23970582383 0.171118877666 -0.0311231230186 0.266216683011 0.0
-0.0884493602588 -0.25008840228 0.178012379729 -0.0328653052642 0.277337844292 0.0
-0.09295087046 -0.260431752372 0.184830529968 -0.0346412858674 0.288371983004 0.0
-0.0975162011556 -0.270736234698 0.191573168766 -0.0364518485702 0.299318508315 0.0
-0.102146574282 -0.281002154548 0.198240081735 -0.0382977986495 0.310176775245 0.0
-0.106843229462 -0.291229760479 0.204831000261 -0.0401799633982 0.320946085306 0.0
-0.111607423532 -0.301419242785 0.211345602117 -0.0420991925968 0.331625687149 0.0
-0.116440429995 -0.311570731919 0.21778351216 -0.0440563589717 0.342214777221 0.0
-0.121343538395 -0.321684296839 0.224144303114 -0.0460523586356 0.352712500445 0.0
-0.126318053608 -0.331759943317 0.23042749646 -0.0480881115095 0.363117950918 0.0
-0.131365295044 -0.341797612195 0.236632563437 -0.0501645617184 0.373430172631 0.0
-0.136486595752 -0.351797177627 0.242758926171 -0.0522826779592 0.383648160227 0.0
-0.141683301432 -0.361758445299 0.248805958937 -0.0544434538346 0.393770859779 0.0
-0.146956769339 -0.371681150645 0.254772989571 -0.0566479081485 0.403797169614 0.0
-0.152308367066 -0.381564957085 0.26065930103 -0.0588970851566 0.413725941168 0.0
-0.15773947123 -0.391409454285 0.266464133132 -0.0611920547664 0.423555979884 0.0
-0.163251466013 -0.401214156467 0.272186684458 -0.0635339126799 0.433286046153 0.0
-0.168845741591 -0.410978500781 0.277826114449 -0.0659237804731 0.442914856303 0.0
-0.174523692419 -0.420701845759 0.283381545683 -0.0683628056023 0.452441083624 0.0
-0.180286715374 -0.430383469875 0.288852066362 -0.0708521613318 0.461863359453 0.0
-0.186136207755 -0.440022570219 0.294236732997 -0.0733930465728 0.471180274298 0.0
-0.192073565127 -0.449618261323 0.299534573302 -0.0759866856254 0.48039037902 0.0
-0.198100179005 -0.459169574148 0.304744589299 -0.0786343278125 0.489492186054 0.0
-0.204217434372 -0.468675455256 0.309865760642 -0.0813372469986 0.498484170685 0.0
-0.210426707028 -0.478134766193 0.314897048151 -0.0840967409792 0.507364772375 0.0
-0.216729360762 -0.487546283106 0.319837397554 -0.0869141307334 0.516132396133 0.0
-0.223126744338 -0.496908696611 0.324685743453 -0.0897907595249 0.524785413935 0.0
-0.229620188303 -0.506220611931 0.329441013479 -0.0927279918424 0.533322166187 0.0
-0.236211001598 -0.515480549345 0.334102132655 -0.0957272121652 0.541740963237 0.0
-0.242900467977 -0.524686944942 0.338668027945 -0.0987898235433 0.550040086929 0.0
-0.249689842233 -0.533838151712 0.343137632982 -0.101917245977 0.558217792197 0.0
-0.256580346216 -0.542932441005 0.347509892961 -0.105110914584 0.566272308699 0.0
-0.26357316466 -0.551968004342 0.351783769684 -0.108372277547 0.5742018425 0.0
-0.270669440807 -0.560942955627 0.35595824674 -0.111702793814 0.582004577782 0.0
-0.277870271827 -0.569855333746 0.360032334794 -0.115103930554 0.589678678599 0.0
-0.285176704048 -0.578703105582 0.364005076982 -0.118577160356 0.597222290679 0.0
-0.292589727986 -0.58748416943 0.367875554366 -0.122123958137 0.604633543252 0.0
-0.300110273192 -0.596196358845 0.371642891446 -0.125745797784 0.611910550934 0.0
-0.307739202915 -0.604837446892 0.375306261693 -0.129444148486 0.619051415654 0.0
-0.315477308594 -0.613405150816 0.378864893073 -0.13322047077 0.62605422863 0.0
-0.323325304191 -0.621897137117 0.382318073544 -0.137076212218 0.632917072404 0.0
-0.331283820376 -0.63031102702 0.385665156493 -0.141012802873 0.63963802294 0.0
-0.339353398579 -0.638644402316 0.388905566079 -0.145031650321 0.6462151518 0.0
-0.347534484939 -0.646894811572 0.39203880246 -0.149134134442 0.652646528398 0.0
-0.355827424154 -0.655059776666 0.395064446866 -0.153321601848 0.658930222354 0.0
-0.364232453277 -0.663136799636 0.397982166501 -0.157595359995 0.665064305959 0.0
-0.372749695468 -0.671123369795 0.400791719225 -0.161956670987 0.671046856763 0.0
-0.381379153748 -0.679016971092 0.403492958012 -0.16640674507 0.676875960314 0.0
-0.390120704789 -0.686815089662 0.40608583513 -0.170946733846 0.682549713051 0.0
-0.398974092768 -0.694515221536 0.408570406042 -0.175577723213 0.688066225391 0.0
-0.407938923346 -0.702114880458 0.410946832983 -0.180300726062 0.693423625011 0.0
-0.417014657802 -0.709611605753 0.413215388199 -0.185116674749 0.69862006036 0.0
-0.426200607385 -0.71700297021 0.415376456823 -0.190026413391 0.703653704426 0.0
-0.435495927938 -0.724286587913 0.417430539373 -0.195030690005 0.708522758763 0.0
-0.444899614835 -0.731460121966 0.419378253839 -0.200130148553 0.713225457815 0.0
-0.454410498319 -0.738521292069 0.421220337365 -0.20532532093 0.717760073549 0.0
-0.464027239277 -0.745467881874 0.422957647489 -0.210616618951 0.722124920416 0.0
-0.473748325538 -0.752297746071 0.42459116294 -0.216004326403 0.726318360644 0.0
-0.483572068745 -0.759008817163 0.426121983984 -0.221488591226 0.730338809891 0.0
-0.493496601879 -0.765599111857 0.427551332289 -0.227069417889 0.734184743242 0.0
-0.503519877497 -0.772066737037 0.428880550338 -0.232746660044 0.737854701561 0.0
-0.51363966674 -0.778409895277 0.43011110034 -0.238520013528 0.741347298182 0.0
-0.523853559193 -0.784626889837 0.431244562671 -0.244389009805 0.744661225933 0.0
-0.534158963637 -0.790716129125 0.432282633821 -0.250353009919 0.747795264453 0.0
-0.544553109752 -0.796676130575 0.433227123848 -0.256411199054 0.750748287783 0.0
-0.555033050816 -0.802505523935 0.43407995335 -0.262562581784 0.753519272186 0.0
-0.565595667447 -0.808203053934 0.434843149938 -0.268805978088 0.756107304134 0.0
-0.576237672399 -0.813767582314 0.435518844223 -0.275140020216 0.758511588419 0.0
-0.586955616437 -0.81919808924 0.436109265331 -0.281563150481 0.760731456301 0.0
-0.597745895309 -0.824493674064 0.436616735924 -0.288073620042 0.762766373622 0.0
-0.608604757782 -0.829653555475 0.437043666769 -0.294669488741 0.764615948806 0.0
-0.619528314735 -0.834677071039 0.437392550837 -0.301348626044 0.766279940634 0.0
-0.630512549276 -0.839563676154 0.437665956969 -0.30810871312 0.767758265721 0.0
-0.641553327811 -0.844312942449 0.43786652311 -0.314947246102 0.769051005571 0.0
-0.652646412017 -0.84892455567 0.437996949139 -0.321861540515 0.770158413119 0.0
-0.663787471623 -0.853398313082 0.43805998932 -0.328848736901 0.771080918661 0.0
-0.674972097911 -0.857734120437 0.4380584444 -0.335905807599 0.77181913506 0.0
-0.686195817817 -0.861931988562 0.437995153391 -0.343029564663 0.772373862145 0.0
-0.697454108519 -0.865992029613 0.437872985071 -0.350216668859 0.772746090214 0.0
-0.708742412379 -0.86991445305 0.437694829248 -0.357463639688 0.772937002558 0.0
-0.720056152096 -0.873699561393 0.437463587837 -0.364766866351 0.772947976945 0.0
-0.731390745928 -0.87734774581 0.437182165797 -0.372122619554 0.772780586017 0.0
-0.742741622843 -0.880859481588 0.436853461991 -0.379527064077 0.772436596545 0.0
-0.754104237444 -0.884235323557 0.436480360018 -0.38697627196 0.771917967545 0.0
-0.765474084527 -0.887475901491 0.436065719091 -0.394466236209 0.771226847229 0.0
-0.776846713145 -0.890581915557 0.435612365017 -0.401992884877 0.770365568812 0.0
-0.788217740032 -0.893554131843 0.435123081345 -0.409552095401 0.769336645209 0.0
-0.799582862286 -0.896393378007 0.434600600754 -0.417139709046 0.768142762657 0.0
-0.810937869193 -0.899100539078 0.434047596737 -0.424751545347 0.766786773334 0.0
-0.822278653114 -0.901676553441 0.433466675647 -0.43238341639 0.765271687038 0.0
-0.833601219343 -0.904122409032 0.432860369166 -0.440031140839 0.763600662021 0.0
-0.8449016949 -0.906439139747 0.43223112725 -0.447690557573 0.761776995075 0.0
-0.856176336196 -0.908627822099 0.431581311605 -0.455357538835 0.759804110969 0.0
-0.867421535565 -0.910689572113 0.430913189725 -0.463028002796 0.757685551354 0.0
-0.878633826643 -0.912625542468 0.430228929554 -0.470697925458 0.755424963248 0.0
-0.889809888611 -0.914436919887 0.429530594772 -0.47836335181 0.753026087212 0.0
-0.900946549321 -0.916124922772 0.42882014076 -0.486020406195 0.750492745344 0.0
-0.912040787351 -0.917690799058 0.428099411238 -0.493665301833 0.747828829189 0.0
-0.923089733026 -0.919135824304 0.427370135592 -0.501294349479 0.745038287672 0.0
-0.934090668481 -0.920461299979 0.426633926888 -0.508903965183 0.742125115175 0.0
-0.945041026822 -0.921668551945 0.425892280577 -0.516490677163 0.739093339819 0.0
-0.95593839046 -0.922758929108 0.425146573858 -0.524051131771 0.73594701206 0.0
-0.966780488717 -0.923733802235 0.4243980657 -0.531582098598 0.732690193668 0.0
-0.977565194758 -0.924594562896 0.423647897483 -0.539080474706 0.72932694714 0.0
-0.988290521955 -0.925342622537 0.422897094231 -0.546543288043 0.725861325629 0.0
-0.998954619763 -0.925979411644 0.42214656641 -0.553967700067 0.722297363404 0.0
-1.00955576918 -0.926506378995 0.42139711224 -0.561351007616 0.718639066902 0.0
-1.0200923779 -0.926924990978 0.420649420485 -0.568690644085 0.714890406378 0.0
-1.03056297518 -0.927236730959 0.419904073684 -0.575984179938 0.711055308185 0.0
-1.04096620654 -0.927443098683 0.419161551765 -0.58322932262 0.707137647683 0.0
-1.05130082837 -0.927545609699 0.418422236006 -0.590423915917 0.703141242786 0.0
-1.0615657025 -0.927545794795 0.417686413294 -0.597565938811 0.699069848136 0.0
-1.07175979065 -0.92744519943 0.416954280634 -0.604653503877 0.694927149894 0.0
-1.08188214913 -0.927245383157 0.416225949869 -0.611684855287 0.690716761141 0.0
-1.09193192343 -0.926947919026 0.41550145256 -0.61865836645 0.686442217856 0.0
-1.1019083431 -0.92655439296 0.414780744995 -0.625572537337 0.682106975454 0.0
-1.11181071671 -0.926066403105 0.414063713269 -0.632425991544 0.677714405863 0.0
-1.12163842698 -0.925485559134 0.413350178425 -0.639217473121 0.673267795102 0.0
-1.1313909262 -0.924813481526 0.41263990159 -0.645945843211 0.668770341337 0.0
-1.14106773177 -0.924051800791 0.411932589096 -0.652610076524 0.664225153384 0.0
-1.15066842208 -0.923202156662 0.411227897553 -0.659209257693 0.659635249627 0.0
-1.16019263252 -0.92226619724 0.410525438833 -0.665742577521 0.655003557318 0.0
-1.1696400518 -0.921245578099 0.409824784953 -0.672209329167 0.650332912232 0.0
-1.17901041852 -0.920141961348 0.409125472841 -0.678608904271 0.64562605865 0.0
-1.18830351793 -0.918957014662 0.408427008946 -0.684940789057 0.64088564963 0.0
-1.19751917897 -0.917692410266 0.407728873689 -0.691204560423 0.636114247552 0.0
-1.20665727149 -0.916349823898 0.407030525748 -0.697399882038 0.631314324896 0.0
-1.21571770373 -0.914930933733 0.406331406142 -0.703526500458 0.626488265243 0.0
-1.22470042001 -0.913437419288 0.405630942131 -0.709584241279 0.621638364461 0.0
-1.23360539856 -0.911870960305 0.404928550903 -0.715573005328 0.616766832058 0.0
-1.24243264959 -0.910233235614 0.404223643054 -0.721492764916 0.61187579269 0.0
-1.25118221352 -0.908525921984 0.403515625861 -0.727343560142 0.606967287786 0.0
-1.25985415934 -0.906750692972 0.402803906333 -0.733125495279 0.602043277289 0.0
-1.26844858314 -0.904909217763 0.402087894049 -0.738838735225 0.597105641487 0.0
-1.2769656068 -0.903003160013 0.401367003782 -0.744483502038 0.592156182915 0.0
-1.28540537672 -0.901034176698 0.400640657916 -0.750060071557 0.587196628327 0.0
-1.29376806274 -0.899003916976 0.399908288649 -0.75556877011 0.582228630711 0.0
-1.30205385709 -0.896914021057 0.399169339993 -0.761009971313 0.577253771343 0.0
-1.31026297351 -0.894766119105 0.398423269581 -0.766384092959 0.57227356186 0.0
-1.31839564634 -0.892561830148 0.39766955028 -0.771691594013 0.567289446361 0.0
-1.32645212978 -0.890302761024 0.396907671615 -0.776932971689 0.562302803503 0.0
-1.3344326971 -0.887990505356 0.39613714102 -0.782108758638 0.5573149486 0.0
-1.34233763999 -0.885626642555 0.395357484923 -0.787219520225 0.552327135715 0.0
-1.35016726792 -0.883212736871 0.394568249658 -0.792265851909 0.547340559736 0.0
-1.35792190748 -0.880750336468 0.393769002236 -0.797248376725 0.542356358429 0.0
-1.36560190186 -0.87824097255 0.392959330966 -0.802167742855 0.537375614469 0.0
-1.37320761023 -0.87568615853 0.39213884594 -0.807024621303 0.532399357439 0.0
-1.38073940725 -0.87308738924 0.391307179393 -0.811819703672 0.527428565795 0.0
-1.38819768247 -0.870446140188 0.390463985946 -0.816553700026 0.522464168793 0.0
-1.39558283988 -0.867763866867 0.389608942733 -0.821227336857 0.517507048382 0.0
-1.40289529735 -0.865042004105 0.388741749438 -0.825841355139 0.512558041046 0.0
-1.41013548612 -0.862281965472 0.387862128227 -0.830396508482 0.507617939605 0.0
-1.41730385034 -0.859485142727 0.386969823604 -0.834893561367 0.502687494977 0.0
-1.42440084648 -0.856652905325 0.386064602188 -0.83933328748 0.497767417881 0.0
-1.43142694292 -0.85378659996 0.385146252416 -0.843716468128 0.492858380499 0.0
-1.43838261939 -0.850887550171 0.384214584193 -0.848043890738 0.487961018091 0.0
-1.44526836645 -0.847957055983 0.383269428476 -0.852316347447 0.483075930556 0.0
-1.45208468502 -0.844996393603 0.382310636819 -0.856534633767 0.478203683947 0.0
-1.45883208586 -0.842006815159 0.381338080868 -0.860699547328 0.473344811932 0.0
-1.46551108905 -0.838989548483 0.380351651822 -0.864811886704 0.468499817214 0.0
-1.47212222348 -0.835945796942 0.379351259868 -0.868872450305 0.463669172895 0.0
-1.47866602636 -0.832876739307 0.37833683358 -0.872882035348 0.458853323791 0.0
-1.48514304268 -0.829783529661 0.377308319305 -0.876841436893 0.454052687711 0.0
-1.49155382472 -0.826667297355 0.376265680528 -0.880751446945 0.449267656671 0.0
-1.49789893156 -0.82352914699 0.375208897226 -0.884612853625 0.444498598078 0.0
-1.50417892855 -0.820370158443 0.374137965214 -0.8884264404 0.439745855858 0.0
-1.51039438683 -0.817191386924 0.373052895484 -0.892192985369 0.435009751548 0.0
-1.51654588284 -0.813993863064 0.37195371354 -0.895913260613 0.430290585335 0.0
-1.52263399782 -0.810778593037 0.37084045874 -0.899588031592 0.425588637064 0.0
-1.52865931734 -0.807546558705 0.369713183635 -0.9032180566 0.420904167198 0.0
-1.53462243083 -0.804298717798 0.368571953317 -0.906804086263 0.416237417737 0.0
-1.54052393112 -0.801036004107 0.367416844771 -0.910346863092 0.411588613104 0.0
-1.54636441397 -0.797759327712 0.366247946243 -0.913847121074 0.406957960989 0.0
-1.55214447766 -0.794469575228 0.365065356614 -0.917305585304 0.402345653161 0.0
-1.55786472249 -0.791167610063 0.363869184784 -0.920722971669 0.397751866236 0.0
-1.56352575046 -0.787854272706 0.36265954908 -0.924099986552 0.393176762425 0.0
-1.56912816475 -0.784530381023 0.361436576665 -0.927437326588 0.388620490236 0.0
-1.57467256939 -0.781196730572 0.360200402978 -0.930735678445 0.38408318515 0.0
-1.58015956888 -0.777854094928 0.358951171175 -0.933995718637 0.379564970273 0.0
-1.58558976775 -0.774503226025 0.357689031598 -0.937218113371 0.375065956945 0.0
-1.59096377027 -0.771144854502 0.356414141254 -0.940403518417 0.370586245331 0.0
-1.59628218007 -0.767779690067 0.355126663321 -0.943552579005 0.366125924986 0.0
-1.60154559981 -0.764408421858 0.353826766658 -0.946665929754 0.361685075386 0.0
-1.60675463084 -0.761031718818 0.352514625347 -0.949744194609 0.357263766441 0.0
-1.61190987293 -0.757650230079 0.351190418245 -0.952787986811 0.352862058982 0.0
-1.61701192396 -0.754264585338 0.349854328552 -0.955797908885 0.348480005226 0.0
-1.62206137963 -0.750875395251 0.348506543407 -0.958774552639 0.344117649217 0.0
-1.62705883321 -0.74748325182 0.34714725349 -0.961718499188 0.339775027249 0.0
-1.63200487526 -0.744088728782 0.345776652646 -0.964630318988 0.335452168266 0.0
-1.63690009341 -0.740692382006 0.344394937532 -0.967510571888 0.331149094247 0.0
-1.64174507214 -0.737294749886 0.343002307267 -0.970359807192 0.326865820571 0.0
-1.64654039255 -0.733896353726 0.341598963116 -0.97317856373 0.322602356359 0.0
-1.65128663215 -0.730497698138 0.340185108171 -0.975967369952 0.31835870481 0.0
-1.65598436468 -0.72709927143 0.338760947066 -0.978726744014 0.314134863514 0.0
-1.66063415993 -0.723701545986 0.337326685692 -0.981457193889 0.309930824749 0.0
-1.6652365836 -0.720304978659 0.335882530937 -0.984159217476 0.305746575769 0.0
-1.66979219708 -0.716910011142 0.334428690432 -0.986833302717 0.301582099075 0.0
-1.67430155737 -0.713517070349 0.332965372322 -0.989479927727 0.297437372672 0.0
-1.6787652169 -0.710126568788 0.331492785037 -0.992099560923 0.293312370315 0.0
-1.68318372343 -0.706738904923 0.330011137087 -0.994692661159 0.289207061743 0.0
-1.68755761994 -0.703354463542 0.32852063686 -0.997259677864 0.285121412903 0.0
-1.69188744451 -0.69997361611 0.327021492443 -0.999801051191 0.281055386158 0.0
-1.69617373023 -0.696596721123 0.325513911442 -1.00231721216 0.277008940492 0.0
-1.70041700512 -0.693224124455 0.323998100823 -1.00480858281 0.272982031701 0.0
-1.70461779204 -0.689856159694 0.32247426676 -1.00727557635 0.268974612574 0.0
-1.70877660863 -0.686493148481 0.320942614489 -1.00971859731 0.264986633067 0.0
-1.71289396726 -0.683135400837 0.319403348179 -1.01213804168 0.261018040467 0.0
-1.71697037495 -0.679783215482 0.317856670806 -1.01453429712 0.257068779554 0.0
-1.72100633332 -0.676436880156 0.316302784042 -1.01690774303 0.253138792742 0.0
-1.72500233861 -0.673096671923 0.314741888145 -1.0192587508 0.249228020229 0.0
-1.72895888157 -0.669762857478 0.313174181863 -1.02158768388 0.245336400127 0.0
-1.73287644746 -0.666435693441 0.311599862343 -1.023894898 0.241463868595 0.0
-1.73675551607 -0.663115426648 0.310019125047 -1.02618074128 0.237610359955 0.0
-1.74059656162 -0.659802294436 0.308432163676 -1.02844555442 0.233775806816 0.0
-1.74440005284 -0.656496524915 0.3068391701 -1.03068967083 0.229960140178 0.0
-1.74816645291 -0.653198337245 0.305240334295 -1.03291341679 0.226163289543 0.0
-1.75189621947 -0.649907941898 0.303635844283 -1.03511711159 0.22238518301 0.0
-1.75558980461 -0.646625540912 0.302025886084 -1.03730106769 0.218625747375 0.0
-1.75924765493 -0.643351328151 0.300410643662 -1.03946559087 0.214884908218 0.0
-1.7628702115 -0.640085489542 0.29879029889 -1.04161098037 0.211162589991 0.0
-1.76645790988 -0.636828203318 0.297165031509 -1.04373752902 0.207458716101 0.0
-1.77001118017 -0.633579640253 0.295535019094 -1.04584552341 0.203773208987 0.0
-1.77353044702 -0.630339963885 0.293900437028 -1.04793524401 0.200105990191 0.0
-1.77701612964 -0.627109330743 0.292261458476 -1.0500069653 0.196456980435 0.0
-1.78046864183 -0.623887890555 0.290618254364 -1.05206095593 0.192826099685 0.0
-1.78388839205 -0.620675786464 0.28897099336 -1.05409747883 0.189213267212 0.0
-1.78727578339 -0.61747315523 0.287319841862 -1.05611679135 0.185618401658 0.0
-1.79063121369 -0.614280127428 0.285664963986 -1.0581191454 0.18204142109 0.0
-1.79395507548 -0.611096827642 0.284006521556 -1.06010478754 0.178482243058 0.0
-1.7972477561 -0.607923374653 0.282344674099 -1.06207395914 0.174940784644 0.0
-1.8005096377 -0.604759881621 0.280679578843 -1.0640268965 0.171416962513 0.0
-1.8037410973 -0.601606456262 0.279011390718 -1.06596383094 0.167910692961 0.0
-1.80694250684 -0.598463201024 0.27734026235 -1.06788498893 0.164421891958 0.0
-1.81011423321 -0.59533021325 0.275666344073 -1.06979059223 0.160950475195 0.0
-1.8132566383 -0.592207585343 0.273989783931 -1.07168085795 0.157496358117 0.0
-1.81637007907 -0.589095404927 0.272310727683 -1.07355599871 0.15405945597 0.0
-1.81945490757 -0.585993754994 0.270629318815 -1.07541622273 0.150639683831 0.0
-1.82251147102 -0.582902714061 0.26894569855 -1.0772617339 0.147236956646 0.0
-1.82554011185 -0.57982235631 0.267260005858 -1.07909273194 0.143851189261 0.0
-1.82854116773 -0.57675275173 0.265572377471 -1.08090941246 0.140482296457 0.0
-1.83151497167 -0.573693966252 0.263882947896 -1.08271196708 0.137130192976 0.0
-1.83446185202 -0.570646061887 0.262191849433 -1.08450058351 0.13379479355 0.0
-1.83738213258 -0.567609096847 0.260499212187 -1.08627544563 0.13047601293 0.0
-1.84027613261 -0.564583125674 0.258805164092 -1.08803673365 0.127173765907 0.0
-1.8431441669 -0.561568199363 0.257109830921 -1.08978462409 0.123887967342 0.0
-1.84598654584 -0.558564365474 0.255413336312 -1.09151928997 0.120618532183 0.0
-1.84880357544 -0.555571668251 0.253715801787 -1.09324090084 0.117365375491 0.0
-1.85159555741 -0.55259014873 0.252017346767 -1.09494962286 0.114128412458 0.0
-1.85436278924 -0.549619844846 0.250318088601 -1.09664561892 0.110907558428 0.0
-1.85710556419 -0.546660791537 0.248618142582 -1.09832904868 0.107702728914 0.0
-1.8598241714 -0.543713020848 0.246917621969 -1.10000006866 0.104513839617 0.0
-1.86251889593 -0.540776562023 0.245216638014 -1.10165883232 0.101340806438 0.0
-1.86519001879 -0.537851441604 0.243515299979 -1.10330549012 0.0981835455017 0.0
-1.86783781704 -0.534937683521 0.241813715165 -1.10494018963 0.0950419731633 0.0
-1.87046256382 -0.532035309183 0.240111988931 -1.10656307555 0.0919160060266 0.0
-1.87306452838 -0.52914433756 0.238410224717 -1.10817428979 0.0888055609555 0.0
-1.8756439762 -0.526264785273 0.236708524075 -1.10977397157 0.0857105550872 0.0
-1.87820116896 -0.523396666668 0.235006986682 -1.11136225744 0.082630905843 0.0
-1.88073636466 -0.5205399939 0.233305710374 -1.11293928138 0.0795665309396 0.0
-1.88324981765 -0.517694777007 0.231604791165 -1.11450517483 0.0765173483996 0.0
-1.88574177867 -0.514861023982 0.229904323272 -1.11606006678 0.0734832765607 0.0
-1.88821249491 -0.512038740849 0.22820439914 -1.11760408379 0.0704642340848 0.0
-1.89066221009 -0.509227931727 0.226505109466 -1.1191373501 0.0674601399669 0.0
-1.89309116445 -0.506428598901 0.224806543222 -1.12065998763 0.0644709135427 0.0
-1.89549959486 -0.503640742884 0.223108787682 -1.12217211608 0.0614964744959 0.0
-1.89788773484 -0.500864362484 0.221411928443 -1.12367385294 0.0585367428654 0.0
-1.90025581461 -0.49809945486 0.219716049453 -1.12516531358 0.0555916390519 0.0
-1.90260406116 -0.495346015584 0.218021233029 -1.12664661128 0.0526610838234 0.0
-1.90493269827 -0.492604038698 0.216327559887 -1.12811785729 0.0497449983212 0.0
-1.90724194657 -0.48987351677 0.214635109163 -1.12957916085 0.046843304065 0.0
-1.9095320236 -0.487154440945 0.212943958436 -1.13103062927 0.0439559229574 0.0
-1.91180314383 -0.484446801 0.211254183751 -1.13247236795 0.0410827772888 0.0
-1.91405551874 -0.481750585393 0.209565859645 -1.13390448047 0.038223789741 0.0
-1.91628935683 -0.479065781311 0.207879059168 -1.13532706855 0.0353788833913 0.0
-1.9185048637 -0.476392374719 0.206193853906 -1.13674023217 0.0325479817155 0.0
-1.92070224206 -0.473730350404 0.204510314003 -1.13814406957 0.0297310085913 0.0
-1.92288169181 -0.47107969202 0.202828508188 -1.1395386773 0.0269278883007 0.0
-1.92504341004 -0.468440382132 0.201148503788 -1.14092415027 0.0241385455332 0.0
-1.92718759113 -0.465812402255 0.199470366761 -1.14230058176 0.0213629053872 0.0
-1.92931442673 -0.463195732897 0.197794161709 -1.14366806348 0.0186008933724 0.0
-1.93142410584 -0.460590353595 0.196119951904 -1.14502668561 0.0158524354118 0.0
-1.93351681485 -0.457996242954 0.194447799309 -1.1463765368 0.0131174578427 0.0
-1.93559273758 -0.455413378686 0.192777764598 -1.14771770424 0.0103958874181 0.0
-1.93765205529 -0.452841737641 0.191109907177 -1.14905027369 0.00768765130795 0.0
-1.93969494676 -0.450281295843 0.189444285204 -1.15037432948 0.00499267709999 0.0
-1.94172158831 -0.447732028524 0.187780955613 -1.15168995459 0.00231089280028 0.0
-1.94373215382 -0.445193910154 0.186119974128 -1.15299723063 -0.000357773166192 0.0
-1.94572681483 -0.442666914475 0.184461395288 -1.15429623791 -0.00301339195524 0.0
-1.94770574048 -0.440151014527 0.182805272464 -1.15558705546 -0.00565603430331 0.0
-1.94966909764 -0.437646182683 0.18115165788 -1.15686976102 -0.00828577052745 0.0
-1.95161705091 -0.435152390668 0.17950060263 -1.15814443114 -0.0109026705255 0.0
-1.95354976261 -0.432669609596 0.177852156697 -1.15941114113 -0.0135068037764 0.0
-1.95546739291 -0.430197809989 0.176206368974 -1.16066996514 -0.0160982393406 0.0
-1.95737009977 -0.427736961808 0.174563287281 -1.16192097618 -0.0186770458605 0.0
-1.95925803905 -0.425287034473 0.17292295838 -1.16316424612 -0.0212432915614 0.0
-1.96113136447 -0.42284799689 0.171285427998 -1.16439984571 -0.0237970442519 0.0
-1.96299022772 -0.420419817471 0.169650740841 -1.16562784464 -0.0263383713253 0.0
-1.96483477843 -0.418002464162 0.168018940611 -1.16684831156 -0.0288673397602 0.0
-1.96666516423 -0.415595904456 0.166390070027 -1.16806131405 -0.0313840161216 0.0
-1.96848153079 -0.413200105423 0.164764170837 -1.1692669187 -0.0338884665626 0.0
-1.97028402182 -0.410815033725 0.163141283835 -1.17046519111 -0.0363807568249 0.0
-1.97207277912 -0.408440655634 0.161521448881 -1.1716561959 -0.038860952241 0.0
-1.97384794263 -0.406076937058 0.159904704915 -1.17283999676 -0.0413291177349 0.0
-1.97560965041 -0.40372384355 0.158291089969 -1.17401665642 -0.0437853178243 0.0
-1.9773580387 -0.401381340335 0.156680641189 -1.17518623674 -0.0462296166216 0.0
-1.97909324197 -0.39904939232 0.155073394845 -1.17634879865 -0.0486620778359 0.0
-1.98081539288 -0.396727964113 0.153469386351 -1.17750440224 -0.0510827647747 0.0
-1.98252462239 -0.394417020041 0.151868650274 -1.17865310671 -0.0534917403456 0.0
-1.98422105972 -0.392116524163 0.150271220352 -1.17979497046 -0.0558890670581 0.0
-1.98590483242 -0.389826440286 0.148677129509 -1.18093005105 -0.0582748070256 0.0
-1.98757606637 -0.387546731978 0.147086409866 -1.18205840524 -0.0606490219674 0.0
-1.98923488581 -0.385277362584 0.145499092759 -1.18318008899 -0.0630117732104 0.0
-1.99088141339 -0.38301829524 0.143915208748 -1.18429515752 -0.0653631216913 0.0
-1.99251577015 -0.380769492884 0.142334787634 -1.18540366526 -0.0677031279587 0.0
-1.99413807559 -0.378530918268 0.14075785847 -1.18650566593 -0.0700318521752 0.0
-1.99574844766 -0.376302533974 0.139184449577 -1.1876012125 -0.0723493541195 0.0
-1.99734700281 -0.374084302422 0.137614588551 -1.18869035723 -0.0746556931885 0.0
-1.998933856 -0.371876185885 0.136048302283 -1.1897731517 -0.0769509283995 0.0
-2.0005091207 -0.369678146495 0.134485616965 -1.1908496468 -0.0792351183925 0.0
-2.00207290896 -0.36749014626 0.132926558106 -1.19191989273 -0.0815083214327 0.0
-2.0036253314 -0.365312147069 0.131371150542 -1.19298393907 -0.083770595412 0.0
-2.00516649725 -0.363144110704 0.129819418447 -1.19404183471 -0.0860219978522 0.0
-2.00669651434 -0.360985998851 0.128271385349 -1.19509362795 -0.0882625859066 0.0
-2.00821548916 -0.358837773106 0.126727074135 -1.19613936644 -0.090492416363 0.0
-2.00972352685 -0.356699394987 0.125186507067 -1.19717909724 -0.0927115456453 0.0
-2.01122073125 -0.354570825941 0.123649705791 -1.1982128668 -0.0949200298164 0.0
-2.01270720489 -0.352452027354 0.122116691349 -1.19924072099 -0.0971179245804 0.0
-2.01418304902 -0.350342960557 0.120587484187 -1.20026270512 -0.0993052852848 0.0
-2.01564836364 -0.348243586835 0.119062104167 -1.20127886391 -0.101482166923 0.0
-2.0171032475 -0.346153867434 0.117540570579 -1.20228924155 -0.103648624138 0.0
-2.01854779816 -0.344073763569 0.116022902148 -1.20329388167 -0.105804711221 0.0
-2.01998211194 -0.34200323643 0.114509117047 -1.20429282738 -0.107950482119 0.0
-2.02140628399 -0.339942247191 0.112999232902 -1.20528612126 -0.110085990433 0.0
-2.0228204083 -0.337890757012 0.111493266807 -1.20627380538 -0.112211289423 0.0
-2.02422457772 -0.33584872705 0.10999123533 -1.2072559213 -0.114326432008 0.0
-2.02561888393 -0.333816118463 0.108493154523 -1.20823251011 -0.116431470772 0.0
-2.02700341755 -0.331792892417 0.106999039932 -1.20920361238 -0.118526457961 0.0
-2.02837826805 -0.329779010089 0.105508906605 -1.21016926821 -0.120611445492 0.0
-2.02974352385 -0.327774432674 0.1040227691 -1.21112951726 -0.122686484951 0.0
-2.03109927229 -0.325779121393 0.102540641494 -1.21208439871 -0.124751627595 0.0
-2.03244559967 -0.323793037492 0.101062537394 -1.21303395127 -0.126806924358 0.0
-2.03378259126 -0.321816142253 0.099588469943 -1.21397821323 -0.12885242585 0.0
-2.03511033129 -0.319848396996 0.0981184518265 -1.21491722245 -0.130888182361 0.0
-2.036428903 -0.31788976308 0.0966524952841 -1.21585101634 -0.132914243863 0.0
-2.03773838864 -0.315940201915 0.0951906121152 -1.2167796319 -0.134930660013 0.0
-2.03903886949 -0.313999674961 0.0937328136876 -1.21770310572 -0.136937480154 0.0
-2.04033042585 -0.312068143731 0.0922791109446 -1.21862147398 -0.138934753318 0.0
-2.04161313709 -0.310145569799 0.090829514413 -1.21953477244 -0.140922528231 0.0
-2.04288708164 -0.3082319148 0.08938403421 -1.22044303652 -0.14290085331 0.0
-2.04415233703 -0.306327140439 0.0879426800506 -1.22134630119 -0.144869776669 0.0
-2.04540897985 -0.304431208485 0.0865054612549 -1.22224460109 -0.146829346121 0.0
-2.04665708583 -0.302544080784 0.0850723867549 -1.22313797045 -0.148779609181 0.0
-2.04789672979 -0.300665719258 0.0836434651012 -1.22402644317 -0.150720613065 0.0
-2.0491279857 -0.298796085906 0.0822187044702 -1.22491005277 -0.152652404696 0.0
-2.05035092669 -0.296935142811 0.0807981126704 -1.2257888324 -0.154575030705 0.0
-2.05156562502 -0.29508285214 0.0793816971487 -1.22666281488 -0.156488537431 0.0
-2.05277215212 -0.293239176148 0.0779694649976 -1.2275320327 -0.158392970928 0.0
-2.05397057863 -0.29140407718 0.0765614229605 -1.22839651798 -0.160288376963 0.0
-2.05516097435 -0.289577517675 0.0751575774387 -1.22925630252 -0.16217480102 0.0
-2.05634340831 -0.287759460166 0.073757934497 -1.23011141781 -0.164052288303 0.0
-2.05751794875 -0.285949867282 0.0723624998697 -1.230961895 -0.165920883736 0.0
-2.05868466311 -0.284148701754 0.0709712789667 -1.23180776493 -0.167780631966 0.0
-2.05984361812 -0.282355926413 0.0695842768793 -1.23264905812 -0.169631577369 0.0
-2.06099487971 -0.280571504194 0.0682014983856 -1.23348580481 -0.171473764045 0.0
-2.06213851309 -0.278795398138 0.066822947956 -1.2343180349 -0.173307235825 0.0
-2.06327458274 -0.277027571393 0.0654486297591 -1.23514577802 -0.175132036274 0.0
-2.06440315242 -0.275267987217 0.0640785476668 -1.23596906351 -0.176948208688 0.0
-2.06552428519 -0.273516608975 0.0627127052597 -1.2367879204 -0.178755796102 0.0
-2.06663804338 -0.27177340015 0.061351105832 -1.23760237745 -0.180554841289 0.0
-2.06774448865 -0.270038324334 0.0599937523972 -1.23841246315 -0.18234538676 0.0
-2.06884368199 -0.268311345237 0.0586406476924 -1.23921820571 -0.184127474773 0.0
-2.0699356837 -0.266592426684 0.057291794184 -1.24001963305 -0.185901147326 0.0
-2.07102055341 -0.264881532619 0.0559471940718 -1.24081677285 -0.187666446167 0.0
-2.07209835014 -0.263178627105 0.0546068492944 -1.24160965252 -0.189423412792 0.0
-2.07316913221 -0.261483674324 0.0532707615333 -1.24239829921 -0.191172088446 0.0
-2.07423295734 -0.259796638581 0.0519389322183 -1.2431827398 -0.192912514127 0.0
-2.07528988263 -0.258117484302 0.050611362531 -1.24396300095 -0.194644730591 0.0
-2.07633996453 -0.256446176038 0.0492880534102 -1.24473910904 -0.196368778346 0.0
-2.07738325891 -0.254782678464 0.0479690055557 -1.24551109024 -0.198084697661 0.0
-2.07841982102 -0.253126956377 0.0466542194329 -1.24627897046 -0.199792528566 0.0
-2.07944970552 -0.251478974706 0.0453436952767 -1.24704277536 -0.20149231085 0.0
-2.08047296651 -0.249838698501 0.0440374330961 -1.24780253041 -0.203184084071 0.0
-2.08148965748 -0.248206092942 0.042735432678 -1.2485582608 -0.204867887549 0.0
-2.08249983136 -0.246581123339 0.0414376935911 -1.24930999154 -0.206543760375 0.0
-2.08350354052 -0.244963755128 0.0401442151903 -1.25005774737 -0.208211741407 0.0
-2.08450083679 -0.243353953876 0.0388549966199 -1.25080155285 -0.209871869278 0.0
-2.08549177144 -0.241751685278 0.0375700368183 -1.2515414323 -0.211524182391 0.0
-2.0864763952 -0.240156915162 0.0362893345209 -1.25227740984 -0.213168718926 0.0
-2.08745475826 -0.238569609486 0.0350128882643 -1.25300950937 -0.214805516841 0.0
-2.08842691031 -0.236989734338 0.0337406963898 -1.25373775458 -0.216434613871 0.0
-2.0893929005 -0.23541725594 0.0324727570469 -1.25446216897 -0.218056047533 0.0
-2.09035277748 -0.233852140645 0.031209068197 -1.25518277581 -0.219669855124 0.0
-2.09130658938 -0.232294354937 0.0299496276165 -1.25589959821 -0.221276073729 0.0
-2.09225438386 -0.230743865436 0.0286944329005 -1.25661265903 -0.222874740215 0.0
-2.09319620805 -0.229200638892 0.0274434814661 -1.25732198099 -0.224465891237 0.0
-2.09413210864 -0.22766464219 0.0261967705555 -1.25802758659 -0.226049563242 0.0
-2.09506213181 -0.226135842347 0.0249542972395 -1.25872949814 -0.227625792464 0.0
-2.09598632328 -0.224614206514 0.0237160584202 -1.25942773777 -0.229194614931 0.0
-2.09690472828 -0.223099701976 0.0224820508347 -1.26012232743 -0.230756066467 0.0
-2.09781739163 -0.221592296152 0.0212522710578 -1.26081328887 -0.232310182687 0.0
-2.09872435765 -0.220091956594 0.0200267155051 -1.26150064369 -0.233856999008 0.0
-2.09962567023 -0.218598650988 0.018805380436 -1.26218441328 -0.235396550643 0.0
-2.10052137281 -0.217112347155 0.0175882619565 -1.26286461888 -0.236928872606 0.0
-2.10141150841 -0.21563301305 0.0163753560222 -1.26354128155 -0.238453999713 0.0
-2.10229611959 -0.21416061676 0.0151666584411 -1.26421442218 -0.239971966584 0.0
-2.10317524852 -0.212695126507 0.0139621648762 -1.26488406148 -0.241482807643 0.0
-2.10404893693 -0.211236510647 0.0127618708486 -1.26555022001 -0.242986557122 0.0
-2.10491722612 -0.209784737671 0.0115657717398 -1.26621291817 -0.244483249059 0.0
-2.105780157 -0.208339776202 0.0103738627944 -1.26687217618 -0.245972917304 0.0
-2.10663777009 -0.206901594996 0.00918613912306 -1.26752801411 -0.247455595515 0.0
-2.10749010547 -0.205470162944 0.00800259570452 -1.26818045187 -0.248931317166 0.0
-2.10833720286 -0.204045449069 0.0068232273885 -1.26882950921 -0.25040011554 0.0
-2.10917910158 -0.20262742253 0.00564802889802 -1.26947520574 -0.251862023741 0.0
-2.11001584056 -0.201216052614 0.00447699483183 -1.27011756091 -0.253317074686 0.0
-2.11084745836 -0.199811308745 0.00331011966687 -1.27075659401 -0.25476530111 0.0
-2.11167399315 -0.198413160479 0.0021473977605 -1.27139232419 -0.256206735569 0.0
-2.11249548275 -0.197021577501 0.000988823352957 -1.27202477046 -0.25764141044 0.0
-2.11331196459 -0.195636529632 -0.000165609430491 -1.27265395167 -0.25906935792 0.0
-2.11412347577 -0.194257986823 -0.00131590657722 -1.27327988655 -0.260490610033 0.0
-2.114930053 -0.192885919156 -0.00246207418509 -1.27390259365 -0.261905198625 0.0
-2.11573173266 -0.191520296846 -0.0036041184603 -1.27452209143 -0.26331315537 0.0
-2.11652855078 -0.190161090237 -0.00474204571518 -1.27513839816 -0.264714511767 0.0
-2.11732054303 -0.188808269805 -0.00587586236616 -1.27575153201 -0.266109299147 0.0
-2.11810774476 -0.187461806156 -0.00700557493168 -1.27636151101 -0.26749754867 0.0
-2.11889019098 -0.186121670027 -0.00813119003018 -1.27696835304 -0.268879291326 0.0
-2.11966791635 -0.184787832282 -0.00925271437806 -1.27757207585 -0.270254557939 0.0
-2.12044095524 -0.183460263917 -0.0103701547878 -1.27817269709 -0.271623379168 0.0
-2.12120934166 -0.182138936056 -0.0114835181658 -1.27877023424 -0.272985785503 0.0
-2.12197310931 -0.180823819953 -0.0125928115108 -1.27936470467 -0.274341807275 0.0
-2.1227322916 -0.179514886987 -0.0136980419119 -1.27995612564 -0.27569147465 0.0
-2.12348692159 -0.178212108668 -0.0147992165465 -1.28054451425 -0.277034817634 0.0
-2.12423703205 -0.176915456633 -0.0158963426787 -1.2811298875 -0.278371866071 0.0
-2.12498265546 -0.175624902644 -0.0169894276575 -1.28171226228 -0.279702649648 0.0
-2.12572382398 -0.174340418594 -0.0180784789149 -1.28229165533 -0.281027197893 0.0
-2.12646056946 -0.173061976497 -0.0191635039645 -1.28286808328 -0.282345540179 0.0
-2.1271929235 -0.171789548498 -0.0202445103993 -1.28344156265 -0.283657705722 0.0
-2.12792091737 -0.170523106864 -0.0213215058905 -1.28401210985 -0.284963723584 0.0
-2.12864458207 -0.169262623988 -0.0223944981856 -1.28457974115 -0.286263622674 0.0
-2.12936394831 -0.168008072389 -0.0234634951068 -1.28514447272 -0.287557431749 0.0
-2.13007904653 -0.166759424709 -0.0245285045495 -1.28570632062 -0.288845179415 0.0
-2.13078990688 -0.165516653713 -0.0255895344805 -1.28626530079 -0.290126894127 0.0
-2.13149655925 -0.164279732292 -0.0266465929367 -1.28682142907 -0.291402604194 0.0
-2.13219903326 -0.163048633458 -0.0276996880237 -1.28737472118 -0.292672337773 0.0
-2.13289735824 -0.161823330345 -0.0287488279138 -1.28792519273 -0.293936122879 0.0
-2.13359156328 -0.160603796211 -0.0297940208448 -1.28847285924 -0.295193987377 0.0
-2.1342816772 -0.159390004434 -0.0308352751189 -1.2890177361 -0.29644595899 0.0
-2.13496772856 -0.158181928513 -0.0318725991006 -1.28955983861 -0.297692065296 0.0
-2.13564974568 -0.156979542068 -0.0329060012157 -1.29009918196 -0.298932333732 0.0
-2.1363277566 -0.155782818841 -0.03393548995 -1.29063578125 -0.300166791591 0.0
-2.13700178914 -0.154591732691 -0.0349610738476 -1.29116965145 -0.301395466027 0.0
-2.13767187086 -0.153406257598 -0.0359827615097 -1.29170080747 -0.302618384055 0.0
-2.13833802906 -0.15222636766 -0.0370005615937 -1.29222926407 -0.303835572549 0.0
-2.13900029084 -0.151052037093 -0.0380144828109 -1.29275503596 -0.305047058247 0.0
-2.13965868303 -0.149883240232 -0.0390245339263 -1.29327813772 -0.306252867751 0.0
-2.14031323222 -0.148719951528 -0.0400307237568 -1.29379858384 -0.307453027524 0.0
-2.14096396479 -0.14756214555 -0.0410330611698 -1.29431638872 -0.308647563898 0.0
-2.14161090689 -0.146409796983 -0.0420315550825 -1.29483156666 -0.309836503068 0.0
-2.14225408442 -0.145262880628 -0.0430262144602 -1.29534413187 -0.311019871097 0.0
-2.14289352307 -0.144121371401 -0.0440170483153 -1.29585409847 -0.312197693916 0.0
-2.1435292483 -0.142985244333 -0.0450040657063 -1.29636148047 -0.313369997326 0.0
-2.14416128537 -0.14185447457 -0.0459872757364 -1.2968662918 -0.314536806995 0.0
-2.1447896593 -0.140729037372 -0.0469666875525 -1.29736854631 -0.315698148463 0.0
-2.1454143949 -0.139608908112 -0.047942310344 -1.29786825775 -0.316854047142 0.0
-2.14603551677 -0.138494062276 -0.0489141533419 -1.29836543977 -0.318004528315 0.0
-2.1466530493 -0.137384475462 -0.0498822258174 -1.29886010595 -0.319149617139 0.0
-2.14726701668 -0.136280123382 -0.0508465370812 -1.29935226977 -0.320289338645 0.0
-2.14787744289 -0.135180981858 -0.0518070964821 -1.29984194463 -0.321423717738 0.0
-2.14848435168 -0.134087026822 -0.0527639134061 -1.30032914386 -0.322552779199 0.0
-2.14908776664 -0.132998234319 -0.0537169972757 -1.30081388066 -0.323676547685 0.0
-2.14968771114 -0.131914580503 -0.0546663575484 -1.3012961682 -0.324795047732 0.0
-2.15028420835 -0.130836041637 -0.0556120037159 -1.30177601953 -0.325908303753 0.0
-2.15087728125 -0.129762594093 -0.0565539453033 -1.30225344762 -0.327016340039 0.0
-2.15146695264 -0.128694214354 -0.057492191868 -1.30272846539 -0.328119180762 0.0
-2.1520532451 -0.127630879007 -0.0584267529987 -1.30320108563 -0.329216849973 0.0
-2.15263618105 -0.126572564751 -0.0593576383145 -1.3036713211 -0.330309371607 0.0
-2.15321578271 -0.125519248388 -0.0602848574642 -1.30413918443 -0.331396769478 0.0
-2.15379207212 -0.124470906831 -0.0612084201251 -1.30460468822 -0.332479067283 0.0
-2.15436507114 -0.123427517095 -0.0621283360023 -1.30506784496 -0.333556288606 0.0
-2.15493480143 -0.122389056303 -0.0630446148278 -1.30552866706 -0.334628456911 0.0
-2.1555012845 -0.121355501683 -0.0639572663596 -1.30598716688 -0.335695595549 0.0
-2.15606454167 -0.120326830568 -0.0648663003808 -1.30644335668 -0.336757727757 0.0
-2.15662459407 -0.119303020394 -0.065771726699 -1.30689724865 -0.337814876657 0.0
-2.15718146268 -0.118284048702 -0.0666735551451 -1.30734885492 -0.33886706526 0.0
-2.15773516831 -0.117269893135 -0.067571795573 -1.30779818752 -0.339914316465 0.0
-2.15828573158 -0.11626053144 -0.0684664578584 -1.30824525843 -0.340956653057 0.0
-2.15883317295 -0.115255941466 -0.069357551898 -1.30869007953 -0.341994097712 0.0
-2.15937751272 -0.114256101164 -0.070245087609 -1.30913266267 -0.343026672997 0.0
-2.15991877104 -0.113260988586 -0.0711290749283 -1.30957301958 -0.344054401369 0.0
-2.16045696786 -0.112270581885 -0.0720095238114 -1.31001116195 -0.345077305175 0.0
-2.16099212299 -0.111284859313 -0.0728864442323 -1.31044710139 -0.346095406655 0.0
-2.1615242561 -0.110303799226 -0.073759846182 -1.31088084944 -0.347108727943 0.0
-2.16205338666 -0.109327380075 -0.0746297396684 -1.31131241757 -0.348117291064 0.0
-2.16257953403 -0.108355580413 -0.0754961347154 -1.31174181719 -0.349121117938 0.0
-2.16310271737 -0.10738837889 -0.0763590413621 -1.31216905963 -0.350120230382 0.0
-2.16362295573 -0.106425754255 -0.0772184696622 -1.31259415615 -0.351114650103 0.0
-2.16414026799 -0.105467685353 -0.0780744296834 -1.31301711796 -0.35210439871 0.0
-2.16465467287 -0.104514151129 -0.0789269315067 -1.31343795619 -0.353089497704 0.0
-2.16516618895 -0.103565130622 -0.0797759852256 -1.31385668191 -0.354069968486 0.0
-2.16567483467 -0.102620602968 -0.0806216009456 -1.31427330611 -0.355045832353 0.0
-2.16618062833 -0.101680547401 -0.0814637887836 -1.31468783973 -0.356017110501 0.0
-2.16668358806 -0.100744943246 -0.0823025588672 -1.31510029365 -0.356983824026 0.0
-2.16718373188 -0.0998137699277 -0.0831379213341 -1.31551067868 -0.357945993923 0.0
-2.16768107764 -0.0988870069617 -0.0839698863315 -1.31591900555 -0.358903641086 0.0
-2.16817564308 -0.0979646339589 -0.0847984640155 -1.31632528495 -0.359856786312 0.0
-2.16866744577 -0.0970466306239 -0.0856236645505 -1.3167295275 -0.360805450298 0.0
-2.16915650318 -0.096132976754 -0.0864454981087 -1.31713174375 -0.361749653643 0.0
-2.16964283261 -0.0952236522393 -0.0872639748693 -1.31753194421 -0.36268941685 0.0
-2.17012645124 -0.0943186370621 -0.0880791050184 -1.3179301393 -0.363624760324 0.0
-2.17060737614 -0.0934179112967 -0.088890898748 -1.3183263394 -0.364555704374 0.0
-2.1710856242 -0.0925214551083 -0.0896993662555 -1.31872055482 -0.365482269212 0.0
-2.17156121223 -0.0916292487534 -0.0905045177434 -1.31911279582 -0.366404474958 0.0
-2.17203415687 -0.0907412725788 -0.0913063634188 -1.3195030726 -0.367322341633 0.0
-2.17250447467 -0.0898575070212 -0.0921049134924 -1.31989139528 -0.368235889168 0.0
-2.17297218203 -0.0889779326072 -0.0929001781786 -1.32027777395 -0.369145137399 0.0
-2.17343729523 -0.0881025299524 -0.0936921676947 -1.32066221863 -0.370050106068 0.0
-2.17389983042 -0.0872312797611 -0.0944808922602 -1.32104473928 -0.370950814826 0.0
-2.17435980364 -0.086364162826 -0.0952663620967 -1.3214253458 -0.371847283231 0.0
-2.17481723081 -0.0855011600278 -0.0960485874273 -1.32180404805 -0.37273953075 0.0
-2.17527212772 -0.0846422523346 -0.096827578476 -1.32218085582 -0.37362757676 0.0
-2.17572451003 -0.0837874208014 -0.0976033454673 -1.32255577885 -0.374511440546 0.0
-2.17617439332 -0.0829366465702 -0.0983758986258 -1.32292882682 -0.375391141304 0.0
-2.17662179302 -0.082089910869 -0.0991452481756 -1.32330000935 -0.376266698142 0.0
-2.17706672445 -0.0812471950116 -0.0999114043402 -1.32366933603 -0.377138130075 0.0
-2.17750920283 -0.0804084803974 -0.100674377342 -1.32403681636 -0.378005456035 0.0
-2.17794924324 -0.0795737485107 -0.1014341774 -1.32440245981 -0.378868694862 0.0
-2.17838686068 -0.0787429809203 -0.102190814734 -1.32476627581 -0.379727865311 0.0
-2.17882207002 -0.0779161592794 -0.102944299558 -1.32512827369 -0.380582986049 0.0
-2.17925488602 -0.0770932653248 -0.103694642087 -1.32548846278 -0.381434075656 0.0
-2.17968532334 -0.0762742808768 -0.104441852528 -1.32584685232 -0.382281152628 0.0
-2.18011339652 -0.0754591878387 -0.105185941087 -1.32620345152 -0.383124235374 0.0
-2.18053911999 -0.0746479681965 -0.105926917966 -1.32655826954 -0.383963342218 0.0
-2.1809625081 -0.0738406040181 -0.106664793362 -1.32691131545 -0.384798491401 0.0
-2.18138357507 -0.0730370774536 -0.107399577466 -1.32726259833 -0.385629701077 0.0
-2.18180233503 -0.0722373707341 -0.108131280465 -1.32761212717 -0.38645698932 0.0
-2.18221880199 -0.0714414661722 -0.10885991254 -1.32795991091 -0.387280374118 0.0
-2.18263298987 -0.0706493461607 -0.109585483865 -1.32830595846 -0.388099873377 0.0
-2.18304491249 -0.0698609931731 -0.110308004609 -1.32865027867 -0.388915504922 0.0
-2.18345458357 -0.0690763897625 -0.111027484933 -1.32899288033 -0.389727286495 0.0
-2.18386201672 -0.0682955185615 -0.111743934993 -1.3293337722 -0.390535235756 0.0
-2.18426722546 -0.0675183622819 -0.112457364934 -1.32967296299 -0.391339370285 0.0
-2.18467022321 -0.0667449037144 -0.113167784897 -1.33001046135 -0.392139707581 0.0
-2.18507102331 -0.0659751257278 -0.113875205012 -1.33034627588 -0.392936265065 0.0
-2.18546963897 -0.0652090112691 -0.114579635402 -1.33068041516 -0.393729060074 0.0
-2.18586608333 -0.0644465433629 -0.115281086182 -1.3310128877 -0.39451810987 0.0
-2.18626036944 -0.0636877051109 -0.115979567455 -1.33134370196 -0.395303431634 0.0
-2.18665251023 -0.062932479692 -0.116675089317 -1.33167286636 -0.396085042469 0.0
-2.18704251856 -0.0621808503613 -0.117367661855 -1.33200038929 -0.396862959399 0.0
-2.1874304072 -0.0614328004504 -0.118057295143 -1.33232627906 -0.397637199372 0.0
-2.18781618882 -0.0606883133666 -0.118743999248 -1.33265054397 -0.398407779258 0.0
-2.188199876 -0.0599473725924 -0.119427784224 -1.33297319226 -0.399174715851 0.0
-2.18858148122 -0.0592099616858 -0.120108660116 -1.33329423212 -0.399938025867 0.0
-2.18896101691 -0.0584760642794 -0.120786636955 -1.3336136717 -0.400697725947 0.0
-2.18933849537 -0.0577456640799 -0.121461724764 -1.3339315191 -0.401453832657 0.0
-2.18971392884 -0.0570187448686 -0.122133933552 -1.33424778239 -0.402206362487 0.0
-2.19008732946 -0.0562952904999 -0.122803273316 -1.33456246959 -0.402955331851 0.0
-2.19045870929 -0.0555752849021 -0.123469754044 -1.33487558867 -0.40370075709 0.0
-2.19082808031 -0.054858712076 -0.124133385706 -1.33518714756 -0.404442654471 0.0
-2.1911954544 -0.0541455560954 -0.124794178264 -1.33549715416 -0.405181040188 0.0
-2.19156084338 -0.0534358011062 -0.125452141665 -1.33580561631 -0.405915930359 0.0
-2.19192425897 -0.0527294313265 -0.126107285842 -1.33611254181 -0.406647341031 0.0
-2.19228571282 -0.0520264310458 -0.126759620717 -1.33641793843 -0.407375288178 0.0
-2.1926452165 -0.0513267846251 -0.127409156196 -1.33672181389 -0.408099787703 0.0
-2.19300278147 -0.0506304764962 -0.128055902171 -1.33702417587 -0.408820855434 0.0
-2.19335841916 -0.0499374911617 -0.128699868522 -1.33732503201 -0.409538507131 0.0
-2.19371214088 -0.0492478131943 -0.129341065111 -1.3376243899 -0.41025275848 0.0
-2.19406395789 -0.0485614272368 -0.12997950179 -1.3379222571 -0.410963625098 0.0
-2.19441388135 -0.0478783180017 -0.130615188392 -1.33821864113 -0.411671122532 0.0
-2.19476192236 -0.0471984702708 -0.131248134737 -1.33851354947 -0.412375266256 0.0
-2.19510809194 -0.0465218688947 -0.131878350629 -1.33880698956 -0.413076071678 0.0
-2.19545240103 -0.045848498793 -0.132505845856 -1.33909896878 -0.413773554134 0.0
-2.19579486049 -0.0451783449534 -0.133130630193 -1.3393894945 -0.414467728892 0.0
-2.19613548113 -0.0445113924318 -0.133752713395 -1.33967857404 -0.415158611151 0.0
-2.19647427365 -0.0438476263517 -0.134372105203 -1.33996621468 -0.415846216041 0.0
-2.19681124872 -0.043187031904 -0.134988815343 -1.34025242365 -0.416530558625 0.0
-2.1971464169 -0.0425295943469 -0.135602853522 -1.34053720817 -0.417211653899 0.0
-2.1974797887 -0.0418752990052 -0.136214229432 -1.34082057539 -0.417889516789 0.0
-2.19781137454 -0.0412241312702 -0.136822952746 -1.34110253245 -0.418564162156 0.0
-2.1981411848 -0.0405760765994 -0.137429033124 -1.34138308644 -0.419235604793 0.0
-2.19846922977 -0.0399311205161 -0.138032480205 -1.3416622444 -0.419903859429 0.0
-2.19879551966 -0.0392892486093 -0.138633303611 -1.34194001335 -0.420568940724 0.0
-2.19912006464 -0.038650446533 -0.139231512948 -1.34221640027 -0.421230863274 0.0
-2.19944287478 -0.0380147000064 -0.139827117804 -1.3424914121 -0.421889641609 0.0
-2.19976396012 -0.0373819948133 -0.140420127748 -1.34276505575 -0.422545290193 0.0
-2.2000833306 -0.0367523168016 -0.141010552331 -1.34303733808 -0.423197823427 0.0
-2.2004009961 -0.0361256518837 -0.141598401087 -1.34330826592 -0.423847255646 0.0
-2.20071696645 -0.0355019860354 -0.142183683531 -1.34357784608 -0.424493601122 0.0
-2.2010312514 -0.0348813052961 -0.142766409158 -1.34384608532 -0.425136874063 0.0
-2.20134386065 -0.0342635957683 -0.143346587448 -1.34411299035 -0.425777088611 0.0
-2.20165480381 -0.0336488436176 -0.143924227857 -1.34437856788 -0.426414258848 0.0
-2.20196409045 -0.0330370350719 -0.144499339827 -1.34464282455 -0.427048398791 0.0
-2.20227173007 -0.0324281564216 -0.145071932777 -1.34490576699 -0.427679522395 0.0
-2.2025777321 -0.0318221940192 -0.145642016109 -1.34516740178 -0.428307643553 0.0
-2.20288210592 -0.0312191342786 -0.146209599205 -1.34542773548 -0.428932776094 0.0
-2.20318486084 -0.0306189636755 -0.146774691427 -1.34568677459 -0.429554933789 0.0
-2.20348600612 -0.0300216687467 -0.147337302119 -1.34594452562 -0.430174130343 0.0
-2.20378555094 -0.0294272360897 -0.147897440602 -1.346200995 -0.430790379402 0.0
-2.20408350443 -0.0288356523628 -0.148455116181 -1.34645618915 -0.431403694552 0.0
-2.20437987567 -0.0282469042847 -0.149010338137 -1.34671011446 -0.432014089316 0.0
-2.20467467366 -0.027660978634 -0.149563115734 -1.34696277728 -0.432621577159 0.0
-2.20496790736 -0.0270778622492 -0.150113458214 -1.34721418392 -0.433226171484 0.0
-2.20525958566 -0.0264975420283 -0.150661374799 -1.34746434066 -0.433827885635 0.0
-2.20554971741 -0.0259200049284 -0.151206874691 -1.34771325377 -0.434426732897 0.0
-2.20583831138 -0.0253452379658 -0.15174996707 -1.34796092945 -0.435022726495 0.0
-2.20612537629 -0.0247732282155 -0.152290661097 -1.3482073739 -0.435615879594 0.0
-2.20641092081 -0.0242039628108 -0.15282896591 -1.34845259327 -0.436206205303 0.0
-2.20669495355 -0.0236374289432 -0.153364890629 -1.34869659368 -0.43679371667 0.0
-2.20697748306 -0.0230736138622 -0.15389844435 -1.34893938123 -0.437378426686 0.0
-2.20725851785 -0.022512504875 -0.15442963615 -1.34918096198 -0.437960348284 0.0
-2.20753806637 -0.021954089346 -0.154958475082 -1.34942134195 -0.438539494339 0.0
-2.20781613699 -0.0213983546969 -0.155484970182 -1.34966052715 -0.439115877669 0.0
-2.20809273806 -0.0208452884061 -0.15600913046 -1.34989852354 -0.439689511035 0.0
-2.20836787786 -0.020294878009 -0.156530964908 -1.35013533705 -0.44026040714 0.0
-2.20864156463 -0.0197471110968 -0.157050482494 -1.3503709736 -0.440828578633 0.0
-2.20891380654 -0.0192019753173 -0.157567692165 -1.35060543905 -0.441394038104 0.0
-2.20918461171 -0.0186594583739 -0.158082602846 -1.35083873926 -0.441956798087 0.0
-2.20945398823 -0.0181195480257 -0.158595223442 -1.35107088004 -0.442516871062 0.0
-2.20972194412 -0.017582232087 -0.159105562833 -1.35130186717 -0.443074269452 0.0
-2.20998848734 -0.0170474984275 -0.159613629879 -1.35153170641 -0.443629005626 0.0
-2.21025362583 -0.0165153349714 -0.160119433417 -1.35176040349 -0.444181091896 0.0
-2.21051736744 -0.0159857296977 -0.160622982263 -1.35198796411 -0.444730540521 0.0
-2.21077972001 -0.0154586706398 -0.161124285209 -1.35221439392 -0.445277363705 0.0
-2.21104069131 -0.0149341458852 -0.161623351026 -1.35243969858 -0.445821573595 0.0
-2.21130028906 -0.0144121435751 -0.162120188461 -1.35266388368 -0.446363182289 0.0
-2.21155852093 -0.0138926519046 -0.162614806241 -1.35288695482 -0.446902201827 0.0
-2.21181539455 -0.013375659122 -0.163107213069 -1.35310891754 -0.447438644197 0.0
-2.2120709175 -0.0128611535289 -0.163597417625 -1.35332977736 -0.447972521333 0.0
-2.21232509731 -0.0123491234797 -0.164085428566 -1.3535495398 -0.448503845116 0.0
-2.21257794147 -0.0118395573814 -0.164571254529 -1.3537682103 -0.449032627376 0.0
-2.21282945742 -0.0113324436937 -0.165054904125 -1.35398579432 -0.449558879888 0.0
-2.21307965253 -0.0108277709283 -0.165536385943 -1.35420229726 -0.450082614374 0.0
-2.21332853417 -0.010325527649 -0.166015708551 -1.35441772451 -0.450603842507 0.0
-2.21357610962 -0.00982570247133 -0.166492880491 -1.35463208143 -0.451122575905 0.0
-2.21382238614 -0.0093282840622 -0.166967910285 -1.35484537335 -0.451638826135 0.0
-2.21406737095 -0.00883326113995 -0.16744080643 -1.35505760557 -0.452152604715 0.0
-2.2143110712 -0.00834062247391 -0.1679115774 -1.35526878336 -0.452663923108 0.0
-2.21455349401 -0.00785035688428 -0.168380231647 -1.35547891199 -0.453172792727 0.0
-2.21479464646 -0.00736245324182 -0.168846777598 -1.35568799666 -0.453679224937 0.0
-2.21503453558 -0.00687690046769 -0.169311223659 -1.35589604257 -0.454183231049 0.0
-2.21527316835 -0.00639368753319 -0.169773578211 -1.3561030549 -0.454684822324 0.0
-2.21551055174 -0.00591280345957 -0.170233849612 -1.35630903879 -0.455184009976 0.0
-2.21574669262 -0.00543423731776 -0.170692046197 -1.35651399936 -0.455680805165 0.0
-2.21598159788 -0.0049579782282 -0.171148176277 -1.35671794169 -0.456175219003 0.0
-2.21621527431 -0.00448401536059 -0.171602248141 -1.35692087085 -0.456667262554 0.0
-2.21644772871 -0.00401233793367 -0.172054270053 -1.35712279189 -0.457156946831 0.0
-2.2166789678 -0.00354293521502 -0.172504250254 -1.35732370982 -0.457644282797 0.0
-2.21690899828 -0.00307579652083 -0.172952196961 -1.35752362962 -0.458129281369 0.0
-2.2171378268 -0.00261091121569 -0.173398118368 -1.35772255626 -0.458611953413 0.0
-2.21736545997 -0.00214826871238 -0.173842022647 -1.35792049468 -0.459092309748 0.0
-2.21759190436 -0.00168785847164 -0.174283917942 -1.35811744979 -0.459570361144 0.0
-2.21781716651 -0.00122967000199 -0.174723812378 -1.35831342649 -0.460046118323 0.0
-2.2180412529 -0.00077369285947 -0.175161714053 -1.35850842963 -0.460519591959 0.0
-2.21826416999 -0.00031991664748 -0.175597631044 -1.35870246406 -0.460990792681 0.0
-2.21848592419 0.000131668983463 -0.176031571401 -1.35889553459 -0.461459731066 0.0
-2.21870652187 0.000581074335921 -0.176463543154 -1.35908764601 -0.461926417648 0.0
-2.21892596937 0.00102830966574 -0.176893554306 -1.35927880309 -0.462390862913 0.0
-2.21914427299 0.00147338518227 -0.177321612838 -1.35946901057 -0.462853077297 0.0
-2.21936143899 0.00191631104854 -0.177747726707 -1.35965827317 -0.463313071195 0.0
-2.21957747359 0.00235709738149 -0.178171903846 -1.35984659559 -0.463770854952 0.0
-2.21979238296 0.00279575425219 -0.178594152163 -1.3600339825 -0.464226438867 0.0
-2.22000617326 0.00323229168598 -0.179014479545 -1.36022043854 -0.464679833194 0.0
-2.2202188506 0.00366671966274 -0.179432893852 -1.36040596833 -0.465131048142 0.0
-2.22043042105 0.00409904811704 -0.179849402921 -1.36059057649 -0.465580093872 0.0
-2.22064089065 0.00452928693838 -0.180264014567 -1.36077426759 -0.466026980501 0.0
-2.22085026539 0.00495744597135 -0.180676736579 -1.36095704619 -0.466471718103 0.0
-2.22105855125 0.00538353501586 -0.181087576722 -1.3611389168 -0.466914316703 0.0
-2.22126575414 0.00580756382732 -0.181496542739 -1.36131988396 -0.467354786285 0.0
-2.22147187997 0.00622954211683 -0.181903642348 -1.36149995213 -0.467793136785 0.0
-2.22167693458 0.0066494795514 -0.182308883242 -1.3616791258 -0.468229378097 0.0
-2.22188092381 0.00706738575411 -0.182712273091 -1.36185740939 -0.46866352007 0.0
-2.22208385344 0.00748327030433 -0.183113819541 -1.36203480732 -0.46909557251 0.0
-2.22228572923 0.00789714273789 -0.183513530215 -1.36221132401 -0.469525545177 0.0
-2.22248655689 0.00830901254732 -0.183911412711 -1.36238696381 -0.46995344779 0.0
-2.22268634211 0.00871888918196 -0.184307474602 -1.36256173109 -0.470379290022 0.0
-2.22288509055 0.00912678204821 -0.18470172344 -1.36273563017 -0.470803081505 0.0
-2.22308280781 0.00953270050971 -0.185094166751 -1.36290866536 -0.471224831827 0.0
-2.2232794995 0.00993665388753 -0.185484812036 -1.36308084096 -0.471644550533 0.0
-2.22347517115 0.0103386514603 -0.185873666775 -1.36325216122 -0.472062247125 0.0
-2.22366982829 0.0107387024645 -0.186260738421 -1.36342263041 -0.472477931063 0.0
-2.2238634764 0.0111368160946 -0.186646034406 -1.36359225272 -0.472891611766 0.0
-2.22405612094 0.0115330015031 -0.187029562136 -1.36376103238 -0.473303298608 0.0
-2.22424776733 0.011927267801 -0.187411328994 -1.36392897357 -0.473713000923 0.0
-2.22443842097 0.0123196240577 -0.187791342339 -1.36409608044 -0.474120728002 0.0
-2.2246280872 0.0127100793015 -0.188169609505 -1.36426235713 -0.474526489097 0.0
-2.22481677136 0.0130986425194 -0.188546137804 -1.36442780776 -0.474930293415 0.0
-2.22500447875 0.0134853226575 -0.188920934523 -1.36459243644 -0.475332150125 0.0
-2.22519121462 0.0138701286213 -0.189294006925 -1.36475624723 -0.475732068352 0.0
-2.22537698421 0.0142530692756 -0.189665362249 -1.36491924421 -0.476130057183 0.0
-2.22556179273 0.0146341534447 -0.190035007712 -1.3650814314 -0.476526125661 0.0
-2.22574564535 0.0150133899129 -0.190402950504 -1.36524281282 -0.476920282792 0.0
-2.22592854721 0.0153907874243 -0.190769197794 -1.36540339248 -0.477312537539 0.0
-2.22611050342 0.0157663546833 -0.191133756725 -1.36556317434 -0.477702898825 0.0
-2.22629151907 0.0161401003545 -0.191496634419 -1.36572216237 -0.478091375536 0.0
-2.22647159921 0.016512033063 -0.191857837972 -1.3658803605 -0.478477976514 0.0
-2.22665074886 0.0168821613945 -0.192217374456 -1.36603777265 -0.478862710564 0.0
-2.22682897302 0.0172504938955 -0.192575250921 -1.36619440272 -0.47924558645 0.0
-2.22700627666 0.0176170390738 -0.192931474392 -1.36635025459 -0.479626612898 0.0
-2.22718266471 0.0179818053979 -0.19328605187 -1.36650533212 -0.480005798594 0.0
-2.22735814207 0.0183448012981 -0.193638990334 -1.36665963915 -0.480383152185 0.0
-2.22753271364 0.0187060351659 -0.193990296738 -1.3668131795 -0.480758682279 0.0
-2.22770638426 0.0190655153545 -0.194339978013 -1.36696595697 -0.481132397446 0.0
-2.22787915875 0.0194232501791 -0.194688041066 -1.36711797535 -0.481504306217 0.0
-2.22805104191 0.0197792479169 -0.19503449278 -1.3672692384 -0.481874417084 0.0
-2.22822203851 0.020133516807 -0.195379340015 -1.36741974986 -0.482242738503 0.0
-2.22839215329 0.0204860650513 -0.195722589607 -1.36756951347 -0.48260927889 0.0
-2.22856139096 0.0208369008137 -0.19606424837 -1.36771853293 -0.482974046623 0.0
-2.2287297562 0.0211860322212 -0.196404323093 -1.36786681193 -0.483337050044 0.0
-2.22889725369 0.0215334673635 -0.196742820542 -1.36801435415 -0.483698297456 0.0
-2.22906388804 0.0218792142931 -0.197079747459 -1.36816116323 -0.484057797124 0.0
-2.22922966387 0.0222232810259 -0.197415110564 -1.36830724282 -0.484415557279 0.0
-2.22939458575 0.022565675541 -0.197748916551 -1.36845259652 -0.484771586111 0.0
-2.22955865824 0.0229064057811 -0.198081172095 -1.36859722795 -0.485125891776 0.0
-2.22972188587 0.0232454796524 -0.198411883842 -1.36874114067 -0.485478482392 0.0
-2.22988427313 0.0235829050249 -0.19874105842 -1.36888433825 -0.485829366039 0.0
-2.2300458245 0.0239186897328 -0.199068702431 -1.36902682425 -0.486178550764 0.0
-2.23020654443 0.024252841574 -0.199394822454 -1.36916860218 -0.486526044576 0.0
-2.23036643734 0.024585368311 -0.199719425044 -1.36930967556 -0.486871855446 0.0
-2.23052550764 0.0249162776707 -0.200042516736 -1.36945004787 -0.487215991312 0.0
-2.2306837597 0.0252455773444 -0.200364104038 -1.36958972261 -0.487558460075 0.0
-2.23084119786 0.0255732749883 -0.200684193438 -1.36972870321 -0.487899269599 0.0
-2.23099782645 0.0258993782234 -0.201002791398 -1.36986699314 -0.488238427715 0.0
-2.23115364977 0.0262238946358 -0.201319904361 -1.3700045958 -0.488575942217 0.0
-2.2313086721 0.0265468317768 -0.201635538742 -1.37014151461 -0.488911820864 0.0
-2.23146289769 0.026868197163 -0.201949700936 -1.37027775295 -0.489246071381 0.0
-2.23161633076 0.0271879982766 -0.202262397316 -1.37041331421 -0.489578701456 0.0
-2.23176897552 0.0275062425653 -0.20257363423 -1.37054820173 -0.489909718745 0.0
-2.23192083614 0.0278229374428 -0.202883418004 -1.37068241886 -0.490239130866 0.0
-2.23207191679 0.0281380902886 -0.203191754941 -1.37081596892 -0.490566945405 0.0
-2.23222222159 0.0284517084482 -0.203498651321 -1.37094885521 -0.490893169913 0.0
-2.23237175465 0.0287637992337 -0.203804113402 -1.37108108103 -0.491217811908 0.0
-2.23252052005 0.0290743699234 -0.204108147419 -1.37121264966 -0.491540878872 0.0
-2.23266852187 0.0293834277619 -0.204410759584 -1.37134356434 -0.491862378253 0.0
-2.23281576414 0.029690979961 -0.204711956086 -1.37147382832 -0.492182317468 0.0
-2.23296225087 0.0299970336988 -0.205011743092 -1.37160344483 -0.492500703897 0.0
-2.23310798606 0.0303015961209 -0.205310126748 -1.37173241707 -0.49281754489 0.0
-2.23325297369 0.0306046743396 -0.205607113174 -1.37186074824 -0.49313284776 0.0
-2.23339721769 0.0309062754347 -0.205902708471 -1.37198844152 -0.49344661979 0.0
-2.233540722 0.0312064064533 -0.206196918715 -1.37211550007 -0.493758868228 0.0
-2.23368349053 0.0315050744102 -0.20648974996 -1.37224192703 -0.494069600289 0.0
-2.23382552715 0.0318022862878 -0.20678120824 -1.37236772554 -0.494378823158 0.0
-2.23396683573 0.0320980490363 -0.207071299564 -1.37249289871 -0.494686543985 0.0
-2.23410742011 0.0323923695739 -0.20736002992 -1.37261744965 -0.494992769886 0.0
-2.2342472841 0.0326852547869 -0.207647405274 -1.37274138142 -0.495297507949 0.0
-2.2343864315 0.0329767115301 -0.207933431568 -1.37286469711 -0.495600765226 0.0
-2.23452486609 0.0332667466264 -0.208218114724 -1.37298739977 -0.495902548738 0.0
-2.23466259162 0.0335553668673 -0.208501460642 -1.37310949244 -0.496202865477 0.0
-2.23479961183 0.033842579013 -0.208783475198 -1.37323097814 -0.496501722398 0.0
-2.23493593042 0.0341283897926 -0.209064164247 -1.37335185988 -0.496799126428 0.0
-2.2350715511 0.0344128059041 -0.209343533623 -1.37347214065 -0.497095084461 0.0
-2.23520647752 0.0346958340145 -0.209621589136 -1.37359182343 -0.497389603362 0.0
-2.23534071335 0.0349774807601 -0.209898336577 -1.37371091119 -0.497682689961 0.0
-2.23547426222 0.0352577527466 -0.210173781713 -1.37382940687 -0.497974351059 0.0
-2.23560712772 0.035536656549 -0.210447930289 -1.37394731342 -0.498264593427 0.0
-2.23573931346 0.0358141987122 -0.21072078803 -1.37406463375 -0.498553423802 0.0
-2.23587082301 0.0360903857507 -0.210992360638 -1.37418137076 -0.498840848895 0.0
-2.2360016599 0.0363652241488 -0.211262653794 -1.37429752735 -0.499126875381 0.0
-2.23613182769 0.036638720361 -0.211531673157 -1.3744131064 -0.499411509909 0.0
-2.23626132987 0.0369108808119 -0.211799424365 -1.37452811077 -0.499694759096 0.0
-2.23639016994 0.0371817118963 -0.212065913034 -1.3746425433 -0.499976629527 0.0
-2.23651835137 0.0374512199796 -0.212331144759 -1.37475640684 -0.500257127761 0.0
-2.23664587762 0.0377194113974 -0.212595125113 -1.3748697042 -0.500536260323 0.0
-2.23677275211 0.0379862924565 -0.212857859648 -1.37498243819 -0.50081403371 0.0
-2.23689897827 0.038251869434 -0.213119353896 -1.3750946116 -0.501090454391 0.0
-2.23702455949 0.0385161485781 -0.213379613365 -1.37520622722 -0.501365528801 0.0
-2.23714949915 0.0387791361083 -0.213638643544 -1.3753172878 -0.501639263351 0.0
-2.2372738006 0.0390408382149 -0.2138964499 -1.37542779609 -0.501911664418 0.0
-2.23739746719 0.0393012610598 -0.214153037879 -1.37553775485 -0.502182738353 0.0
-2.23752050225 0.0395604107763 -0.214408412907 -1.37564716678 -0.502452491477 0.0
-2.23764290906 0.039818293469 -0.214662580386 -1.37575603461 -0.50272093008 0.0
-2.23776469092 0.0400749152146 -0.214915545702 -1.37586436102 -0.502988060427 0.0
-2.2378858511 0.0403302820613 -0.215167314215 -1.3759721487 -0.503253888752 0.0
-2.23800639285 0.0405844000293 -0.215417891268 -1.37607940033 -0.503518421261 0.0
-2.23812631939 0.0408372751111 -0.21566728218 -1.37618611856 -0.50378166413 0.0
-2.23824563395 0.041088913271 -0.215915492252 -1.37629230604 -0.50404362351 0.0
-2.23836433971 0.041339320446 -0.216162526763 -1.37639796539 -0.50430430552 0.0
-2.23848243986 0.0415885025451 -0.216408390971 -1.37650309923 -0.504563716255 0.0
-2.23859993755 0.0418364654504 -0.216653090115 -1.37660771018 -0.504821861778 0.0
-2.23871683594 0.0420832150161 -0.216896629411 -1.37671180082 -0.505078748128 0.0
-2.23883313815 0.0423287570696 -0.217139014058 -1.37681537373 -0.505334381313 0.0
-2.23894884728 0.042573097411 -0.217380249231 -1.37691843148 -0.505588767315 0.0
-2.23906396644 0.0428162418136 -0.217620340087 -1.37702097663 -0.505841912088 0.0
-2.23917849869 0.0430581960236 -0.217859291762 -1.37712301171 -0.506093821561 0.0
-2.2392924471 0.0432989657608 -0.21809710937 -1.37722453925 -0.506344501631 0.0
-2.2394058147 0.0435385567182 -0.218333798009 -1.37732556178 -0.506593958173 0.0
-2.23951860453 0.0437769745622 -0.218569362752 -1.37742608179 -0.506842197031 0.0
-2.23963081959 0.0440142249331 -0.218803808655 -1.37752610178 -0.507089224025 0.0
-2.23974246287 0.0442503134447 -0.219037140753 -1.37762562422 -0.507335044946 0.0
-2.23985353736 0.0444852456847 -0.219269364062 -1.37772465158 -0.50757966556 0.0
-2.23996404601 0.0447190272149 -0.219500483575 -1.37782318633 -0.507823091606 0.0
-2.24007399177 0.0449516635712 -0.21973050427 -1.37792123089 -0.508065328796 0.0
-2.24018337755 0.0451831602634 -0.2199594311 -1.37801878771 -0.508306382816 0.0
-2.24029220629 0.045413522776 -0.220187269002 -1.37811585919 -0.508546259327 0.0
-2.24040048086 0.0456427565676 -0.220414022891 -1.37821244775 -0.508784963962 0.0
-2.24050820416 0.0458708670716 -0.220639697664 -1.37830855578 -0.509022502329 0.0
-2.24061537905 0.0460978596959 -0.220864298197 -1.37840418567 -0.509258880011 0.0
-2.24072200837 0.0463237398232 -0.221087829348 -1.37849933978 -0.509494102562 0.0
-2.24082809497 0.0465485128112 -0.221310295954 -1.37859402048 -0.509728175515 0.0
-2.24093364165 0.0467721839925 -0.221531702833 -1.37868823011 -0.509961104374 0.0
-2.24103865123 0.0469947586746 -0.221752054783 -1.37878197101 -0.51019289462 0.0
-2.24114312649 0.0472162421405 -0.221971356584 -1.3788752455 -0.510423551705 0.0
-2.2412470702 0.0474366396485 -0.222189612996 -1.3789680559 -0.510653081061 0.0
-2.24135048513 0.0476559564322 -0.222406828761 -1.37906040451 -0.510881488091 0.0
-2.24145337401 0.0478741977008 -0.222623008598 -1.37915229361 -0.511108778174 0.0
-2.24155573957 0.0480913686392 -0.222838157211 -1.3792437255 -0.511334956665 0.0
-2.24165758453 0.0483074744079 -0.223052279284 -1.37933470242 -0.511560028893 0.0
-2.24175891158 0.0485225201434 -0.223265379481 -1.37942522666 -0.511784000163 0.0
-2.24185972342 0.0487365109582 -0.223477462446 -1.37951530043 -0.512006875756 0.0
-2.2419600227 0.0489494519407 -0.223688532807 -1.37960492599 -0.512228660928 0.0
-2.24205981209 0.0491613481558 -0.223898595172 -1.37969410556 -0.51244936091 0.0
-2.24215909422 0.0493722046443 -0.224107654129 -1.37978284134 -0.51266898091 0.0
-2.24225787173 0.0495820264238 -0.224315714248 -1.37987113553 -0.512887526112 0.0
-2.24235614723 0.049790818488 -0.224522780081 -1.37995899034 -0.513105001674 0.0
-2.2424539233 0.0499985858075 -0.22472885616 -1.38004640794 -0.513321412732 0.0
-2.24255120255 0.0502053333295 -0.224933947001 -1.38013339049 -0.513536764397 0.0
-2.24264798753 0.050411065978 -0.225138057098 -1.38021994016 -0.513751061759 0.0
-2.24274428082 0.050615788654 -0.22534119093 -1.38030605909 -0.51396430988 0.0
-2.24284008494 0.0508195062355 -0.225543352954 -1.38039174942 -0.514176513802 0.0
-2.24293540243 0.0510222235775 -0.225744547612 -1.38047701327 -0.514387678542 0.0
-2.2430302358 0.0512239455123 -0.225944779325 -1.38056185277 -0.514597809095 0.0
-2.24312458756 0.0514246768497 -0.226144052498 -1.38064627001 -0.514806910431 0.0
-2.2432184602 0.0516244223766 -0.226342371517 -1.3807302671 -0.515014987498 0.0
-2.24331185619 0.0518231868578 -0.226539740748 -1.38081384611 -0.515222045222 0.0
-2.243404778 0.0520209750353 -0.226736164543 -1.38089700912 -0.515428088504 0.0
-2.24349722807 0.0522177916292 -0.226931647232 -1.3809797582 -0.515633122224 0.0
-2.24358920883 0.0524136413373 -0.227126193129 -1.38106209539 -0.515837151238 0.0
-2.24368072272 0.0526085288352 -0.227319806531 -1.38114402274 -0.51604018038 0.0
-2.24377177215 0.0528024587768 -0.227512491714 -1.38122554229 -0.516242214462 0.0
-2.2438623595 0.0529954357938 -0.227704252939 -1.38130665606 -0.516443258272 0.0
-2.24395248716 0.0531874644965 -0.227895094449 -1.38138736606 -0.516643316578 0.0
-2.24404215752 0.0533785494731 -0.228085020468 -1.3814676743 -0.516842394125 0.0
-2.24413137291 0.0535686952905 -0.228274035203 -1.38154758276 -0.517040495634 0.0
-2.2442201357 0.0537579064941 -0.228462142844 -1.38162709344 -0.517237625807 0.0
-2.24430844821 0.0539461876079 -0.228649347563 -1.38170620831 -0.517433789322 0.0
-2.24439631277 0.0541335431344 -0.228835653514 -1.38178492932 -0.517628990836 0.0
-2.24448373168 0.0543199775551 -0.229021064835 -1.38186325844 -0.517823234984 0.0
-2.24457070724 0.0545054953305 -0.229205585646 -1.38194119762 -0.518016526379 0.0
-2.24465724174 0.0546901008998 -0.229389220049 -1.38201874877 -0.518208869615 0.0
-2.24474333745 0.0548737986814 -0.22957197213 -1.38209591384 -0.51840026926 0.0
-2.24482899662 0.0550565930731 -0.229753845956 -1.38217269474 -0.518590729865 0.0
-2.24491422151 0.0552384884517 -0.229934845579 -1.38224909337 -0.518780255957 0.0
-2.24499901436 0.0554194891733 -0.230114975033 -1.38232511163 -0.518968852044 0.0
-2.24508337738 0.0555995995739 -0.230294238335 -1.38240075141 -0.519156522612 0.0
-2.24516731278 0.0557788239685 -0.230472639485 -1.38247601459 -0.519343272124 0.0
-2.24525082278 0.0559571666521 -0.230650182466 -1.38255090303 -0.519529105026 0.0
-2.24533390956 0.0561346318994 -0.230826871245 -1.3826254186 -0.51971402574 0.0
-2.24541657529 0.0563112239648 -0.231002709771 -1.38269956315 -0.519898038669 0.0
-2.24549882214 0.0564869470827 -0.231177701977 -1.38277333852 -0.520081148195 0.0
-2.24558065227 0.0566618054675 -0.231351851779 -1.38284674654 -0.52026335868 0.0
-2.24566206782 0.0568358033137 -0.231525163076 -1.38291978904 -0.520444674464 0.0
-2.24574307092 0.057008944796 -0.231697639753 -1.38299246782 -0.520625099869 0.0
-2.24582366368 0.0571812340692 -0.231869285675 -1.3830647847 -0.520804639195 0.0
-2.24590384823 0.0573526752688 -0.232040104692 -1.38313674147 -0.520983296722 0.0
-2.24598362665 0.0575232725104 -0.232210100638 -1.38320833993 -0.52116107671 0.0
-2.24606300104 0.0576930298904 -0.232379277331 -1.38327958184 -0.521337983401 0.0
-2.24614197346 0.0578619514858 -0.232547638572 -1.38335046898 -0.521514021014 0.0
-2.24622054599 0.0580300413541 -0.232715188145 -1.3834210031 -0.521689193751 0.0
-2.24629872067 0.0581973035339 -0.232881929819 -1.38349118598 -0.521863505792 0.0
-2.24637649955 0.0583637420445 -0.233047867347 -1.38356101933 -0.522036961299 0.0
-2.24645388467 0.0585293608862 -0.233213004465 -1.38363050491 -0.522209564413 0.0
-2.24653087804 0.0586941640404 -0.233377344894 -1.38369964444 -0.522381319258 0.0
-2.24660748167 0.0588581554697 -0.233540892339 -1.38376843963 -0.522552229936 0.0
-2.24668369756 0.0590213391178 -0.233703650488 -1.3838368922 -0.522722300532 0.0
-2.24675952771 0.0591837189098 -0.233865623014 -1.38390500385 -0.522891535109 0.0
-2.24683497408 0.0593452987523 -0.234026813574 -1.38397277627 -0.523059937714 0.0
-2.24691003866 0.0595060825331 -0.23418722581 -1.38404021115 -0.523227512373 0.0
-2.2469847234 0.0596660741219 -0.234346863348 -1.38410731015 -0.523394263094 0.0
-2.24705903024 0.0598252773698 -0.234505729796 -1.38417407495 -0.523560193865 0.0
-2.24713296112 0.0599836961099 -0.234663828751 -1.38424050722 -0.523725308657 0.0
-2.24720651797 0.0601413341568 -0.234821163791 -1.38430660859 -0.523889611422 0.0
-2.24727970271 0.0602981953072 -0.23497773848 -1.38437238071 -0.524053106091 0.0
-2.24735251725 0.0604542833399 -0.235133556366 -1.38443782523 -0.52421579658 0.0
-2.24742496347 0.0606096020154 -0.235288620981 -1.38450294376 -0.524377686783 0.0
-2.24749704328 0.0607641550768 -0.235442935844 -1.38456773792 -0.52453878058 0.0
-2.24756875853 0.0609179462491 -0.235596504456 -1.38463220933 -0.524699081828 0.0
-2.24764011111 0.0610709792396 -0.235749330305 -1.38469635959 -0.52485859437 0.0
-2.24771110287 0.0612232577383 -0.235901416864 -1.38476019029 -0.525017322028 0.0
-2.24778173566 0.0613747854174 -0.236052767588 -1.38482370302 -0.525175268607 0.0
-2.24785201131 0.0615255659316 -0.23620338592 -1.38488689936 -0.525332437894 0.0
-2.24792193165 0.0616756029185 -0.236353275287 -1.38494978088 -0.525488833659 0.0
-2.2479914985 0.0618248999983 -0.236502439101 -1.38501234915 -0.525644459653 0.0
-2.24806071368 0.0619734607738 -0.23665088076 -1.38507460572 -0.525799319609 0.0
-2.24812957897 0.0621212888309 -0.236798603645 -1.38513655214 -0.525953417244 0.0
-2.24819809617 0.0622683877383 -0.236945611125 -1.38519818995 -0.526106756257 0.0
-2.24826626706 0.0624147610479 -0.237091906553 -1.38525952068 -0.526259340329 0.0
-2.24833409342 0.0625604122944 -0.237237493266 -1.38532054586 -0.526411173122 0.0
-2.248401577 0.0627053449961 -0.237382374589 -1.38538126701 -0.526562258285 0.0
-2.24846871955 0.0628495626541 -0.237526553832 -1.38544168564 -0.526712599446 0.0
-2.24853552282 0.0629930687531 -0.237670034288 -1.38550180324 -0.526862200217 0.0
-2.24860198855 0.0631358667612 -0.237812819238 -1.38556162132 -0.527011064193 0.0
-2.24866811846 0.0632779601298 -0.237954911949 -1.38562114137 -0.527159194952 0.0
-2.24873391427 0.0634193522941 -0.238096315671 -1.38568036486 -0.527306596056 0.0
-2.24879937767 0.0635600466728 -0.238237033643 -1.38573929327 -0.527453271049 0.0
-2.24886451038 0.0637000466683 -0.238377069088 -1.38579792806 -0.527599223457 0.0
-2.24892931408 0.0638393556667 -0.238516425214 -1.38585627069 -0.527744456793 0.0
-2.24899379045 0.0639779770383 -0.238655105217 -1.38591432262 -0.52788897455 0.0
-2.24905794117 0.0641159141368 -0.238793112278 -1.38597208529 -0.528032780205 0.0
-2.24912176789 0.0642531703004 -0.238930449562 -1.38602956013 -0.528175877221 0.0
-2.24918527228 0.064389748851 -0.239067120224 -1.38608674858 -0.528318269042 0.0
-2.24924845597 0.0645256530949 -0.239203127403 -1.38614365206 -0.528459959095 0.0
-2.24931132061 0.0646608863226 -0.239338474223 -1.38620027199 -0.528600950795 0.0
-2.24937386781 0.0647954518087 -0.239473163796 -1.38625660977 -0.528741247536 0.0
-2.24943609922 0.0649293528123 -0.23960719922 -1.38631266681 -0.528880852699 0.0
-2.24949801642 0.065062592577 -0.239740583579 -1.3863684445 -0.529019769648 0.0
-2.24955962104 0.0651951743308 -0.239873319943 -1.38642394424 -0.52915800173 0.0
-2.24962091466 0.0653271012864 -0.240005411368 -1.38647916739 -0.529295552279 0.0
-2.24968189886 0.0654583766409 -0.240136860898 -1.38653411534 -0.529432424609 0.0
-2.24974257524 0.0655890035763 -0.240267671563 -1.38658878946 -0.529568622022 0.0
-2.24980294535 0.0657189852596 -0.240397846379 -1.3866431911 -0.529704147802 0.0
-2.24986301076 0.0658483248422 -0.24052738835 -1.38669732162 -0.52983900522 0.0
-2.24992277303 0.0659770254608 -0.240656300463 -1.38675118236 -0.529973197528 0.0
-2.24998223369 0.0661050902368 -0.240784585697 -1.38680477468 -0.530106727966 0.0
-2.2500413943 0.0662325222771 -0.240912247013 -1.3868580999 -0.530239599755 0.0
-2.25010025636 0.0663593246733 -0.241039287362 -1.38691115935 -0.530371816104 0.0
-2.25015882142 0.0664855005024 -0.241165709681 -1.38696395435 -0.530503380206 0.0
-2.25021709098 0.0666110528267 -0.241291516894 -1.38701648621 -0.530634295236 0.0
-2.25027506654 0.0667359846937 -0.24141671191 -1.38706875625 -0.530764564359 0.0
-2.25033274961 0.0668602991365 -0.241541297628 -1.38712076576 -0.530894190719 0.0
-2.25039014168 0.0669839991736 -0.241665276933 -1.38717251605 -0.531023177451 0.0
-2.25044724422 0.0671070878089 -0.241788652695 -1.38722400839 -0.53115152767 0.0
-2.25050405872 0.0672295680321 -0.241911427776 -1.38727524408 -0.53127924448 0.0
-2.25056058664 0.0673514428186 -0.24203360502 -1.38732622438 -0.531406330967 0.0
-2.25061682943 0.0674727151293 -0.242155187261 -1.38737695057 -0.531532790206 0.0
-2.25067278856 0.0675933879111 -0.242276177321 -1.38742742391 -0.531658625253 0.0
-2.25072846546 0.0677134640968 -0.242396578007 -1.38747764566 -0.531783839153 0.0
-2.25078386158 0.0678329466051 -0.242516392115 -1.38752761707 -0.531908434936 0.0
-2.25083897833 0.0679518383405 -0.242635622429 -1.38757733938 -0.532032415615 0.0
-2.25089381715 0.0680701421939 -0.242754271718 -1.38762681383 -0.532155784191 0.0
-2.25094837945 0.0681878610421 -0.242872342742 -1.38767604166 -0.532278543651 0.0
-2.25100266664 0.0683049977482 -0.242989838246 -1.38772502408 -0.532400696966 0.0
-2.25105668011 0.0684215551615 -0.243106760963 -1.38777376233 -0.532522247094 0.0
-2.25111042125 0.0685375361177 -0.243223113615 -1.38782225761 -0.532643196978 0.0
-2.25116389146 0.0686529434389 -0.243338898911 -1.38787051114 -0.532763549549 0.0
-2.25121709211 0.0687677799334 -0.243454119548 -1.38791852411 -0.532883307721 0.0
-2.25127002458 0.0688820483964 -0.24356877821 -1.38796629772 -0.533002474396 0.0
-2.25132269022 0.0689957516094 -0.24368287757 -1.38801383317 -0.533121052463 0.0
-2.25137509039 0.0691088923407 -0.243796420288 -1.38806113163 -0.533239044795 0.0
-2.25142722645 0.0692214733451 -0.243909409013 -1.38810819428 -0.533356454252 0.0
-2.25147909973 0.0693334973644 -0.244021846382 -1.38815502231 -0.533473283682 0.0
-2.25153071158 0.069444967127 -0.244133735019 -1.38820161687 -0.533589535916 0.0
-2.25158206332 0.0695558853483 -0.244245077537 -1.38824797912 -0.533705213776 0.0
-2.25163315627 0.0696662547307 -0.244355876537 -1.38829411022 -0.533820320065 0.0
-2.25168399175 0.0697760779635 -0.244466134608 -1.38834001133 -0.533934857579 0.0
-2.25173457107 0.0698853577231 -0.244575854328 -1.38838568358 -0.534048829094 0.0
-2.25178489552 0.0699940966731 -0.244685038263 -1.38843112811 -0.534162237379 0.0
-2.25183496641 0.0701022974641 -0.244793688967 -1.38847634606 -0.534275085184 0.0
-2.25188478502 0.0702099627341 -0.244901808983 -1.38852133855 -0.534387375251 0.0
-2.25193435264 0.0703170951084 -0.245009400841 -1.38856610671 -0.534499110304 0.0
-2.25198367054 0.0704236971996 -0.245116467062 -1.38861065165 -0.534610293059 0.0
-2.25203273998 0.0705297716077 -0.245223010154 -1.38865497447 -0.534720926214 0.0
-2.25208156223 0.0706353209203 -0.245329032614 -1.38869907629 -0.534831012459 0.0
-2.25213013855 0.0707403477125 -0.245434536926 -1.38874295821 -0.534940554466 0.0
-2.25217847018 0.0708448545469 -0.245539525567 -1.38878662132 -0.535049554899 0.0
-2.25222655836 0.0709488439738 -0.245644000997 -1.3888300667 -0.535158016405 0.0
-2.25227440434 0.0710523185313 -0.24574796567 -1.38887329544 -0.535265941623 0.0
-2.25232200934 0.0711552807451 -0.245851422025 -1.38891630862 -0.535373333174 0.0
-2.25236937458 0.0712577331289 -0.245954372493 -1.38895910731 -0.535480193671 0.0
-2.25241650129 0.0713596781843 -0.246056819492 -1.38900169258 -0.535586525712 0.0
-2.25246339066 0.0714611184005 -0.246158765428 -1.38904406549 -0.535692331883 0.0
-2.25251004392 0.0715620562552 -0.2462602127 -1.3890862271 -0.535797614758 0.0
-2.25255646225 0.0716624942137 -0.246361163691 -1.38912817845 -0.535902376899 0.0
-2.25260264685 0.0717624347298 -0.246461620777 -1.38916992059 -0.536006620854 0.0
-2.2526485989 0.071861880245 -0.246561586321 -1.38921145457 -0.536110349161 0.0
-2.25269431958 0.0719608331896 -0.246661062677 -1.38925278143 -0.536213564345 0.0
-2.25273981007 0.0720592959816 -0.246760052187 -1.38929390218 -0.536316268917 0.0
-2.25278507153 0.0721572710277 -0.246858557181 -1.38933481785 -0.536418465378 0.0
-2.25283010513 0.0722547607228 -0.246956579982 -1.38937552948 -0.536520156218 0.0
-2.25287491202 0.0723517674504 -0.247054122899 -1.38941603807 -0.536621343912 0.0
-2.25291949335 0.0724482935823 -0.247151188232 -1.38945634463 -0.536722030925 0.0
-2.25296385027 0.072544341479 -0.24724777827 -1.38949645016 -0.536822219711 0.0
-2.25300798391 0.0726399134896 -0.247343895291 -1.38953635568 -0.53692191271 0.0
-2.2530518954 0.0727350119516 -0.247439541564 -1.38957606217 -0.537021112351 0.0
-2.25309558588 0.0728296391916 -0.247534719346 -1.38961557062 -0.537119821053 0.0
-2.25313905645 0.0729237975246 -0.247629430886 -1.38965488203 -0.537218041221 0.0
-2.25318230825 0.0730174892547 -0.247723678419 -1.38969399736 -0.53731577525 0.0
-2.25322534236 0.0731107166746 -0.247817464173 -1.3897329176 -0.537413025522 0.0
-2.25326815991 0.0732034820661 -0.247910790365 -1.38977164372 -0.53750979441 0.0
-2.25331076198 0.0732957876998 -0.2480036592 -1.38981017668 -0.537606084273 0.0
-2.25335314967 0.0733876358356 -0.248096072875 -1.38984851745 -0.53770189746 0.0
-2.25339532407 0.0734790287223 -0.248188033576 -1.38988666697 -0.537797236308 0.0
-2.25343728624 0.0735699685976 -0.24827954348 -1.38992462621 -0.537892103144 0.0
-2.25347903728 0.0736604576888 -0.248370604751 -1.38996239611 -0.537986500283 0.0
-2.25352057825 0.073750498212 -0.248461219547 -1.38999997762 -0.538080430027 0.0
-2.25356191021 0.073840092373 -0.248551390013 -1.39003737166 -0.538173894671 0.0
-2.25360303422 0.0739292423667 -0.248641118286 -1.39007457918 -0.538266896496 0.0
-2.25364395134 0.0740179503772 -0.248730406491 -1.3901116011 -0.538359437772 0.0
-2.25368466261 0.0741062185784 -0.248819256746 -1.39014843835 -0.538451520759 0.0
-2.25372516908 0.0741940491333 -0.248907671158 -1.39018509184 -0.538543147707 0.0
-2.25376547178 0.0742814441948 -0.248995651823 -1.39022156249 -0.538634320852 0.0
-2.25380557174 0.0743684059051 -0.249083200828 -1.39025785121 -0.538725042423 0.0
-2.25384547 0.074454936396 -0.249170320252 -1.39029395891 -0.538815314635 0.0
-2.25388516756 0.0745410377892 -0.249257012162 -1.39032988648 -0.538905139695 0.0
-2.25392466546 0.0746267121959 -0.249343278618 -1.39036563483 -0.538994519798 0.0
-2.25396396469 0.0747119617172 -0.249429121668 -1.39040120485 -0.539083457128 0.0
-2.25400306627 0.074796788444 -0.249514543351 -1.39043659742 -0.539171953859 0.0
-2.25404197119 0.074881194457 -0.249599545698 -1.39047181342 -0.539260012155 0.0
-2.25408068045 0.0749651818269 -0.249684130729 -1.39050685375 -0.539347634169 0.0
-2.25411919505 0.0750487526142 -0.249768300456 -1.39054171926 -0.539434822043 0.0
-2.25415751595 0.0751319088696 -0.24985205688 -1.39057641084 -0.539521577911 0.0
-2.25419564415 0.0752146526337 -0.249935401995 -1.39061092934 -0.539607903893 0.0
-2.25423358063 0.0752969859374 -0.250018337784 -1.39064527563 -0.539693802103 0.0
-2.25427132634 0.0753789108014 -0.250100866221 -1.39067945057 -0.539779274641 0.0
-2.25430888226 0.075460429237 -0.25018298927 -1.39071345501 -0.539864323598 0.0
-2.25434624934 0.0755415432454 -0.250264708889 -1.3907472898 -0.539948951057 0.0
-2.25438342854 0.0756222548184 -0.250346027024 -1.39078095579 -0.540033159089 0.0
-2.25442042082 0.0757025659378 -0.250426945612 -1.3908144538 -0.540116949754 0.0
-2.25445722711 0.075782478576 -0.250507466583 -1.39084778469 -0.540200325104 0.0
-2.25449384836 0.0758619946958 -0.250587591856 -1.39088094928 -0.540283287181 0.0
-2.2545302855 0.0759411162504 -0.250667323342 -1.3909139484 -0.540365838015 0.0
-2.25456653946 0.0760198451835 -0.250746662943 -1.39094678288 -0.54044797963 0.0
-2.25460261117 0.0760981834295 -0.250825612552 -1.39097945353 -0.540529714036 0.0
-2.25463850156 0.0761761329132 -0.250904174054 -1.39101196118 -0.540611043236 0.0
-2.25467421153 0.0762536955503 -0.250982349324 -1.39104430662 -0.540691969222 0.0
-2.254709742 0.0763308732469 -0.251060140228 -1.39107649068 -0.540772493977 0.0
-2.25474509388 0.0764076679 -0.251137548626 -1.39110851415 -0.540852619475 0.0
-2.25478026807 0.0764840813973 -0.251214576365 -1.39114037784 -0.540932347678 0.0
-2.25481526547 0.0765601156176 -0.251291225287 -1.39117208253 -0.541011680542 0.0
-2.25485008697 0.0766357724301 -0.251367497225 -1.39120362903 -0.541090620012 0.0
-2.25488473346 0.0767110536953 -0.251443394001 -1.39123501812 -0.541169168021 0.0
-2.25491920583 0.0767859612645 -0.251518917431 -1.39126625058 -0.541247326497 0.0
-2.25495350495 0.0768604969799 -0.251594069321 -1.39129732719 -0.541325097355 0.0
-2.2549876317 0.0769346626749 -0.25166885147 -1.39132824874 -0.541402482504 0.0
-2.25502158695 0.077008460174 -0.251743265666 -1.39135901598 -0.541479483841 0.0
-2.25505537157 0.0770818912927 -0.251817313693 -1.3913896297 -0.541556103255 0.0
-2.25508898642 0.0771549578376 -0.251890997322 -1.39142009066 -0.541632342626 0.0
-2.25512243236 0.0772276616067 -0.251964318318 -1.39145039961 -0.541708203825 0.0
-2.25515571024 0.0773000043893 -0.252037278438 -1.39148055731 -0.541783688713 0.0
-2.25518882091 0.0773719879656 -0.252109879429 -1.39151056452 -0.541858799142 0.0
-2.25522176521 0.0774436141075 -0.252182123033 -1.39154042199 -0.541933536957 0.0
-2.25525454399 0.0775148845782 -0.25225401098 -1.39157013046 -0.542007903991 0.0
-2.25528715808 0.0775858011323 -0.252325544995 -1.39159969068 -0.54208190207 0.0
-2.25531960831 0.0776563655157 -0.252396726793 -1.39162910338 -0.542155533012 0.0
-2.25535189551 0.077726579466 -0.252467558082 -1.3916583693 -0.542228798624 0.0
-2.25538402051 0.0777964447122 -0.252538040561 -1.39168748917 -0.542301700705 0.0
-2.25541598412 0.077865962975 -0.252608175922 -1.39171646372 -0.542374241047 0.0
-2.25544778715 0.0779351359666 -0.252677965849 -1.39174529366 -0.54244642143 0.0
-2.25547943042 0.078003965391 -0.252747412017 -1.39177397973 -0.542518243628 0.0
-2.25551091474 0.0780724529437 -0.252816516094 -1.39180252264 -0.542589709406 0.0
-2.2555422409 0.078140600312 -0.25288527974 -1.3918309231 -0.542660820519 0.0
-2.25557340971 0.0782084091751 -0.252953704608 -1.39185918183 -0.542731578715 0.0
-2.25560442196 0.0782758812039 -0.253021792341 -1.39188729952 -0.542801985734 0.0
-2.25563527843 0.0783430180612 -0.253089544577 -1.39191527688 -0.542872043304 0.0
-2.25566597992 0.0784098214016 -0.253156962945 -1.39194311461 -0.542941753149 0.0
-2.25569652722 0.0784762928717 -0.253224049065 -1.3919708134 -0.543011116983 0.0
-2.25572692108 0.0785424341101 -0.253290804552 -1.39199837395 -0.54308013651 0.0
-2.2557571623 0.0786082467473 -0.253357231011 -1.39202579695 -0.543148813428 0.0
-2.25578725164 0.078673732406 -0.253423330041 -1.39205308309 -0.543217149425 0.0
-2.25581718986 0.0787388927009 -0.253489103234 -1.39208023303 -0.543285146183 0.0
-2.25584697774 0.0788037292387 -0.253554552171 -1.39210724747 -0.543352805374 0.0
-2.25587661602 0.0788682436184 -0.253619678431 -1.39213412708 -0.543420128661 0.0
-2.25590610547 0.0789324374313 -0.25368448358 -1.39216087252 -0.543487117703 0.0
-2.25593544683 0.0789963122607 -0.25374896918 -1.39218748448 -0.543553774145 0.0
-2.25596464085 0.0790598696823 -0.253813136786 -1.3922139636 -0.54362009963 0.0
-2.25599368828 0.079123111264 -0.253876987942 -1.39224031057 -0.543686095789 0.0
-2.25602258985 0.0791860385662 -0.25394052419 -1.39226652602 -0.543751764245 0.0
-2.2560513463 0.0792486531415 -0.254003747059 -1.39229261063 -0.543817106617 0.0
-2.25607995836 0.0793109565352 -0.254066658075 -1.39231856504 -0.543882124511 0.0
-2.25610842675 0.0793729502847 -0.254129258756 -1.39234438989 -0.543946819529 0.0
-2.25613675222 0.0794346359201 -0.254191550611 -1.39237008585 -0.544011193264 0.0
-2.25616493547 0.079496014964 -0.254253535144 -1.39239565354 -0.5440752473 0.0
-2.25619297722 0.0795570889315 -0.25431521385 -1.39242109361 -0.544138983215 0.0
-2.25622087818 0.0796178593304 -0.254376588219 -1.39244640669 -0.544202402579 0.0
-2.25624863907 0.079678327661 -0.254437659732 -1.39247159342 -0.544265506954 0.0
-2.2562762606 0.0797384954164 -0.254498429864 -1.39249665443 -0.544328297893 0.0
-2.25630374345 0.0797983640823 -0.254558900083 -1.39252159034 -0.544390776945 0.0
-2.25633108835 0.0798579351371 -0.254619071849 -1.39254640177 -0.544452945648 0.0
-2.25635829597 0.0799172100521 -0.254678946618 -1.39257108935 -0.544514805535 0.0
-2.25638536701 0.0799761902913 -0.254738525834 -1.3925956537 -0.544576358128 0.0
-2.25641230216 0.0800348773117 -0.25479781094 -1.39262009543 -0.544637604946 0.0
-2.2564391021 0.080093272563 -0.254856803368 -1.39264441514 -0.544698547499 0.0
-2.25646576752 0.0801513774878 -0.254915504545 -1.39266861345 -0.544759187287 0.0
-2.2564922991 0.0802091935218 -0.25497391589 -1.39269269097 -0.544819525806 0.0
-2.2565186975 0.0802667220935 -0.255032038816 -1.39271664829 -0.544879564543 0.0
-2.25654496341 0.0803239646245 -0.255089874731 -1.39274048601 -0.54493930498 0.0
-2.25657109748 0.0803809225296 -0.255147425032 -1.39276420474 -0.544998748588 0.0
-2.25659710038 0.0804375972164 -0.255204691115 -1.39278780505 -0.545057896834 0.0
-2.25662297278 0.0804939900856 -0.255261674364 -1.39281128756 -0.545116751176 0.0
-2.25664871532 0.0805501025314 -0.255318376159 -1.39283465283 -0.545175313066 0.0
-2.25667432868 0.0806059359408 -0.255374797874 -1.39285790146 -0.545233583949 0.0
-2.25669981348 0.0806614916942 -0.255430940876 -1.39288103402 -0.545291565262 0.0
-2.2567251704 0.0807167711652 -0.255486806524 -1.3929040511 -0.545349258436 0.0
-2.25675040005 0.0807717757206 -0.255542396172 -1.39292695328 -0.545406664893 0.0
-2.2567755031 0.0808265067207 -0.255597711168 -1.39294974111 -0.545463786051 0.0
-2.25680048018 0.0808809655189 -0.255652752852 -1.39297241518 -0.545520623319 0.0
-2.25682533191 0.0809351534621 -0.255707522559 -1.39299497606 -0.545577178099 0.0
-2.25685005894 0.0809890718906 -0.255762021616 -1.39301742429 -0.545633451789 0.0
-2.25687466189 0.0810427221381 -0.255816251346 -1.39303976046 -0.545689445776 0.0
-2.25689914139 0.0810961055319 -0.255870213065 -1.39306198511 -0.545745161443 0.0
-2.25692349805 0.0811492233925 -0.25592390808 -1.3930840988 -0.545800600165 0.0
-2.2569477325 0.0812020770342 -0.255977337695 -1.39310610209 -0.545855763312 0.0
-2.25697184535 0.0812546677647 -0.256030503208 -1.39312799552 -0.545910652245 0.0
-2.25699583722 0.0813069968854 -0.256083405908 -1.39314977965 -0.545965268319 0.0
-2.25701970871 0.0813590656914 -0.256136047079 -1.39317145502 -0.546019612885 0.0
-2.25704346043 0.0814108754711 -0.256188428001 -1.39319302216 -0.546073687283 0.0
-2.25706709298 0.0814624275069 -0.256240549944 -1.39321448163 -0.546127492849 0.0
-2.25709060697 0.0815137230749 -0.256292414176 -1.39323583395 -0.546181030913 0.0
-2.25711400298 0.0815647634447 -0.256344021956 -1.39325707967 -0.546234302797 0.0
-2.25713728162 0.08161554988 -0.256395374539 -1.3932782193 -0.546287309818 0.0
-2.25716044348 0.0816660836381 -0.256446473172 -1.39329925339 -0.546340053284 0.0
-2.25718348913 0.0817163659701 -0.256497319096 -1.39332018246 -0.5463925345 0.0
-2.25720641918 0.0817663981211 -0.25654791355 -1.39334100703 -0.546444754762 0.0
-2.25722923419 0.0818161813299 -0.256598257762 -1.39336172762 -0.546496715361 0.0
-2.25725193476 0.0818657168296 -0.256648352956 -1.39338234476 -0.546548417582 0.0
-2.25727452145 0.0819150058467 -0.256698200352 -1.39340285895 -0.546599862701 0.0
-2.25729699483 0.0819640496022 -0.256747801162 -1.39342327071 -0.546651051991 0.0
-2.25731935549 0.0820128493108 -0.256797156593 -1.39344358056 -0.546701986717 0.0
-2.25734160398 0.0820614061813 -0.256846267845 -1.39346378899 -0.546752668139 0.0
-2.25736374087 0.0821097214167 -0.256895136115 -1.39348389652 -0.54680309751 0.0
-2.25738576673 0.0821577962138 -0.256943762591 -1.39350390365 -0.546853276077 0.0
-2.2574076821 0.0822056317638 -0.256992148458 -1.39352381087 -0.54690320508 0.0
-2.25742948756 0.082253229252 -0.257040294893 -1.3935436187 -0.546952885755 0.0
-2.25745118364 0.0823005898578 -0.257088203069 -1.39356332762 -0.54700231933 0.0
-2.2574727709 0.0823477147548 -0.257135874154 -1.39358293812 -0.547051507028 0.0
-2.2574942499 0.082394605111 -0.257183309308 -1.3936024507 -0.547100450066 0.0
-2.25751562116 0.0824412620885 -0.257230509687 -1.39362186585 -0.547149149655 0.0
-2.25753688524 0.0824876868436 -0.257277476441 -1.39364118405 -0.547197606999 0.0
-2.25755804268 0.0825338805273 -0.257324210716 -1.39366040578 -0.547245823298 0.0
-2.257579094 0.0825798442845 -0.257370713649 -1.39367953154 -0.547293799744 0.0
-2.25760003975 0.0826255792547 -0.257416986376 -1.39369856178 -0.547341537525 0.0
-2.25762088046 0.0826710865719 -0.257463030024 -1.393717497 -0.547389037822 0.0
-2.25764161665 0.0827163673643 -0.257508845716 -1.39373633766 -0.547436301811 0.0
-2.25766224885 0.0827614227548 -0.25755443457 -1.39375508424 -0.547483330662 0.0
-2.25768277759 0.0828062538604 -0.257599797697 -1.39377373721 -0.547530125538 0.0
-2.25770320338 0.0828508617931 -0.257644936205 -1.39379229703 -0.547576687599 0.0
-2.25772352674 0.082895247659 -0.257689851194 -1.39381076416 -0.547623017997 0.0
-2.25774374818 0.0829394125591 -0.257734543762 -1.39382913908 -0.547669117879 0.0
-2.25776386823 0.0829833575887 -0.257779014999 -1.39384742224 -0.547714988386 0.0
-2.25778388739 0.0830270838379 -0.25782326599 -1.39386561409 -0.547760630655 0.0
-2.25780380616 0.0830705923914 -0.257867297816 -1.3938837151 -0.547806045816 0.0
-2.25782362506 0.0831138843286 -0.257911111552 -1.39390172571 -0.547851234993 0.0
-2.25784334458 0.0831569607235 -0.257954708268 -1.39391964638 -0.547896199306 0.0
-2.25786296522 0.0831998226448 -0.25799808903 -1.39393747756 -0.547940939869 0.0
-2.25788248749 0.0832424711561 -0.258041254896 -1.39395521969 -0.547985457789 0.0
-2.25790191187 0.0832849073157 -0.258084206922 -1.39397287322 -0.548029754169 0.0
-2.25792123886 0.0833271321765 -0.258126946156 -1.39399043858 -0.548073830108 0.0
-2.25794046895 0.0833691467866 -0.258169473645 -1.39400791622 -0.548117686696 0.0
-2.25795960262 0.0834109521886 -0.258211790426 -1.39402530658 -0.548161325022 0.0
-2.25797864036 0.0834525494202 -0.258253897535 -1.39404261009 -0.548204746165 0.0
-2.25799758266 0.0834939395138 -0.258295796001 -1.39405982718 -0.548247951202 0.0
-2.25801642998 0.0835351234968 -0.258337486849 -1.39407695829 -0.548290941204 0.0
-2.25803518282 0.0835761023917 -0.258378971098 -1.39409400385 -0.548333717236 0.0
-2.25805384164 0.0836168772156 -0.258420249763 -1.39411096427 -0.548376280359 0.0
-2.25807240692 0.0836574489811 -0.258461323853 -1.39412784 -0.548418631627 0.0
-2.25809087913 0.0836978186953 -0.258502194374 -1.39414463144 -0.548460772091 0.0
-2.25810925874 0.0837379873606 -0.258542862326 -1.39416133902 -0.548502702794 0.0
-2.2581275462 0.0837779559746 -0.258583328703 -1.39417796315 -0.548544424778 0.0
-2.25814574199 0.0838177255297 -0.258623594497 -1.39419450426 -0.548585939075 0.0
-2.25816384656 0.0838572970135 -0.258663660693 -1.39421096276 -0.548627246716 0.0
-2.25818186038 0.0838966714089 -0.258703528272 -1.39422733906 -0.548668348725 0.0
-2.2581997839 0.0839358496938 -0.25874319821 -1.39424363357 -0.548709246121 0.0
-2.25821761757 0.0839748328412 -0.258782671478 -1.3942598467 -0.548749939918 0.0
-2.25823536185 0.0840136218196 -0.258821949044 -1.39427597885 -0.548790431126 0.0
-2.25825301718 0.0840522175924 -0.258861031869 -1.39429203043 -0.548830720749 0.0
-2.25827058401 0.0840906211186 -0.258899920911 -1.39430800184 -0.548870809787 0.0
-2.25828806279 0.0841288333521 -0.258938617122 -1.39432389348 -0.548910699233 0.0
-2.25830545396 0.0841668552424 -0.258977121451 -1.39433970575 -0.548950390077 0.0
-2.25832275796 0.0842046877341 -0.259015434842 -1.39435543905 -0.548989883305 0.0
-2.25833997522 0.0842423317674 -0.259053558233 -1.39437109376 -0.549029179896 0.0
-2.25835710619 0.0842797882775 -0.259091492559 -1.39438667028 -0.549068280825 0.0
-2.2583741513 0.0843170581955 -0.25912923875 -1.39440216901 -0.549107187062 0.0
-2.25839111097 0.0843541424473 -0.259166797732 -1.39441759032 -0.549145899573 0.0
-2.25840798564 0.0843910419548 -0.259204170425 -1.39443293461 -0.549184419319 0.0
-2.25842477574 0.0844277576351 -0.259241357746 -1.39444820226 -0.549222747255 0.0
-2.25844148168 0.0844642904006 -0.259278360608 -1.39446339365 -0.549260884334 0.0
-2.2584581039 0.0845006411595 -0.259315179917 -1.39447850916 -0.5492988315 0.0
-2.25847464281 0.0845368108155 -0.259351816578 -1.39449354917 -0.549336589698 0.0
-2.25849109884 0.0845728002676 -0.259388271488 -1.39450851406 -0.549374159863 0.0
-2.25850747239 0.0846086104107 -0.259424545544 -1.39452340421 -0.549411542928 0.0
-2.25852376388 0.0846442421349 -0.259460639635 -1.39453821997 -0.549448739823 0.0
-2.25853997373 0.0846796963263 -0.259496554646 -1.39455296174 -0.549485751469 0.0
-2.25855610234 0.0847149738664 -0.25953229146 -1.39456762987 -0.549522578787 0.0
-2.25857215013 0.0847500756324 -0.259567850954 -1.39458222474 -0.549559222691 0.0
-2.25858811749 0.0847850024971 -0.259603234002 -1.3945967467 -0.54959568409 0.0
-2.25860400484 0.0848197553292 -0.259638441471 -1.39461119613 -0.54963196389 0.0
-2.25861981257 0.0848543349928 -0.259673474227 -1.39462557338 -0.549668062993 0.0
-2.25863554109 0.0848887423482 -0.25970833313 -1.39463987882 -0.549703982295 0.0
-2.25865119079 0.0849229782509 -0.259743019036 -1.3946541128 -0.549739722688 0.0
-2.25866676207 0.0849570435526 -0.259777532798 -1.39466827568 -0.549775285059 0.0
-2.25868225532 0.0849909391006 -0.259811875264 -1.39468236782 -0.549810670293 0.0
-2.25869767094 0.0850246657382 -0.259846047277 -1.39469638956 -0.549845879269 0.0
-2.25871300931 0.0850582243042 -0.259880049678 -1.39471034127 -0.54988091286 0.0
-2.25872827082 0.0850916156336 -0.259913883301 -1.39472422328 -0.549915771938 0.0
-2.25874345586 0.0851248405571 -0.25994754898 -1.39473803595 -0.549950457369 0.0
-2.25875856481 0.0851578999014 -0.259981047541 -1.39475177962 -0.549984970014 0.0
-2.25877359806 0.0851907944891 -0.260014379808 -1.39476545464 -0.550019310732 0.0
-2.25878855598 0.0852235251385 -0.2600475466 -1.39477906135 -0.550053480375 0.0
-2.25880343896 0.0852560926643 -0.260080548734 -1.39479260008 -0.550087479793 0.0
-2.25881824736 0.0852884978768 -0.260113387021 -1.39480607119 -0.550121309831 0.0
-2.25883298157 0.0853207415825 -0.260146062268 -1.39481947501 -0.550154971329 0.0
-2.25884764195 0.0853528245839 -0.26017857528 -1.39483281187 -0.550188465125 0.0
-2.25886222888 0.0853847476794 -0.260210926856 -1.39484608211 -0.550221792051 0.0
-2.25887674273 0.0854165116636 -0.260243117793 -1.39485928605 -0.550254952935 0.0
-2.25889118386 0.0854481173271 -0.260275148882 -1.39487242404 -0.550287948602 0.0
-2.25890555263 0.0854795654567 -0.260307020912 -1.3948854964 -0.550320779872 0.0
-2.25891984942 0.0855108568351 -0.260338734667 -1.39489850345 -0.550353447562 0.0
