0.0 0.0 0.0 0.0 0.0 0.0 0.0
 0.05 0.0 0.0 0.0 0.0 0.0 0.0
 0.1 -8.88271072641e-13 8.92242944797e-09 5.95738154068e-07 3.62287447791e-09 -6.04350300222e-07 -3.55495334392e-12
 0.15 -0.0169500000016 0.000645016299449 -0.00194891170857 -0.0104249933818 -0.00412610402406 -6.49110390106e-12
 0.2 -0.0479173379348 0.001823307139 -0.0055991125075 -0.0294006073155 -0.0117503939999 -2.62506703764e-05
 0.25 -0.0903534811967 0.0034376799651 -0.0106391231772 -0.0552562533514 -0.022592254531 -0.000133747140462
 0.3 -0.142043313296 0.00540376782791 -0.016797250519 -0.0865974589959 -0.0361961162959 -0.0003669512587
 0.35 -0.201064436851 0.00764854484481 -0.0238405470242 -0.122263547448 -0.0520310724865 -0.000761635398212
 0.4 -0.265753442637 0.0101089950042 -0.0315705716336 -0.161285991666 -0.0695560085042 -0.00133862617307
 0.45 -0.334676582897 0.0127309263709 -0.0398183712516 -0.202852464909 -0.0882594173203 -0.00210014785906
 0.5 -0.406603784769 0.0154679155235 -0.0484395964568 -0.246277423979 -0.107682175249 -0.0030293809544
 0.55 -0.480485363027 0.0182803685807 -0.0573102401249 -0.290978788416 -0.127428892709 -0.00409284742757
 0.6 -0.555431034651 0.0211346865555 -0.0663231872935 -0.336459824981 -0.147171603156 -0.00524473571282
 0.65 -0.630690974505 0.0240025240225 -0.0753855767723 -0.382295246844 -0.166648363917 -0.00643215265456
 0.7 -0.705638723745 0.0268601312015 -0.0844168730508 -0.428120592045 -0.18565858291 -0.00760040111677
 0.75 -0.779755798513 0.0296877705794 -0.0933475019649 -0.473624065985 -0.204056386106 -0.00869761513957
 0.8 -0.852617864324 0.0324692000964 -0.102117893525 -0.518540175335 -0.221742994333 -0.00967835219106
 0.85 -0.923882351991 0.0351912157476 -0.110677786183 -0.562644623828 -0.238658821249 -0.0105059865353
 0.9 -0.993277399015 0.0378432471878 -0.118985669798 -0.605750071457 -0.254775802744 -0.011153937701
 0.95 -1.06059200797 0.0404170005905 -0.127008273647 -0.647702471214 -0.270090304634 -0.0116058931612
 1.0 -1.12566732038 0.0429061436125 -0.134720036405 -0.688377789117 -0.284616822443 -0.011855248801
 1.05 -1.18838891096 0.0453060278492 -0.142102523521 -0.727678984041 -0.298382580814 -0.0119040068556
 1.1 -1.24868001189 0.0476134446512 -0.149143781262 -0.765533175844 -0.311423058381 -0.0117613538629
 1.15 -1.30649558171 0.0498264106057 -0.155837634502 -0.801888966302 -0.323778404376 -0.0114421050801
 1.2 -1.3618171365 0.0519439793761 -0.162182946745 -0.836713900531 -0.335490673179 -0.0109651581913
 1.25 -1.41464826535 0.0539660769441 -0.168182866466 -0.869992070037 -0.346601779174 -0.0103520559564
 1.3 -1.46501075565 0.0558933576109 -0.173844084767 -0.901721864887 -0.357152063413 -0.00962571943932
 1.35 -1.5129412584 0.0577270783986 -0.179176126914 -0.931913884104 -0.367179362433 -0.00880938276636
 1.4 -1.55848842858 0.0594689897445 -0.184190695903 -0.960589011953 -0.376718475314 -0.00792573740285
 1.45 -1.60171048083 0.0611212406079 -0.188901080898 -0.987776664855 -0.385800935084 -0.00699627803522
 1.5 -1.64267310663 0.0626862963129 -0.193321638101 -1.01351320998 -0.39445500303 -0.00604083213365
 1.55 -1.68144770428 0.064166867633 -0.197467346863 -1.03784055302 -0.4027058177 -0.00507724983473
 1.6 -1.71810987899 0.0655658497865 -0.201353439947 -1.06080488947 -0.410575643369 -0.00412122868755
 1.65 -1.7527381754 0.0668862701576 -0.20499510395 -1.08245561123 -0.418084174729 -0.00318624799595
 1.7 -1.7854130097 0.0681312436897 -0.208407243876 -1.10284435828 -0.425248865165 -0.00228358912982
 1.75 -1.81621577304 0.0693039350134 -0.211604304693 -1.12202420438 -0.43208525499 -0.00142242064074
 1.8 -1.84522808181 0.0704075264782 -0.214600142214 -1.14004896462 -0.438607283426 -0.000609929855467
 1.85 -1.87253115389 0.0714451913485 -0.217407935621 -1.15697261288 -0.444827574023 0.000148514468606
 1.9 -1.89820529284 0.0724200715095 -0.220040134352 -1.17284879723 -0.450757687756 0.000849181052503
 1.95 -1.92232946475 0.0733352591028 -0.222508432639 -1.18773044196 -0.456408341441 0.00148978664097
 2.0 -1.94498095462 0.074193781578 -0.224823765756 -1.2016694255 -0.461789591538 0.00206930599292
 2.05 -1.96623509093 0.0749985897072 -0.226996322775 -1.21471632439 -0.466910985032 0.00258778717488
 2.1 -1.98616502881 0.07575254816 -0.229035571462 -1.22692021423 -0.471781680168 0.00304617637171
 2.15 -2.00484158348 0.0764584282865 -0.230950291645 -1.2383285194 -0.47641054033 0.00344615507243
 2.2 -2.02233310672 0.0771189027955 -0.232748614089 -1.24898690449 -0.480806204638 0.00378999139381
 2.25 -2.03870540019 0.0777365420556 -0.234438062513 -1.25893920062 -0.4849771388 0.00408040643768
 2.3 -2.05402166026 0.0783138117749 -0.236025596895 -1.26822736143 -0.488931669591 0.00432045590933
 2.35 -2.06834244963 0.0788530718523 -0.23751765668 -1.27689144329 -0.492678006081 0.00451342672275
 2.4 -2.08172569156 0.0793565762108 -0.238920202841 -1.2849696059 -0.496224250362 0.00466274795547
 2.45 -2.09422668336 0.0798264734542 -0.240238758093 -1.29249812913 -0.499578400238 0.00477191526614
 2.5 -2.10589812583 0.080264808205 -0.241478444756 -1.2995114433 -0.50274834593 0.00484442772941
 2.55 -2.11679016606 0.0806735229997 -0.24264402 -1.30604216984 -0.505741862571 0.00488373595562
 2.6 -2.12695045111 0.0810544606364 -0.243739908314 -1.31212117021 -0.508566599914 0.00489320033068
 2.65 -2.13642419065 0.0814093668808 -0.244770231191 -1.31777760113 -0.51123007044 0.00487605822125
 2.7 -2.14525422654 0.0817398934522 -0.245738834071 -1.32303897431 -0.513739636783 0.00483539902981
 2.75 -2.15348110799 0.0820476012194 -0.246649310677 -1.32793121946 -0.516102499183 0.00477414604495
 2.8 -2.16114317077 0.0823339635486 -0.247505024873 -1.33247874932 -0.518325683524 0.00469504410623
 2.85 -2.16827661941 0.0826003697531 -0.248309130252 -1.3367045259 -0.520416030322 0.00460065218532
 2.9 -2.1749156112 0.0828481286014 -0.24906458762 -1.34063012693 -0.522380184955 0.00449334007048
 2.95 -2.18109234138 0.0830784718479 -0.249774180585 -1.3442758121 -0.524224589279 0.00437528842739
 3.0 -2.18683712846 0.0832925577569 -0.250440529439 -1.34766058844 -0.525955474738 0.00424849159257
 3.05 -2.19217849928 0.0834914745929 -0.251066103517 -1.3508022745 -0.527578856973 0.00411476253527
 3.1 -2.19714327314 0.0836762440581 -0.2516532322 -1.35371756297 -0.529100531926 0.00397573949794
 3.15 -2.20175664461 0.0838478246593 -0.252204114734 -1.35642208148 -0.530526073375 0.00383289389414
 3.2 -2.20604226465 0.0840071149911 -0.252720828998 -1.35893045146 -0.531860831806 0.00368753910497
 3.25 -2.21002231972 0.084154956924 -0.253205339364 -1.36125634483 -0.533109934543 0.00354083987157
 3.3 -2.21371760861 0.0842921386898 -0.253659503766 -1.36341253855 -0.534278287011 0.00339382203154
 3.35 -2.21714761689 0.0844193978582 -0.254085080073 -1.3654109668 -0.535370575016 0.00324738239112
 3.4 -2.22033058883 0.0845374241999 -0.254483731875 -1.36726277095 -0.536391267934 0.00310229856461
 3.45 -2.22328359652 0.0846468624339 -0.25485703375 -1.36897834722 -0.537344622689 0.00295923864551
 3.5 -2.22602260641 0.0847483148572 -0.255206476086 -1.37056739201 -0.538234688398 0.00281877060403
 3.55 -2.22856254299 0.0848423438576 -0.255533469524 -1.37203894503 -0.539065311602 0.00268137132976
 3.6 -2.23091734969 0.0849294743081 -0.255839349067 -1.37340143022 -0.539840141954 0.00254743526019
 3.65 -2.23310004708 0.0850101958475 -0.256125377898 -1.37466269448 -0.540562638297 0.00241728255327
 3.7 -2.23512278824 0.0850849650461 -0.256392750951 -1.37583004441 -0.541236075034 0.0022911667773
 3.75 -2.23699691148 0.0851542074614 -0.25664259827 -1.37691028089 -0.541863548717 0.00216928210351
 3.8 -2.23873299042 0.085218319585 -0.25687598816 -1.37790973188 -0.542447984785 0.00205176999714
 3.85 -2.24034088149 0.0852776706854 -0.257093930186 -1.3788342832 -0.542992144399 0.00193872541031
 3.9 -2.24182976889 0.0853326045495 -0.257297378008 -1.37968940765 -0.543498631302 0.00183020248691
 3.95 -2.24320820718 0.0853834411268 -0.257487232082 -1.38048019231 -0.543969898677 0.00172621979434
 4.0 -2.24448416149 0.0854304780792 -0.257664342243 -1.38121136429 -0.544408255949 0.00162676510079
 4.05 -2.24566504551 0.0854739922422 -0.257829510168 -1.38188731487 -0.544815875494 0.0015317997193
 4.1 -2.24675775727 0.0855142409996 -0.257983491732 -1.38251212215 -0.545194799243 0.00144126244199
 4.15 -2.24776871292 0.085551463576 -0.258126999273 -1.38308957237 -0.54554694513 0.00135507308861
 4.2 -2.24870387843 0.085585882252 -0.258260703761 -1.38362317982 -0.545874113385 0.00127313569435
 4.25 -2.24956879952 0.0856177035047 -0.258385236872 -1.38411620552 -0.546177992649 0.00119534136194
 4.3 -2.25036862967 0.0856471190777 -0.258501192992 -1.3845716747 -0.546460165889 0.00112157080261
 4.35 -2.25110815652 0.0856743069847 -0.258609131125 -1.38499239318 -0.54672211612 0.00105169659016
 4.4 -2.25179182658 0.0856994324493 -0.258709576736 -1.38538096263 -0.546965231905 0.000985585151345
 4.45 -2.2524237684 0.085722648785 -0.258803023508 -1.38573979488 -0.547190812656 0.000923098514965
 4.5 -2.25300781435 0.0857440982193 -0.258889935037 -1.3860711253 -0.547400073704 0.000864095840974
 4.55 -2.2535475209 0.0857639126639 -0.258970746441 -1.38637702521 -0.547594151162 0.000808434749645
 4.6 -2.25404618773 0.0857822144344 -0.259045865915 -1.38665941354 -0.547774106561 0.000755972469732
 4.65 -2.25450687551 0.0857991169236 -0.259115676211 -1.38692006769 -0.54794093128 0.00070656682331
 4.7 -2.25493242255 0.0858147252289 -0.259180536048 -1.38716063362 -0.548095550761 0.000660077063732
 4.75 -2.25532546037 0.0858291367394 -0.259240781472 -1.38738263529 -0.548238828511 0.000616364581972
 4.8 -2.25568842824 0.0858424416821 -0.259296727134 -1.38758748341 -0.548371569912 0.000575293495413
 4.85 -2.25602358674 0.0858547236326 -0.259348667531 -1.38777648365 -0.548494525824 0.000536731132054
 4.9 -2.25633303042 0.0858660599899 -0.259396878167 -1.38795084425 -0.548608396004 0.000500548421984
 4.95 -2.25661869958 0.0858765224197 -0.259441616668 -1.38811168305 -0.548713832334 0.000466620206971
 5.0 -2.25688239133 0.0858861772669 -0.259483123844 -1.38826003413 -0.548811441878 0.000434825478052
 5.05 -2.2571257698 0.0858950859398 -0.259521624691 -1.38839685391 -0.548901789759 0.000405047550059
 5.1 -2.25735037571 0.0859033052671 -0.259557329346 -1.38852302683 -0.548985401882 0.00037717418121
 5.15 -2.25755763525 0.0859108878312 -0.259590433988 -1.38863937066 -0.549062767492 0.000351097645084
 5.2 -2.25774886839 0.0859178822768 -0.2596211217 -1.38874664141 -0.549134341583 0.000326714761542
 5.25 -2.25792529657 0.0859243335991 -0.259649563276 -1.38884553786 -0.549200547169 0.000303926892531
 5.3 -2.25808804984 0.0859302834109 -0.259675917986 -1.38893670585 -0.54926177741 0.000282639908022
 5.35 -2.25823817359 0.0859357701906 -0.259700334306 -1.38902074216 -0.549318397616 0.000262764126809
 5.4 -2.25837663468 0.0859408295137 -0.259722950595 -1.38909819819 -0.549370747123 0.00024421423635
 5.45 -2.25850432722 0.0859454942664 -0.259743895746 -1.38916958333 -0.549419141058 0.000226909195355
 5.5 -2.25862207794 0.0859497948448 -0.259763289791 -1.38923536811 -0.549463871982 0.000210772122394
 5.55 -2.25873065113 0.0859537593397 -0.259781244476 -1.38929598709 -0.549505211445 0.000195730173414
 5.6 -2.25883075325 0.0859574137078 -0.259797863798 -1.38935184159 -0.549543411424 0.000181714410677
 5.65 -2.25892303725 0.0859607819303 -0.259813244516 -1.38940330215 -0.549578705686 0.000168659665328
 5.7 -2.25900810651 0.0859638861612 -0.259827476624 -1.38945071089 -0.549611311045 0.000156504395507
 5.75 -2.25908651853 0.085966746863 -0.259840643805 -1.38949438361 -0.549641428552 0.000145190541658
 5.8 -2.25915878837 0.0859693829341 -0.259852823847 -1.38953461182 -0.549669244599 0.00013466338046
 5.85 -2.25922539179 0.0859718118263 -0.25986408904 -1.38957166456 -0.549694931946 0.000124871378589
 