0.198992943046 -0.000743317443859 0.185471445091
0.196996022038 -0.00148285196479 0.18594052323
0.19500918211 -0.00221862221012 0.186407245877
0.193032368807 -0.00295064669645 0.18687162444
0.191065528079 -0.00367894381197 0.187333670275
0.189108606268 -0.00440353181851 0.187793394689
0.187161550099 -0.00512442885369 0.188250808939
0.185224306673 -0.00584165293294 0.188705924239
0.183296823454 -0.00655522195149 0.189158751754
0.181379048268 -0.00726515368636 0.189609302609
0.17947092929 -0.00797146579826 0.190057587885
0.177572415038 -0.00867417583354 0.190503618626
0.175683454366 -0.00937330122611 0.190947405836
0.173803996461 -0.0100688592993 0.191388960485
0.171933990832 -0.0107608672679 0.191828293511
0.170073387307 -0.0114493422399 0.192265415818
0.168222136028 -0.0121343012186 0.192700338285
0.166380187444 -0.0128157611047 0.193133071763
0.164547492307 -0.0134937386979 0.193563627079
0.162724001669 -0.0141682506997 0.193992015042
0.160909666873 -0.0148393137146 0.194418246438
0.159104439557 -0.0155069442531 0.194842332044
0.15730827164 -0.0161711587335 0.195264282619
0.155521115328 -0.0168319734845 0.195684108915
0.153742923105 -0.0174894047474 0.196101821678
0.151973647729 -0.0181434686788 0.196517431648
0.150213242235 -0.0187941813531 0.196930949566
0.148461659927 -0.0194415587654 0.197342386176
0.146718854376 -0.0200856168343 0.197751752225
0.144984779422 -0.0207263714047 0.19815905847
0.143259389166 -0.0213638382513 0.198564315679
0.141542637972 -0.0219980330816 0.198967534634
0.139834480467 -0.0226289715396 0.199368726134
0.138134871532 -0.0232566692092 0.199767900999
0.136443766309 -0.0238811416181 0.200165070069
0.134761120196 -0.0245024042417 0.20056024421
0.133086888846 -0.0251204725076 0.200953434318
0.131421028167 -0.0257353617995 0.201344651313
0.129763494321 -0.0263470874621 0.201733906153
0.128114243723 -0.0269556648058 0.202121209823
0.126473233041 -0.0275611091117 0.202506573349
0.124840419196 -0.028163435637 0.202890007789
0.123215759363 -0.0287626596202 0.203271524241
0.121599210965 -0.0293587962869 0.203651133838
0.11999073168 -0.0299518608557 0.204028847754
0.118390279439 -0.0305418685444 0.204404677201
0.116797812421 -0.0311288345759 0.204778633429
0.115213289059 -0.0317127741855 0.205150727727
0.113636668038 -0.0322937026266 0.205520971417
0.112067908291 -0.0328716351784 0.205889375861
0.110506969004 -0.0334465871524 0.206255952451
0.108953809611 -0.0340185738997 0.206620712612
0.107408389797 -0.0345876108181 0.206983667796
0.105870669494 -0.0351537133597 0.207344829483
0.10434060888 -0.0357168970375 0.207704209173
0.102818168379 -0.0362771774334 0.208061818385
0.101303308659 -0.0368345702048 0.208417668655
0.0997959906289 -0.0373890910918 0.208771771525
0.0982961754364 -0.0379407559242 0.209124138543
0.096803824465 -0.0384895806279 0.20947478126
0.0953188993314 -0.0390355812311 0.209823711217
0.0938413618811 -0.03957877387 0.210170939947
0.092371174185 -0.0401191747944 0.210516478964
0.0909082985349 -0.0406568003722 0.210860339758
0.0894526974385 -0.0411916670935 0.211202533793
0.0880043336145 -0.0417237915739 0.211543072493
0.0865631699874 -0.0422531905567 0.211881967241
0.0851291696817 -0.0427798809146 0.212219229371
0.0837022960161 -0.0433038796499 0.212554870158
0.0822825124974 -0.0438252038937 0.212888900819
0.0808697828149 -0.0443438709039 0.213221332497
0.0794640708338 -0.0448598980618 0.213552176261
0.0780653405898 -0.0453733028671 0.213881443095
0.0766735562835 -0.0458841029319 0.214209143896
0.0752886822748 -0.0463923159726 0.214535289461
0.0739106830782 -0.0468979598006 0.214859890487
0.0725395233589 -0.0474010523112 0.215182957558
0.071175167929 -0.0479016114705 0.215504501144
0.069817581745 -0.0483996553017 0.21582453159
0.0684667299064 -0.0488952018686 0.216143059113
0.067122577655 -0.0493882692587 0.216460093793
0.0657850903757 -0.0498788755634 0.216775645566
0.0644542335982 -0.0503670388587 0.217089724219
0.0631299730013 -0.050852777183 0.217402339382
0.0618122744167 -0.0513361085149 0.21771350052
0.0605011038362 -0.0518170507498 0.21802321693
0.0591964274191 -0.0522956216759 0.218331497727
0.0578982115015 -0.0527718389498 0.218638351841
0.0566064226071 -0.0532457200721 0.218943788011
0.0553210274593 -0.053717282363 0.21924781477
0.054041992994 -0.0541865429385 0.219550440446
0.0527692863739 -0.0546535186874 0.219851673148
0.0515028750036 -0.0551182262489 0.220151520759
0.0502427265447 -0.0555806819928 0.220449990931
0.0489888089321 -0.0560409019994 0.220747091073
0.0477410903894 -0.0564989020436 0.221042828348
0.0464995394448 -0.0569546975791 0.221337209663
0.0452641249458 -0.0574083037264 0.221630241663
0.0440348160733 -0.0578597352627 0.221921930727
0.0428115823548 -0.0583090066149 0.222212282961
0.0415943936752 -0.0587561318547 0.222501304193
0.0403832202871 -0.0592011246974 0.222788999975
0.0391780328177 -0.0596439985026 0.223075375576
0.0379788022745 -0.0600847662787 0.223360435984
0.0367855000482 -0.0605234406885 0.223644185906
0.035598097913 -0.0609600340592 0.223926629773
0.0344165680247 -0.0613945583925 0.224207771743
0.0332408829153 -0.0618270253784 0.224487615705
0.0320710154861 -0.0622574464101 0.22476616529
0.0309069389978 -0.0626858325998 0.22504342388
0.0297486270579 -0.0631121947968 0.225319394616
0.0285960536064 -0.063536543605 0.225594080415
0.0274491928992 -0.0639588894023 0.225867483978
0.0263080194903 -0.0643792423587 0.226139607814
0.0251725082115 -0.0647976124556 0.226410454249
0.0240426341523 -0.0652140095041 0.226680025445
0.0229183726376 -0.0656284431621 0.226948323423
0.0217996992059 -0.0660409229517 0.227215350078
0.0206865895867 -0.0664514582749 0.227481107198
0.0195790196781 -0.0668600584277 0.227745596488
0.0184769655249 -0.067266732614 0.228008819585
0.017380403297 -0.0676714899568 0.228270778084
0.0162893092686 -0.0680743395094 0.228531473549
0.0152036597991 -0.0684752902638 0.22879090754
0.0141234313143 -0.0688743511583 0.229049081628
0.0130486002895 -0.0692715310843 0.22930599741
0.0119791432342 -0.0696668388903 0.229561656532
0.0109150366778 -0.0700602833864 0.229816060699
0.00985625715734 -0.0704518733462 0.230069211691
0.0088027812067 -0.0708416175084 0.230321111378
0.00775458534757 -0.0712295245774 0.230571761731
0.00671164608182 -0.0716156032231 0.230821164833
0.00567393988557 -0.0719998620798 0.231069322888
0.00464144320466 -0.0723823097446 0.231316238231
0.0036141324516 -0.0727629547756 0.231561913333
0.00259198400381 -0.0731418056895 0.23180635081
0.00157497420309 -0.073518870959 0.232049553425
0.000563079356177 -0.0738941590099 0.232291524091
-0.000443724263604 -0.0742676782186 0.232532265879
-0.0014454604139 -0.0746394369091 0.232771782011
-0.00244215288002 -0.0750094433502 0.233010075868
-0.00343382547096 -0.0753777057531 0.233247150987
-0.00442050201489 -0.0757442322688 0.233483011058
-0.00540220635409 -0.0761090309859 0.233717659924
-0.0063789623396 -0.0764721099288 0.233951101579
-0.00735079382549 -0.0768334770556 0.234183340163
-0.00831772466302 -0.0771931402573 0.234414379959
-0.00927977869452 -0.077551107356 0.234644225388
-0.0102369797474 -0.0779073861047 0.234872881005
-0.0111893516279 -0.0782619841861 0.235100351495
-0.0121369181153 -0.0786149092129 0.235326641664
-0.0130797029556 -0.0789661687277 0.235551756437
-0.0140177298561 -0.0793157702031 0.235775700851
-0.0149510224796 -0.0796637210423 0.235998480048
-0.0158796044388 -0.0800100285801 0.236220099268
-0.0168034992914 -0.0803547000836 0.236440563846
-0.017722730535 -0.0806977427536 0.236659879203
-0.0186373216022 -0.0810391637257 0.236878050842
-0.0195472958568 -0.0813789700722 0.237095084339
-0.0204526765888 -0.0817171688033 0.237310985337
-0.0213534870111 -0.0820537668693 0.237525759545
-0.0222497502559 -0.0823887711618 0.237739412723
-0.0231414893709 -0.0827221885165 0.237951950685
-0.0240287273168 -0.0830540257143 0.238163379289
-0.0249114869641 -0.083384289484 0.238373704431
-0.0257897910908 -0.0837129865038 0.23858293204
-0.0266636623798 -0.0840401234037 0.238791068075
-0.0275331234172 -0.0843657067675 0.238998118518
-0.0283981966902 -0.0846897431346 0.239204089369
-0.0292589045854 -0.0850122390022 0.239408986643
-0.0301152693874 -0.0853332008273 0.239612816363
-0.0309673132779 -0.0856526350284 0.23981558456
-0.0318150583338 -0.0859705479875 0.240017297264
-0.0326585265271 -0.086286946052 0.240217960504
-0.0334977397237 -0.0866018355362 0.240417580303
-0.0343327196826 -0.0869152227233 0.240616162676
-0.0351634880558 -0.0872271138665 0.240813713624
-0.0359900663875 -0.087537515191 0.241010239134
-0.0368124761142 -0.0878464328955 0.241205745175
-0.0376307385641 -0.0881538731528 0.241400237696
-0.038444874957 -0.0884598421123 0.241593722622
-0.0392549064048 -0.0887643459001 0.241786205854
-0.0400608539109 -0.0890673906209 0.241977693266
-0.0408627383705 -0.0893689823585 0.242168190704
-0.0416605805709 -0.0896691271774 0.242357703983
-0.0424544011916 -0.0899678311231 0.242546238885
-0.0432442208046 -0.0902651002236 0.24273380116
-0.0440300598746 -0.0905609404894 0.242920396524
-0.0448119387594 -0.0908553579149 0.243106030655
-0.0455898777103 -0.0911483584788 0.243290709197
-0.0463638968724 -0.0914399481446 0.243474437755
-0.047134016285 -0.0917301328612 0.243657221896
-0.0479002558823 -0.0920189185635 0.243839067149
-0.0486626354934 -0.0923063111724 0.244019979001
-0.0494211748431 -0.0925923165959 0.244199962901
-0.0501758935525 -0.0928769407287 0.244379024259
-0.050926811139 -0.0931601894529 0.244557168442
-0.0516739470173 -0.093442068638 0.244734400777
-0.0524173204996 -0.0937225841414 0.244910726549
-0.0531569507962 -0.0940017418083 0.245086151004
-0.0538928570163 -0.0942795474718 0.245260679346
-0.0546250581679 -0.0945560069532 0.245434316737
-0.055353573159 -0.0948311260619 0.245607068299
-0.0560784207977 -0.0951049105956 0.245778939113
-0.0567996197928 -0.0953773663401 0.245949934219
-0.0575171887546 -0.0956484990696 0.246120058615
-0.0582311461952 -0.0959183145461 0.246289317261
-0.0589415105288 -0.0961868185201 0.246457715077
-0.0596483000729 -0.09645401673 0.246625256941
-0.0603515330481 -0.0967199149022 0.246791947692
-0.0610512275791 -0.0969845187508 0.246957792133
-0.0617474016953 -0.0972478339779 0.247122795023
-0.0624400733307 -0.0975098662731 0.247286961087
-0.0631292603251 -0.0977706213136 0.24745029501
-0.0638149804244 -0.0980301047639 0.247612801439
-0.0644972512811 -0.0982883222756 0.247774484985
-0.0651760904546 -0.0985452794875 0.247935350221
-0.0658515154122 -0.0988009820254 0.248095401684
-0.0665235435291 -0.0990554355015 0.248254643876
-0.0671921920893 -0.0993086455148 0.248413081262
-0.0678574782861 -0.0995606176507 0.248570718273
-0.0685194192221 -0.0998113574807 0.248727559304
-0.0691780319104 -0.100060870562 0.248883608718
-0.0698333332746 -0.100309162439 0.249038870841
-0.0704853401496 -0.10055623864 0.249193349969
-0.0711340692819 -0.100802104679 0.249347050362
-0.0717795373302 -0.101046766058 0.249499976251
-0.0724217608658 -0.10129022826 0.249652131832
-0.0730607563731 -0.101532496755 0.24980352127
-0.0736965402504 -0.101773576999 0.2499541487
-0.0743291288098 -0.102013474431 0.250104018226
-0.0749585382782 -0.102252194475 0.250253133921
-0.0755847847974 -0.102489742539 0.250401499828
-0.0762078844249 -0.102726124015 0.25054911996
-0.0768278531342 -0.10296134428 0.250695998303
-0.0774447068152 -0.103195408693 0.250842138813
-0.0780584612748 -0.103428322599 0.250987545416
-0.0786691322374 -0.103660091324 0.251132222014
-0.0792767353452 -0.10389072018 0.251276172477
-0.0798812861586 -0.104120214459 0.251419400651
-0.0804828001571 -0.104348579439 0.251561910354
-0.0810812927393 -0.10457582038 0.251703705378
-0.0816767792235 -0.104801942524 0.251844789488
-0.0822692748481 -0.105026951097 0.251985166424
-0.0828587947722 -0.105250851307 0.2521248399
-0.0834453540759 -0.105473648344 0.252263813605
-0.0840289677607 -0.10569534738 0.252402091204
-0.0846096507501 -0.105915953572 0.252539676336
-0.0851874178901 -0.106135472055 0.252676572618
-0.0857622839492 -0.10635390795 0.252812783642
-0.0863342636192 -0.106571266357 0.252948312975
-0.0869033715157 -0.106787552359 0.253083164163
-0.0874696221782 -0.107002771021 0.253217340728
-0.0880330300708 -0.107216927389 0.25335084617
-0.0885936095825 -0.107430026492 0.253483683966
-0.0891513750275 -0.107642073339 0.25361585757
-0.0897063406459 -0.10785307292 0.253747370416
-0.0902585206039 -0.10806303021 0.253878225916
-0.0908079289942 -0.10827195016 0.254008427458
-0.0913545798366 -0.108479837707 0.254137978413
-0.0918984870781 -0.108686697766 0.254266882128
-0.0924396645937 -0.108892535235 0.254395141931
-0.0929781261865 -0.109097354992 0.254522761129
-0.093513885588 -0.109301161898 0.254649743009
-0.0940469564589 -0.109503960792 0.254776090837
-0.0945773523892 -0.109705756497 0.254901807861
-0.0951050868985 -0.109906553814 0.255026897309
-0.0956301734368 -0.110106357528 0.255151362388
-0.0961526253845 -0.110305172403 0.255275206288
-0.0966724560527 -0.110503003185 0.25539843218
-0.0971896786842 -0.110699854599 0.255521043214
-0.0977043064532 -0.110895731352 0.255643042524
-0.0982163524659 -0.111090638133 0.255764433224
-0.0987258297611 -0.11128457961 0.255885218411
-0.0992327513102 -0.111477560433 0.256005401163
-0.0997371300179 -0.111669585231 0.256124984542
-0.100238978722 -0.111860658617 0.256243971589
-0.100738310196 -0.112050785181 0.256362365331
-0.101235137144 -0.112239969497 0.256480168777
-0.101729472208 -0.112428216118 0.256597384916
-0.102221327964 -0.112615529578 0.256714016724
-0.102710716923 -0.112801914393 0.256830067157
-0.103197651531 -0.112987375057 0.256945539157
-0.103682144172 -0.113171916049 0.257060435647
-0.104164207165 -0.113355541824 0.257174759535
-0.104643852765 -0.113538256823 0.257288513712
-0.105121093166 -0.113720065463 0.257401701055
-0.105595940498 -0.113900972146 0.257514324422
-0.106068406829 -0.114080981252 0.257626386657
-0.106538504166 -0.114260097143 0.257737890589
-0.107006244451 -0.114438324163 0.257848839029
-0.107471639571 -0.114615666635 0.257959234774
-0.107934701345 -0.114792128864 0.258069080606
-0.108395441537 -0.114967715136 0.258178379292
-0.108853871847 -0.115142429719 0.258287133583
-0.109310003918 -0.11531627686 0.258395346215
-0.10976384933 -0.115489260789 0.25850301991
-0.110215419608 -0.115661385717 0.258610157375
-0.110664726214 -0.115832655835 0.258716761303
-0.111111780554 -0.116003075317 0.258822834371
-0.111556593973 -0.116172648316 0.258928379243
-0.111999177761 -0.116341378968 0.259033398569
-0.112439543149 -0.116509271391 0.259137894982
-0.112877701309 -0.116676329683 0.259241871105
-0.113313663359 -0.116842557924 0.259345329544
-0.113747440357 -0.117007960175 0.259448272893
-0.114179043307 -0.11717254048 0.259550703731
-0.114608483155 -0.117336302862 0.259652624625
-0.115035770793 -0.117499251329 0.259754038125
-0.115460917055 -0.117661389868 0.259854946773
-0.115883932723 -0.117822722449 0.259955353092
-0.116304828519 -0.117983253023 0.260055259595
-0.116723615116 -0.118142985524 0.260154668782
-0.117140303128 -0.118301923868 0.260253583138
-0.117554903118 -0.118460071951 0.260352005136
-0.117967425593 -0.118617433653 0.260449937236
-0.118377881007 -0.118774012835 0.260547381887
-0.118786279762 -0.11892981334 0.260644341521
-0.119192632206 -0.119084838995 0.260740818561
-0.119596948633 -0.119239093607 0.260836815417
-0.119999239286 -0.119392580967 0.260932334486
-0.120399514357 -0.119545304846 0.26102737815
-0.120797783984 -0.119697269 0.261121948784
-0.121194058254 -0.119848477166 0.261216048746
-0.121588347203 -0.119998933064 0.261309680384
-0.121980660816 -0.120148640398 0.261402846035
-0.122371009027 -0.120297602851 0.26149554802
-0.122759401719 -0.120445824091 0.261587788653
-0.123145848725 -0.12059330777 0.261679570233
-0.123530359829 -0.120740057521 0.261770895047
-0.123912944763 -0.12088607696 0.261861765373
-0.124293613213 -0.121031369686 0.261952183474
-0.124672374812 -0.121175939282 0.262042151603
-0.125049239147 -0.121319789313 0.262131672003
-0.125424215754 -0.121462923327 0.262220746903
-0.125797314122 -0.121605344857 0.262309378522
-0.126168543692 -0.121747057417 0.262397569067
-0.126537913856 -0.121888064506 0.262485320734
-0.126905433959 -0.122028369604 0.262572635709
-0.127271113298 -0.122167976178 0.262659516165
-0.127634961123 -0.122306887676 0.262745964265
-0.127996986639 -0.12244510753 0.262831982161
-0.128357199 -0.122582639155 0.262917571993
-0.128715607318 -0.122719485952 0.263002735893
-0.129072220657 -0.122855651304 0.263087475979
-0.129427048034 -0.122991138578 0.26317179436
-0.129780098421 -0.123125951124 0.263255693133
-0.130131380745 -0.123260092279 0.263339174387
-0.130480903888 -0.12339356536 0.263422240197
-0.130828676686 -0.123526373672 0.26350489263
-0.131174707931 -0.1236585205 0.263587133743
-0.13151900637 -0.123790009118 0.26366896558
-0.131861580705 -0.12392084278 0.263750390176
-0.132202439595 -0.124051024726 0.263831409557
-0.132541591656 -0.124180558182 0.263912025738
-0.132879045459 -0.124309446356 0.263992240722
-0.13321480953 -0.124437692442 0.264072056505
-0.133548892355 -0.124565299617 0.264151475071
-0.133881302376 -0.124692271045 0.264230498395
-0.134212047992 -0.124818609874 0.26430912844
-0.134541137558 -0.124944319235 0.264387367163
-0.13486857939 -0.125069402246 0.264465216508
-0.135194381758 -0.125193862008 0.264542678409
-0.135518552895 -0.12531770161 0.264619754794
-0.135841100987 -0.125440924124 0.264696447577
-0.136162034182 -0.125563532606 0.264772758664
-0.136481360587 -0.125685530099 0.264848689953
-0.136799088266 -0.125806919632 0.264924243331
-0.137115225243 -0.125927704216 0.264999420675
-0.137429779503 -0.126047886851 0.265074223853
-0.137742758988 -0.126167470521 0.265148654726
-0.138054171601 -0.126286458194 0.265222715142
-0.138364025206 -0.126404852827 0.265296406943
-0.138672327625 -0.126522657359 0.265369731959
-0.138979086644 -0.126639874717 0.265442692012
-0.139284310007 -0.126756507813 0.265515288916
-0.139588005419 -0.126872559544 0.265587524475
-0.139890180546 -0.126988032796 0.265659400484
-0.140190843016 -0.127102930437 0.265730918728
-0.14049000042 -0.127217255323 0.265802080986
-0.140787660307 -0.127331010297 0.265872889024
-0.14108383019 -0.127444198185 0.265943344603
-0.141378517545 -0.127556821803 0.266013449474
-0.141671729808 -0.127668883951 0.266083205378
-0.14196347438 -0.127780387415 0.266152614049
-0.142253758622 -0.127891334969 0.266221677212
-0.14254258986 -0.128001729373 0.266290396582
-0.142829975381 -0.128111573372 0.266358773867
-0.143115922438 -0.128220869699 0.266426810766
-0.143400438245 -0.128329621073 0.26649450897
-0.143683529979 -0.128437830202 0.266561870161
-0.143965204785 -0.128545499776 0.266628896012
-0.144245469767 -0.128652632477 0.26669558819
-0.144524331996 -0.12875923097 0.266761948352
-0.144801798506 -0.128865297909 0.266827978145
-0.145077876297 -0.128970835935 0.266893679212
-0.145352572333 -0.129075847674 0.266959053185
-0.145625893542 -0.129180335742 0.267024101688
-0.145897846819 -0.12928430274 0.267088826338
-0.146168439021 -0.129387751258 0.267153228744
-0.146437676975 -0.129490683871 0.267217310505
-0.146705567469 -0.129593103143 0.267281073213
-0.14697211726 -0.129695011626 0.267344518455
-0.14723733307 -0.129796411857 0.267407647806
-0.147501221586 -0.129897306364 0.267470462835
-0.147763789464 -0.129997697659 0.267532965103
-0.148025043322 -0.130097588244 0.267595156164
-0.14828498975 -0.130196980609 0.267657037563
-0.1485436353 -0.130295877229 0.267718610838
-0.148800986495 -0.13039428057 0.26777987752
-0.149057049823 -0.130492193083 0.267840839131
-0.149311831739 -0.13058961721 0.267901497186
-0.149565338666 -0.130686555379 0.267961853193
-0.149817576995 -0.130783010006 0.268021908652
-0.150068553085 -0.130878983496 0.268081665056
-0.150318273262 -0.130974478242 0.26814112389
-0.150566743822 -0.131069496624 0.268200286632
-0.150813971026 -0.131164041012 0.268259154753
-0.151059961107 -0.131258113763 0.268317729716
-0.151304720265 -0.131351717224 0.268376012977
-0.151548254668 -0.131444853728 0.268434005985
-0.151790570455 -0.131537525599 0.268491710182
-0.152031673732 -0.131629735148 0.268549127002
-0.152271570576 -0.131721484675 0.268606257872
-0.152510267032 -0.131812776468 0.268663104214
-0.152747769116 -0.131903612805 0.268719667439
-0.152984082813 -0.131993995953 0.268775948956
-0.153219214077 -0.132083928166 0.268831950162
-0.153453168834 -0.132173411687 0.26888767245
-0.153685952978 -0.132262448751 0.268943117206
-0.153917572375 -0.132351041578 0.268998285808
-0.154148032861 -0.132439192379 0.269053179628
-0.154377340242 -0.132526903354 0.269107800031
-0.154605500296 -0.132614176693 0.269162148376
-0.154832518771 -0.132701014572 0.269216226013
-0.155058401387 -0.132787419161 0.269270034288
-0.155283153834 -0.132873392615 0.269323574539
-0.155506781774 -0.13295893708 0.269376848097
-0.155729290841 -0.133044054693 0.269429856287
-0.15595068664 -0.133128747577 0.269482600428
-0.156170974748 -0.133213017847 0.269535081831
-0.156390160715 -0.133296867608 0.269587301802
-0.15660825006 -0.133380298952 0.269639261639
-0.156825248278 -0.133463313963 0.269690962634
-0.157041160834 -0.133545914714 0.269742406075
-0.157255993167 -0.133628103267 0.269793593241
-0.157469750687 -0.133709881675 0.269844525404
-0.157682438779 -0.13379125198 0.269895203832
-0.157894062799 -0.133872216215 0.269945629785
-0.158104628076 -0.1339527764 0.269995804519
-0.158314139914 -0.134032934549 0.270045729281
-0.158522603589 -0.134112692664 0.270095405313
-0.158730024351 -0.134192052736 0.270144833852
-0.158936407423 -0.134271016748 0.270194016126
-0.159141758002 -0.134349586673 0.270242953361
-0.15934608126 -0.134427764474 0.270291646773
-0.159549382342 -0.134505552103 0.270340097574
-0.159751666367 -0.134582951503 0.27038830697
-0.159952938428 -0.13465996461 0.27043627616
-0.160153203594 -0.134736593346 0.270484006338
-0.160352466907 -0.134812839626 0.270531498692
-0.160550733384 -0.134888705356 0.270578754404
-0.160748008017 -0.134964192432 0.270625774649
-0.160944295772 -0.135039302739 0.270672560599
-0.161139601593 -0.135114038154 0.270719113417
-0.161333930396 -0.135188400546 0.270765434263
-0.161527287074 -0.135262391773 0.270811524288
-0.161719676493 -0.135336013683 0.270857384641
-0.161911103499 -0.135409268117 0.270903016463
-0.16210157291 -0.135482156906 0.270948420889
-0.16229108952 -0.135554681872 0.270993599051
-0.162479658101 -0.135626844827 0.271038552072
-0.1626672834 -0.135698647575 0.271083281072
-0.16285397014 -0.135770091911 0.271127787164
-0.163039723019 -0.135841179621 0.271172071457
-0.163224546715 -0.135911912483 0.271216135052
-0.163408445878 -0.135982292263 0.271259979048
-0.163591425139 -0.136052320723 0.271303604535
-0.163773489102 -0.136121999612 0.2713470126
-0.16395464235 -0.136191330673 0.271390204323
-0.164134889443 -0.136260315639 0.271433180781
-0.164314234918 -0.136328956235 0.271475943044
-0.164492683288 -0.136397254178 0.271518492175
-0.164670239045 -0.136465211174 0.271560829236
-0.164846906658 -0.136532828924 0.271602955279
-0.165022690572 -0.136600109118 0.271644871355
-0.165197595212 -0.136667053439 0.271686578508
-0.16537162498 -0.13673366356 0.271728077775
-0.165544784255 -0.136799941148 0.271769370191
-0.165717077395 -0.13686588786 0.271810456784
-0.165888508736 -0.136931505345 0.271851338578
-0.166059082592 -0.136996795245 0.271892016591
-0.166228803256 -0.137061759192 0.271932491836
-0.166397674998 -0.137126398811 0.271972765322
-0.166565702068 -0.13719071572 0.272012838051
-0.166732888694 -0.137254711526 0.272052711022
-0.166899239083 -0.13731838783 0.272092385229
-0.167064757422 -0.137381746226 0.272131861659
-0.167229447874 -0.137444788298 0.272171141297
-0.167393314584 -0.137507515623 0.272210225121
-0.167556361675 -0.13756992977 0.272249114104
-0.16771859325 -0.137632032302 0.272287809217
-0.16788001339 -0.13769382477 0.272326311422
-0.168040626158 -0.137755308722 0.27236462168
-0.168200435593 -0.137816485695 0.272402740945
-0.168359445718 -0.13787735722 0.272440670167
-0.168517660532 -0.137937924821 0.272478410291
-0.168675084017 -0.137998190011 0.272515962257
-0.168831720132 -0.1380581543 0.272553327003
-0.168987572819 -0.138117819188 0.272590505458
-0.169142645999 -0.138177186167 0.27262749855
-0.169296943573 -0.138236256723 0.2726643072
-0.169450469423 -0.138295032335 0.272700932326
-0.169603227411 -0.138353514472 0.272737374841
-0.16975522138 -0.138411704598 0.272773635653
-0.169906455155 -0.138469604171 0.272809715666
-0.170056932538 -0.138527214637 0.272845615779
-0.170206657317 -0.13858453744 0.272881336889
-0.170355633257 -0.138641574014 0.272916879884
-0.170503864106 -0.138698325785 0.272952245651
-0.170651353593 -0.138754794176 0.272987435072
-0.170798105428 -0.138810980598 0.273022449023
-0.170944123302 -0.138866886458 0.273057288379
-0.171089410889 -0.138922513155 0.273091954008
-0.171233971843 -0.138977862082 0.273126446774
-0.1713778098 -0.139032934623 0.273160767536
-0.171520928378 -0.139087732158 0.273194917152
-0.171663331178 -0.139142256058 0.273228896472
-0.171805021781 -0.139196507688 0.273262706344
-0.171946003752 -0.139250488406 0.273296347611
-0.172086280635 -0.139304199562 0.273329821112
-0.17222585596 -0.139357642502 0.273363127681
-0.172364733237 -0.139410818564 0.27339626815
-0.17250291596 -0.139463729078 0.273429243345
-0.172640407602 -0.139516375369 0.273462054088
-0.172777211624 -0.139568758755 0.273494701197
-0.172913331465 -0.139620880547 0.273527185488
-0.173048770549 -0.139672742051 0.273559507769
-0.173183532283 -0.139724344565 0.273591668848
-0.173317620055 -0.13977568938 0.273623669527
-0.173451037238 -0.139826777782 0.273655510604
-0.173583787187 -0.139877611051 0.273687192873
-0.173715873242 -0.139928190459 0.273718717125
-0.173847298723 -0.139978517272 0.273750084146
-0.173978066937 -0.14002859275 0.273781294718
-0.174108181171 -0.140078418148 0.273812349621
-0.174237644698 -0.140127994712 0.273843249629
-0.174366460773 -0.140177323685 0.273873995513
-0.174494632637 -0.140226406301 0.27390458804
-0.174622163513 -0.14027524379 0.273935027973
-0.174749056607 -0.140323837374 0.273965316073
-0.17487531511 -0.140372188271 0.273995453095
-0.175000942198 -0.140420297691 0.27402543979
-0.17512594103 -0.140468166838 0.274055276908
-0.175250314749 -0.140515796912 0.274084965192
-0.175374066483 -0.140563189105 0.274114505384
-0.175497199343 -0.140610344605 0.274143898221
-0.175619716426 -0.140657264591 0.274173144437
-0.175741620813 -0.14070395024 0.27420224476
-0.175862915569 -0.140750402721 0.274231199919
-0.175983603744 -0.140796623196 0.274260010634
-0.176103688372 -0.140842612823 0.274288677626
-0.176223172474 -0.140888372755 0.274317201611
-0.176342059054 -0.140933904138 0.274345583299
-0.176460351101 -0.140979208111 0.274373823399
-0.176578051589 -0.141024285809 0.274401922617
-0.176695163478 -0.141069138362 0.274429881654
-0.176811689713 -0.141113766893 0.274457701207
-0.176927633224 -0.14115817252 0.274485381972
-0.177042996925 -0.141202356355 0.274512924639
-0.177157783718 -0.141246319505 0.274540329896
-0.177271996488 -0.14129006307 0.274567598427
-0.177385638108 -0.141333588148 0.274594730913
-0.177498711434 -0.141376895828 0.274621728031
-0.17761121931 -0.141419987194 0.274648590456
-0.177723164564 -0.141462863327 0.274675318858
-0.17783455001 -0.141505525301 0.274701913905
-0.17794537845 -0.141547974184 0.27472837626
-0.17805565267 -0.141590211039 0.274754706585
-0.178165375442 -0.141632236925 0.274780905536
-0.178274549525 -0.141674052894 0.274806973769
-0.178383177664 -0.141715659995 0.274832911934
-0.178491262589 -0.141757059269 0.274858720679
-0.178598807019 -0.141798251754 0.274884400648
-0.178705813656 -0.141839238482 0.274909952484
-0.178812285191 -0.141880020479 0.274935376823
-0.178918224302 -0.141920598767 0.274960674301
-0.17902363365 -0.141960974363 0.274985845551
-0.179128515887 -0.142001148279 0.275010891199
-0.179232873649 -0.142041121521 0.275035811873
-0.17933670956 -0.14208089509 0.275060608195
-0.179440026229 -0.142120469984 0.275085280783
-0.179542826255 -0.142159847194 0.275109830255
-0.179645112222 -0.142199027706 0.275134257223
-0.179746886701 -0.142238012502 0.275158562298
-0.17984815225 -0.142276802559 0.275182746087
-0.179948911416 -0.142315398849 0.275206809194
-0.180049166731 -0.142353802339 0.27523075222
-0.180148920716 -0.142392013991 0.275254575764
-0.180248175878 -0.142430034764 0.27527828042
-0.180346934713 -0.142467865609 0.275301866781
-0.180445199703 -0.142505507475 0.275325335437
-0.180542973318 -0.142542961304 0.275348686973
-0.180640258016 -0.142580228036 0.275371921972
-0.180737056243 -0.142617308605 0.275395041017
-0.180833370432 -0.142654203939 0.275418044684
-0.180929203004 -0.142690914963 0.275440933547
-0.181024556369 -0.142727442598 0.27546370818
-0.181119432922 -0.142763787758 0.275486369151
-0.181213835049 -0.142799951354 0.275508917027
-0.181307765123 -0.142835934293 0.27553135237
-0.181401225506 -0.142871737477 0.275553675742
-0.181494218546 -0.142907361803 0.2755758877
-0.18158674658 -0.142942808163 0.2755979888
-0.181678811936 -0.142978077446 0.275619979594
-0.181770416926 -0.143013170537 0.275641860632
-0.181861563854 -0.143048088313 0.27566363246
-0.181952255011 -0.143082831652 0.275685295623
-0.182042492676 -0.143117401423 0.275706850662
-0.182132279118 -0.143151798493 0.275728298115
-0.182221616593 -0.143186023724 0.27574963852
-0.182310507347 -0.143220077974 0.275770872409
-0.182398953614 -0.143253962096 0.275792000314
-0.182486957618 -0.14328767694 0.275813022761
-0.18257452157 -0.143321223351 0.275833940278
-0.182661647671 -0.14335460217 0.275854753386
-0.182748338112 -0.143387814233 0.275875462607
-0.182834595071 -0.143420860372 0.275896068457
-0.182920420717 -0.143453741417 0.275916571452
-0.183005817206 -0.143486458192 0.275936972105
-0.183090786685 -0.143519011515 0.275957270926
-0.183175331289 -0.143551402205 0.275977468421
-0.183259453144 -0.143583631072 0.275997565097
-0.183343154365 -0.143615698924 0.276017561455
-0.183426437054 -0.143647606565 0.276037457996
-0.183509303305 -0.143679354796 0.276057255217
-0.1835917552 -0.143710944411 0.276076953613
-0.183673794813 -0.143742376203 0.276096553677
-0.183755424205 -0.14377365096 0.276116055898
-0.183836645428 -0.143804769466 0.276135460765
-0.183917460522 -0.143835732501 0.276154768763
-0.18399787152 -0.143866540842 0.276173980374
-0.184077880443 -0.143897195259 0.276193096079
-0.1841574893 -0.143927696523 0.276212116357
-0.184236700094 -0.143958045398 0.276231041682
-0.184315514814 -0.143988242644 0.276249872528
-0.184393935442 -0.144018289018 0.276268609366
-0.184471963949 -0.144048185275 0.276287252664
-0.184549602295 -0.144077932164 0.27630580289
-0.184626852432 -0.144107530429 0.276324260506
-0.184703716302 -0.144136980814 0.276342625975
-0.184780195836 -0.144166284057 0.276360899755
-0.184856292957 -0.144195440892 0.276379082305
-0.184932009576 -0.14422445205 0.276397174079
-0.185007347597 -0.14425331826 0.276415175528
-0.185082308914 -0.144282040244 0.276433087105
-0.185156895409 -0.144310618723 0.276450909256
-0.185231108959 -0.144339054413 0.276468642427
-0.185304951427 -0.144367348028 0.276486287063
-0.18537842467 -0.144395500276 0.276503843604
-0.185451530534 -0.144423511864 0.27652131249
-0.185524270856 -0.144451383494 0.276538694157
-0.185596647465 -0.144479115865 0.276555989042
-0.185668662179 -0.144506709672 0.276573197575
-0.185740316809 -0.144534165607 0.276590320188
-0.185811613154 -0.144561484358 0.27660735731
-0.185882553008 -0.144588666612 0.276624309366
-0.185953138152 -0.144615713048 0.276641176781
-0.18602337036 -0.144642624347 0.276657959976
-0.186093251398 -0.144669401181 0.276674659372
-0.186162783022 -0.144696044223 0.276691275386
-0.186231966979 -0.144722554141 0.276707808435
-0.186300805008 -0.1447489316 0.276724258932
-0.186369298838 -0.14477517726 0.276740627288
-0.186437450192 -0.144801291781 0.276756913913
-0.186505260781 -0.144827275817 0.276773119215
-0.18657273231 -0.14485313002 0.276789243599
-0.186639866474 -0.144878855038 0.276805287469
-0.186706664961 -0.144904451516 0.276821251227
-0.186773129449 -0.144929920097 0.276837135271
-0.186839261608 -0.144955261418 0.276852939999
-0.186905063101 -0.144980476115 0.276868665807
-0.186970535581 -0.145005564822 0.276884313089
-0.187035680693 -0.145030528166 0.276899882236
-0.187100500074 -0.145055366774 0.276915373637
-0.187164995354 -0.145080081269 0.276930787681
-0.187229168152 -0.145104672271 0.276946124753
-0.187293020083 -0.145129140397 0.276961385237
-0.187356552749 -0.145153486259 0.276976569515
-0.187419767749 -0.145177710469 0.276991677968
-0.18748266667 -0.145201813635 0.277006710972
-0.187545251093 -0.14522579636 0.277021668906
-0.18760752259 -0.145249659247 0.277036552142
-0.187669482727 -0.145273402893 0.277051361054
-0.187731133061 -0.145297027895 0.277066096012
-0.187792475141 -0.145320534844 0.277080757385
-0.187853510508 -0.145343924331 0.277095345541
-0.187914240696 -0.145367196942 0.277109860844
-0.187974667231 -0.145390353261 0.277124303658
-0.188034791631 -0.145413393869 0.277138674344
-0.188094615408 -0.145436319343 0.277152973262
-0.188154140065 -0.145459130258 0.27716720077
-0.188213367098 -0.145481827187 0.277181357225
-0.188272297994 -0.1455044107 0.27719544298
-0.188330934235 -0.145526881361 0.277209458389
-0.188389277295 -0.145549239736 0.277223403802
-0.188447328638 -0.145571486385 0.277237279568
-0.188505089725 -0.145593621865 0.277251086035
-0.188562562006 -0.145615646733 0.277264823549
-0.188619746926 -0.145637561541 0.277278492454
-0.188676645921 -0.145659366838 0.277292093091
-0.188733260422 -0.145681063171 0.277305625802
-0.18878959185 -0.145702651084 0.277319090924
-0.188845641622 -0.14572413112 0.277332488797
-0.188901411147 -0.145745503817 0.277345819754
-0.188956901824 -0.145766769711 0.277359084129
-0.189012115049 -0.145787929335 0.277372282256
-0.18906705221 -0.14580898322 0.277385414464
-0.189121714686 -0.145829931895 0.277398481082
-0.189176103851 -0.145850775885 0.277411482438
-0.189230221072 -0.145871515713 0.277424418857
-0.189284067708 -0.145892151898 0.277437290663
-0.189337645114 -0.14591268496 0.277450098178
-0.189390954634 -0.145933115412 0.277462841724
-0.189443997609 -0.145953443768 0.277475521619
-0.189496775371 -0.145973670537 0.27748813818
-0.189549289247 -0.145993796227 0.277500691725
-0.189601540556 -0.146013821343 0.277513182567
-0.189653530611 -0.146033746387 0.277525611019
-0.189705260718 -0.146053571858 0.277537977393
-0.189756732178 -0.146073298255 0.277550281998
-0.189807946283 -0.146092926073 0.277562525142
-0.189858904321 -0.146112455802 0.277574707132
-0.189909607572 -0.146131887935 0.277586828273
-0.189960057309 -0.146151222957 0.27759888887
-0.190010254802 -0.146170461354 0.277610889223
-0.19006020131 -0.14618960361 0.277622829634
-0.190109898089 -0.146208650203 0.277634710401
-0.190159346388 -0.146227601612 0.277646531823
-0.190208547449 -0.146246458313 0.277658294195
-0.190257502509 -0.146265220778 0.277669997812
-0.190306212797 -0.146283889479 0.277681642967
-0.190354679538 -0.146302464883 0.277693229952
-0.190402903949 -0.146320947456 0.277704759058
-0.190450887241 -0.146339337663 0.277716230573
-0.190498630622 -0.146357635965 0.277727644784
-0.19054613529 -0.146375842821 0.277739001977
-0.190593402439 -0.146393958687 0.277750302438
-0.190640433257 -0.146411984019 0.277761546448
-0.190687228925 -0.146429919268 0.27777273429
-0.190733790619 -0.146447764884 0.277783866245
-0.190780119509 -0.146465521316 0.27779494259
-0.19082621676 -0.146483189009 0.277805963604
-0.190872083529 -0.146500768405 0.277816929563
-0.190917720969 -0.146518259947 0.277827840741
-0.190963130226 -0.146535664073 0.277838697412
-0.191008312442 -0.146552981219 0.277849499848
-0.191053268752 -0.146570211821 0.277860248319
-0.191098000286 -0.146587356311 0.277870943095
-0.191142508167 -0.146604415118 0.277881584444
-0.191186793513 -0.146621388671 0.277892172633
-0.191230857438 -0.146638277396 0.277902707926
-0.191274701049 -0.146655081716 0.277913190588
-0.191318325447 -0.146671802053 0.277923620882
-0.191361731728 -0.146688438828 0.277933999069
-0.191404920983 -0.146704992456 0.277944325408
-0.191447894297 -0.146721463354 0.277954600159
-0.19149065275 -0.146737851935 0.27796482358
-0.191533197417 -0.146754158609 0.277974995926
-0.191575529365 -0.146770383788 0.277985117452
-0.19161764966 -0.146786527876 0.277995188412
-0.191659559358 -0.14680259128 0.278005209059
-0.191701259514 -0.146818574403 0.278015179643
-0.191742751175 -0.146834477646 0.278025100414
-0.191784035383 -0.146850301407 0.278034971622
-0.191825113176 -0.146866046084 0.278044793513
-0.191865985585 -0.146881712073 0.278054566334
-0.191906653639 -0.146897299765 0.278064290329
-0.191947118358 -0.146912809553 0.278073965743
-0.191987380759 -0.146928241825 0.278083592817
-0.192027441854 -0.146943596968 0.278093171794
-0.19206730265 -0.146958875369 0.278102702912
-0.192106964148 -0.146974077411 0.278112186412
-0.192146427344 -0.146989203474 0.278121622531
-0.19218569323 -0.147004253939 0.278131011505
-0.192224762793 -0.147019229184 0.278140353569
-0.192263637014 -0.147034129583 0.278149648959
-0.19230231687 -0.147048955512 0.278158897906
-0.192340803333 -0.147063707341 0.278168100643
-0.19237909737 -0.147078385442 0.2781772574
-0.192417199943 -0.147092990183 0.278186368407
-0.192455112009 -0.147107521929 0.278195433893
-0.192492834521 -0.147121981047 0.278204454084
-0.192530368427 -0.147136367899 0.278213429207
-0.192567714669 -0.147150682845 0.278222359486
-0.192604874186 -0.147164926245 0.278231245146
-0.192641847912 -0.147179098457 0.278240086409
-0.192678636776 -0.147193199837 0.278248883497
-0.192715241702 -0.147207230737 0.278257636631
-0.192751663609 -0.147221191511 0.27826634603
-0.192787903413 -0.147235082508 0.278275011912
-0.192823962025 -0.147248904077 0.278283634494
-0.19285984035 -0.147262656566 0.278292213993
-0.192895539289 -0.147276340319 0.278300750624
-0.19293105974 -0.14728995568 0.278309244601
-0.192966402596 -0.14730350299 0.278317696136
-0.193001568743 -0.14731698259 0.278326105443
-0.193036559066 -0.147330394817 0.278334472731
-0.193071374444 -0.147343740009 0.27834279821
-0.193106015751 -0.147357018501 0.278351082089
-0.193140483859 -0.147370230625 0.278359324576
-0.193174779632 -0.147383376713 0.278367525877
-0.193208903933 -0.147396457095 0.278375686199
-0.193242857618 -0.1474094721 0.278383805745
-0.193276641542 -0.147422422054 0.27839188472
-0.193310256552 -0.147435307283 0.278399923325
-0.193343703494 -0.147448128108 0.278407921763
-0.193376983208 -0.147460884854 0.278415880234
-0.193410096529 -0.147473577838 0.278423798937
-0.193443044291 -0.147486207381 0.278431678072
-0.19347582732 -0.147498773799 0.278439517835
-0.19350844644 -0.147511277408 0.278447318423
-0.193540902471 -0.147523718521 0.278455080033
-0.193573196229 -0.147536097451 0.278462802858
-0.193605328524 -0.147548414508 0.278470487092
-0.193637300164 -0.147560670002 0.278478132928
-0.193669111952 -0.14757286424 0.278485740558
-0.193700764688 -0.147584997528 0.278493310172
-0.193732259167 -0.147597070171 0.27850084196
-0.193763596179 -0.147609082472 0.278508336112
-0.193794776513 -0.147621034732 0.278515792814
-0.193825800952 -0.147632927252 0.278523212255
-0.193856670275 -0.147644760329 0.27853059462
-0.193887385258 -0.147656534261 0.278537940094
-0.193917946672 -0.147668249344 0.278545248862
-0.193948355286 -0.147679905871 0.278552521106
-0.193978611863 -0.147691504136 0.27855975701
-0.194008717163 -0.147703044428 0.278566956755
-0.194038671944 -0.147714527039 0.27857412052
-0.194068476957 -0.147725952255 0.278581248487
-0.194098132951 -0.147737320365 0.278588340833
-0.194127640672 -0.147748631653 0.278595397737
-0.19415700086 -0.147759886403 0.278602419376
-0.194186214254 -0.147771084898 0.278609405925
-0.194215281587 -0.147782227419 0.278616357561
-0.19424420359 -0.147793314245 0.278623274456
-0.194272980989 -0.147804345655 0.278630156786
-0.194301614508 -0.147815321926 0.278637004721
-0.194330104865 -0.147826243333 0.278643818435
-0.194358452777 -0.147837110151 0.278650598099
-0.194386658956 -0.147847922652 0.278657343881
-0.194414724109 -0.147858681108 0.278664055952
-0.194442648944 -0.147869385788 0.278670734479
-0.19447043416 -0.147880036962 0.278677379631
-0.194498080457 -0.147890634897 0.278683991574
-0.194525588529 -0.147901179859 0.278690570473
-0.194552959066 -0.147911672112 0.278697116494
-0.194580192757 -0.14792211192 0.278703629802
-0.194607290286 -0.147932499545 0.278710110559
-0.194634252333 -0.147942835249 0.278716558927
-0.194661079576 -0.147953119289 0.27872297507
-0.194687772689 -0.147963351925 0.278729359147
-0.194714332343 -0.147973533413 0.27873571132
-0.194740759204 -0.14798366401 0.278742031746
-0.194767053938 -0.147993743968 0.278748320585
-0.194793217204 -0.148003773542 0.278754577995
-0.194819249659 -0.148013752983 0.278760804133
-0.194845151959 -0.148023682542 0.278766999154
-0.194870924753 -0.148033562467 0.278773163214
-0.194896568689 -0.148043393008 0.278779296468
-0.194922084412 -0.14805317441 0.27878539907
-0.194947472561 -0.148062906919 0.278791471172
-0.194972733777 -0.14807259078 0.278797512928
-0.194997868692 -0.148082226236 0.278803524488
-0.195022877939 -0.148091813529 0.278809506004
-0.195047762145 -0.148101352898 0.278815457625
-0.195072521936 -0.148110844585 0.278821379502
-0.195097157934 -0.148120288827 0.278827271782
-0.195121670759 -0.148129685861 0.278833134613
-0.195146061025 -0.148139035923 0.278838968142
-0.195170329345 -0.148148339248 0.278844772516
-0.19519447633 -0.148157596069 0.278850547881
-0.195218502586 -0.148166806619 0.278856294381
-0.195242408716 -0.148175971129 0.278862012161
-0.195266195322 -0.14818508983 0.278867701363
-0.195289863001 -0.148194162949 0.278873362131
-0.195313412346 -0.148203190715 0.278878994607
-0.195336843951 -0.148212173355 0.278884598932
-0.195360158404 -0.148221111094 0.278890175247
-0.19538335629 -0.148230004156 0.278895723691
-0.195406438193 -0.148238852765 0.278901244404
-0.195429404691 -0.148247657143 0.278906737524
-0.195452256363 -0.148256417511 0.27891220319
-0.195474993782 -0.148265134089 0.278917641538
-0.19549761752 -0.148273807095 0.278923052705
-0.195520128145 -0.148282436748 0.278928436826
-0.195542526222 -0.148291023264 0.278933794037
-0.195564812315 -0.148299566858 0.278939124472
-0.195586986983 -0.148308067746 0.278944428265
-0.195609050783 -0.148316526141 0.278949705549
-0.195631004269 -0.148324942254 0.278954956457
-0.195652847994 -0.148333316298 0.278960181119
-0.195674582506 -0.148341648482 0.278965379668
-0.19569620835 -0.148349939016 0.278970552234
-0.195717726071 -0.148358188108 0.278975698946
-0.195739136209 -0.148366395965 0.278980819934
-0.195760439301 -0.148374562793 0.278985915326
-0.195781635884 -0.148382688797 0.27899098525
-0.195802726489 -0.148390774182 0.278996029833
-0.195823711646 -0.148398819149 0.279001049203
-0.195844591883 -0.148406823902 0.279006043484
-0.195865367724 -0.148414788641 0.279011012802
-0.195886039692 -0.148422713566 0.279015957283
-0.195906608305 -0.148430598876 0.279020877049
-0.19592707408 -0.148438444769 0.279025772225
-0.195947437531 -0.148446251443 0.279030642933
-0.195967699171 -0.148454019092 0.279035489295
-0.195987859508 -0.148461747913 0.279040311434
-0.196007919048 -0.148469438099 0.27904510947
-0.196027878296 -0.148477089843 0.279049883524
-0.196047737753 -0.148484703337 0.279054633715
-0.196067497917 -0.148492278773 0.279059360163
-0.196087159287 -0.148499816341 0.279064062986
-0.196106722354 -0.14850731623 0.279068742302
-0.196126187611 -0.148514778629 0.27907339823
-0.196145555547 -0.148522203724 0.279078030884
-0.196164826649 -0.148529591702 0.279082640383
-0.1961840014 -0.148536942749 0.279087226841
-0.196203080282 -0.148544257049 0.279091790374
-0.196222063775 -0.148551534786 0.279096331096
-0.196240952356 -0.148558776143 0.279100849122
-0.196259746498 -0.148565981301 0.279105344564
-0.196278446675 -0.148573150442 0.279109817535
-0.196297053357 -0.148580283745 0.279114268148
-0.196315567009 -0.14858738139 0.279118696515
-0.196333988099 -0.148594443554 0.279123102746
-0.196352317087 -0.148601470416 0.279127486952
-0.196370554436 -0.148608462151 0.279131849244
-0.196388700603 -0.148615418935 0.27913618973
-0.196406756044 -0.148622340943 0.27914050852
-0.196424721213 -0.148629228349 0.279144805722
-0.19644259656 -0.148636081325 0.279149081444
-0.196460382536 -0.148642900043 0.279153335793
-0.196478079587 -0.148649684676 0.279157568876
-0.196495688157 -0.148656435392 0.2791617808
-0.196513208689 -0.148663152363 0.27916597167
-0.196530641623 -0.148669835756 0.27917014159
-0.196547987397 -0.148676485738 0.279174290667
-0.196565246447 -0.148683102479 0.279178419004
-0.196582419207 -0.148689686142 0.279182526704
-0.196599506107 -0.148696236894 0.279186613871
-0.196616507577 -0.148702754899 0.279190680608
-0.196633424045 -0.148709240321 0.279194727016
-0.196650255935 -0.148715693323 0.279198753197
-0.19666700367 -0.148722114067 0.279202759252
-0.196683667671 -0.148728502713 0.279206745282
-0.196700248357 -0.148734859423 0.279210711387
-0.196716746144 -0.148741184356 0.279214657666
-0.196733161446 -0.14874747767 0.279218584218
-0.196749494677 -0.148753739525 0.279222491142
-0.196765746245 -0.148759970076 0.279226378536
-0.196781916561 -0.148766169481 0.279230246498
-0.196798006029 -0.148772337895 0.279234095125
-0.196814015054 -0.148778475474 0.279237924513
-0.196829944039 -0.148784582371 0.279241734758
-0.196845793383 -0.148790658739 0.279245525957
-0.196861563485 -0.148796704731 0.279249298204
-0.19687725474 -0.1488027205 0.279253051593
-0.196892867544 -0.148808706195 0.279256786221
-0.196908402288 -0.148814661968 0.279260502179
-0.196923859362 -0.148820587968 0.279264199561
-0.196939239156 -0.148826484344 0.27926787846
-0.196954542055 -0.148832351244 0.279271538969
-0.196969768443 -0.148838188814 0.279275181179
-0.196984918704 -0.148843997203 0.279278805182
-0.196999993218 -0.148849776555 0.279282411069
-0.197014992363 -0.148855527016 0.27928599893
-0.197029916517 -0.14886124873 0.279289568856
-0.197044766054 -0.148866941841 0.279293120935
-0.197059541348 -0.148872606491 0.279296655258
-0.197074242769 -0.148878242824 0.279300171913
-0.197088870688 -0.14888385098 0.279303670988
-0.197103425471 -0.148889431101 0.279307152571
-0.197117907484 -0.148894983327 0.279310616749
-0.197132317091 -0.148900507796 0.27931406361
-0.197146654654 -0.148906004648 0.27931749324
-0.197160920533 -0.148911474021 0.279320905725
-0.197175115087 -0.148916916052 0.279324301151
-0.197189238673 -0.148922330878 0.279327679603
-0.197203291644 -0.148927718635 0.279331041165
-0.197217274354 -0.148933079457 0.279334385923
-0.197231187155 -0.148938413481 0.279337713961
-0.197245030395 -0.148943720839 0.279341025361
-0.197258804424 -0.148949001665 0.279344320207
-0.197272509586 -0.148954256092 0.279347598581
-0.197286146226 -0.148959484251 0.279350860567
-0.197299714687 -0.148964686274 0.279354106246
-0.197313215309 -0.148969862291 0.279357335699
-0.197326648433 -0.148975012433 0.279360549007
-0.197340014394 -0.148980136829 0.279363746252
-0.197353313529 -0.148985235607 0.279366927513
-0.197366546173 -0.148990308896 0.27937009287
-0.197379712657 -0.148995356822 0.279373242403
-0.197392813312 -0.149000379514 0.279376376191
-0.197405848468 -0.149005377096 0.279379494313
-0.197418818451 -0.149010349694 0.279382596847
-0.197431723589 -0.149015297434 0.27938568387
-0.197444564204 -0.149020220439 0.279388755461
-0.19745734062 -0.149025118834 0.279391811696
-0.197470053158 -0.14902999274 0.279394852652
-0.197482702137 -0.149034842281 0.279397878405
-0.197495287874 -0.149039667579 0.279400889033
-0.197507810686 -0.149044468754 0.279403884609
-0.197520270888 -0.149049245927 0.279406865209
-0.197532668792 -0.149053999218 0.279409830909
-0.197545004711 -0.149058728746 0.279412781783
-0.197557278953 -0.149063434631 0.279415717904
-0.197569491828 -0.14906811699 0.279418639346
-0.197581643641 -0.149072775941 0.279421546184
-0.197593734699 -0.149077411601 0.279424438489
-0.197605765306 -0.149082024087 0.279427316334
-0.197617735763 -0.149086613514 0.279430179793
-0.197629646371 -0.149091179997 0.279433028936
-0.197641497429 -0.149095723652 0.279435863835
-0.197653289235 -0.149100244592 0.279438684561
-0.197665022086 -0.149104742931 0.279441491186
-0.197676696276 -0.149109218781 0.279444283779
-0.197688312099 -0.149113672256 0.279447062411
-0.197699869845 -0.149118103467 0.279449827152
-0.197711369806 -0.149122512526 0.279452578071
-0.197722812271 -0.149126899542 0.279455315236
-0.197734197527 -0.149131264627 0.279458038718
-0.19774552586 -0.14913560789 0.279460748584
-0.197756797554 -0.14913992944 0.279463444902
-0.197768012893 -0.149144229385 0.27946612774
-0.197779172159 -0.149148507834 0.279468797165
-0.197790275632 -0.149152764894 0.279471453245
-0.19780132359 -0.149157000672 0.279474096046
-0.197812316312 -0.149161215274 0.279476725634
-0.197823254074 -0.149165408806 0.279479342076
-0.19783413715 -0.149169581374 0.279481945437
-0.197844965813 -0.149173733082 0.279484535783
-0.197855740337 -0.149177864035 0.279487113178
-0.197866460991 -0.149181974336 0.279489677688
-0.197877128045 -0.149186064088 0.279492229376
-0.197887741766 -0.149190133395 0.279494768307
-0.197898302422 -0.149194182358 0.279497294545
-0.197908810278 -0.149198211079 0.279499808153
-0.197919265598 -0.149202219659 0.279502309194
-0.197929668644 -0.1492062082 0.279504797731
-0.197940019678 -0.1492101768 0.279507273827
-0.19795031896 -0.149214125561 0.279509737543
-0.197960566749 -0.149218054581 0.279512188942
-0.197970763301 -0.149221963958 0.279514628085
-0.197980908874 -0.149225853791 0.279517055033
-0.197991003722 -0.149229724178 0.279519469848
-0.198001048098 -0.149233575215 0.27952187259
-0.198011042256 -0.149237407 0.279524263319
-0.198020986446 -0.149241219629 0.279526642095
-0.198030880917 -0.149245013197 0.279529008979
-0.19804072592 -0.1492487878 0.279531364029
-0.1980505217 -0.149252543533 0.279533707305
-0.198060268504 -0.14925628049 0.279536038865
-0.198069966577 -0.149259998764 0.279538358768
-0.198079616162 -0.14926369845 0.279540667073
-0.198089217503 -0.149267379639 0.279542963837
-0.198098770839 -0.149271042425 0.279545249119
-0.198108276412 -0.1492746869 0.279547522974
-0.198117734459 -0.149278313155 0.279549785462
-0.198127145219 -0.149281921281 0.279552036637
-0.198136508928 -0.149285511369 0.279554276558
-0.198145825821 -0.149289083508 0.27955650528
-0.198155096133 -0.14929263779 0.279558722858
-0.198164320096 -0.149296174302 0.27956092935
-0.198173497941 -0.149299693134 0.27956312481
-0.1981826299 -0.149303194375 0.279565309294
-0.198191716202 -0.149306678111 0.279567482855
-0.198200757075 -0.149310144431 0.27956964555
-0.198209752747 -0.149313593422 0.279571797432
-0.198218703442 -0.14931702517 0.279573938555
-0.198227609387 -0.149320439761 0.279576068973
-0.198236470805 -0.149323837282 0.279578188739
-0.198245287918 -0.149327217817 0.279580297908
-0.198254060949 -0.149330581452 0.279582396531
-0.198262790117 -0.14933392827 0.279584484661
-0.198271475641 -0.149337258357 0.279586562352
-0.198280117741 -0.149340571795 0.279588629654
-0.198288716632 -0.149343868669 0.279590686621
-0.198297272532 -0.14934714906 0.279592733303
-0.198305785654 -0.149350413051 0.279594769753
-0.198314256214 -0.149353660724 0.27959679602
-0.198322684423 -0.149356892161 0.279598812157
-0.198331070494 -0.149360107442 0.279600818214
-0.198339414637 -0.14936330665 0.279602814241
-0.198347717061 -0.149366489863 0.279604800288
-0.198355977976 -0.149369657162 0.279606776405
-0.198364197589 -0.149372808626 0.279608742642
-0.198372376106 -0.149375944335 0.279610699048
-0.198380513733 -0.149379064368 0.279612645673
-0.198388610675 -0.149382168802 0.279614582565
-0.198396667134 -0.149385257716 0.279616509773
-0.198404683313 -0.149388331187 0.279618427345
-0.198412659413 -0.149391389292 0.27962033533
-0.198420595636 -0.149394432109 0.279622233775
-0.19842849218 -0.149397459714 0.279624122728
-0.198436349243 -0.149400472182 0.279626002237
-0.198444167023 -0.14940346959 0.279627872348
-0.198451945717 -0.149406452013 0.27962973311
-0.19845968552 -0.149409419525 0.279631584567
-0.198467386626 -0.149412372201 0.279633426768
-0.198475049228 -0.149415310116 0.279635259758
-0.19848267352 -0.149418233343 0.279637083583
-0.198490259693 -0.149421141955 0.27963889829
-0.198497807937 -0.149424036026 0.279640703923
-0.198505318442 -0.149426915629 0.279642500528
-0.198512791397 -0.149429780835 0.27964428815
-0.198520226989 -0.149432631716 0.279646066835
-0.198527625406 -0.149435468345 0.279647836626
-0.198534986833 -0.149438290792 0.279649597569
-0.198542311454 -0.149441099129 0.279651349706
-0.198549599455 -0.149443893425 0.279653093084
-0.198556851018 -0.149446673752 0.279654827745
-0.198564066326 -0.149449440178 0.279656553732
-0.198571245559 -0.149452192774 0.27965827109
-0.198578388898 -0.149454931609 0.279659979861
-0.198585496522 -0.149457656751 0.279661680088
-0.19859256861 -0.149460368268 0.279663371815
-0.19859960534 -0.14946306623 0.279665055083
-0.198606606889 -0.149465750703 0.279666729934
-0.198613573432 -0.149468421755 0.279668396412
-0.198620505144 -0.149471079454 0.279670054557
-0.1986274022 -0.149473723865 0.279671704411
-0.198634264772 -0.149476355056 0.279673346017
-0.198641093034 -0.149478973092 0.279674979414
-0.198647887156 -0.14948157804 0.279676604644
-0.19865464731 -0.149484169964 0.279678221749
-0.198661373665 -0.14948674893 0.279679830768
-0.198668066391 -0.149489315002 0.279681431741
-0.198674725655 -0.149491868246 0.27968302471
-0.198681351624 -0.149494408724 0.279684609714
-0.198687944466 -0.149496936502 0.279686186794
-0.198694504345 -0.149499451642 0.279687755987
-0.198701031427 -0.149501954207 0.279689317335
-0.198707525875 -0.149504444261 0.279690870876
-0.198713987853 -0.149506921866 0.279692416649
-0.198720417523 -0.149509387085 0.279693954694
-0.198726815047 -0.149511839978 0.279695485048
-0.198733180585 -0.149514280609 0.27969700775
-0.198739514298 -0.149516709037 0.279698522839
-0.198745816343 -0.149519125324 0.279700030353
-0.19875208688 -0.149521529532 0.279701530329
-0.198758326067 -0.149523921719 0.279703022804
-0.198764534059 -0.149526301947 0.279704507818
-0.198770711014 -0.149528670275 0.279705985406
-0.198776857085 -0.149531026762 0.279707455606
-0.198782972428 -0.149533371468 0.279708918456
-0.198789057196 -0.149535704452 0.27971037399
-0.198795111542 -0.149538025772 0.279711822248
-0.198801135618 -0.149540335487 0.279713263263
-0.198807129576 -0.149542633654 0.279714697074
-0.198813093565 -0.149544920331 0.279716123715
-0.198819027736 -0.149547195577 0.279717543223
-0.198824932239 -0.149549459447 0.279718955634
-0.19883080722 -0.149551711999 0.279720360982
-0.198836652829 -0.149553953289 0.279721759304
-0.198842469211 -0.149556183374 0.279723150633
-0.198848256513 -0.149558402309 0.279724535006
-0.19885401488 -0.149560610151 0.279725912457
-0.198859744457 -0.149562806955 0.279727283021
-0.198865445388 -0.149564992776 0.279728646732
-0.198871117816 -0.149567167668 0.279730003623
-0.198876761884 -0.149569331688 0.279731353731
-0.198882377732 -0.149571484888 0.279732697087
-0.198887965504 -0.149573627323 0.279734033727
-0.198893525338 -0.149575759047 0.279735363683
-0.198899057375 -0.149577880114 0.27973668699
-0.198904561753 -0.149579990576 0.27973800368
-0.198910038611 -0.149582090486 0.279739313786
-0.198915488086 -0.149584179899 0.279740617341
-0.198920910316 -0.149586258865 0.279741914378
-0.198926305436 -0.149588327437 0.27974320493
-0.198931673582 -0.149590385668 0.27974448903
-0.198937014889 -0.149592433608 0.279745766708
-0.198942329491 -0.149594471309 0.279747037998
-0.198947617522 -0.149596498823 0.279748302931
-0.198952879114 -0.1495985162 0.279749561539
-0.198958114399 -0.149600523491 0.279750813855
-0.19896332351 -0.149602520747 0.279752059908
-0.198968506577 -0.149604508018 0.279753299731
-0.19897366373 -0.149606485352 0.279754533354
-0.198978795099 -0.149608452802 0.27975576081
-0.198983900813 -0.149610410414 0.279756982127
-0.198988980999 -0.14961235824 0.279758197338
-0.198994035786 -0.149614296327 0.279759406473
-0.198999065301 -0.149616224725 0.279760609562
-0.19900406967 -0.149618143481 0.279761806635
-0.199009049018 -0.149620052645 0.279762997722
-0.199014003471 -0.149621952264 0.279764182854
-0.199018933154 -0.149623842385 0.27976536206
-0.199023838189 -0.149625723057 0.279766535369
-0.199028718701 -0.149627594326 0.279767702812
-0.199033574812 -0.149629456239 0.279768864418
-0.199038406643 -0.149631308844 0.279770020215
-0.199043214317 -0.149633152187 0.279771170233
-0.199047997954 -0.149634986314 0.2797723145
-0.199052757674 -0.14963681127 0.279773453046
-0.199057493597 -0.149638627103 0.279774585899
-0.199062205842 -0.149640433858 0.279775713088
-0.199066894527 -0.149642231579 0.27977683464
-0.19907155977 -0.149644020313 0.279777950584
-0.199076201688 -0.149645800104 0.279779060949
-0.199080820399 -0.149647570996 0.279780165761
-0.199085416016 -0.149649333035 0.279781265049
-0.199089988658 -0.149651086264 0.27978235884
