0.0 0.0 -1.0 1.7 -2.2 -1.6 0.0
 0.05 0.0 -1.0 1.7 -2.2 -1.6 0.0
 0.1 0.00534846332903 -0.963040450788 1.71837346267 -2.25537035304 -1.59962166467 0.00533170015711
 0.15 0.0171565647366 -0.933251250013 1.72581969396 -2.27346904319 -1.59856725836 0.0171272518802
 0.2 0.0346037477912 -0.909452565514 1.72346737751 -2.25977586379 -1.59667174559 0.0345195965657
 0.25 0.0565571570329 -0.890661989433 1.71352873556 -2.22025907213 -1.59382196274 0.0563326626036
 0.3 0.0820495432634 -0.876089437719 1.6979891381 -2.16012113436 -1.59009407603 0.0815899085991
 0.35 0.110260296099 -0.865129235505 1.67852792818 -2.08376192601 -1.58566826677 0.109507310008
 0.4 0.140498274174 -0.857298567557 1.65651130301 -1.99486779985 -1.58077008289 0.13946198665
 0.45 0.172182208003 -0.852196360818 1.63301783256 -1.89651169511 -1.57563207511 0.170949959208
 0.5 0.204823878404 -0.849476515245 1.60887721709 -1.79124884489 -1.57046969402 0.203549158688
 0.55 0.238014131658 -0.848831236473 1.58471133631 -1.68120048763 -1.56546677487 0.236892071189
 0.6 0.271411138403 -0.849981091178 1.56097252083 -1.56812388974 -1.56076782438 0.270648312266
 0.65 0.304730360921 -0.852669354937 1.53797716421 -1.45346978913 -1.55647541181 0.304515789097
 0.7 0.337735908455 -0.856658986087 1.51593431948 -1.33842941844 -1.55265146419 0.338218388489
 0.75 0.370233124949 -0.861731113919 1.49496956314 -1.2239733904 -1.54932142643 0.371507821431
 0.8 0.402062329389 -0.867684318966 1.47514463133 -1.11088441249 -1.54648028586 0.404167276881
 0.85 0.433093634168 -0.87433425408 1.45647338136 -0.999785327002 -1.5440995119 0.436014889118
 0.9 0.463222734463 -0.881513342373 1.43893461597 -0.891163506594 -1.54213408209 0.466905639108
 0.95 0.492367522318 -0.889070414858 1.42248227073 -0.785392255871 -1.54052895523 0.496731043011
 1.0 0.520465353602 -0.896870232557 1.4070534191 -0.682749605002 -1.53922457806 0.525416653349
 1.05 0.547470793252 -0.90479288631 1.39257449826 -0.583434725359 -1.53816123204 0.552917873949
 1.1 0.573353683181 -0.91273309211 1.37896610293 -0.487582126023 -1.53728220734 0.579214814141
 1.15 0.598097410735 -0.920599408613 1.36614663832 -0.395273775105 -1.53653591464 0.60430690744
 1.2 0.621697294639 -0.928313403126 1.35403506932 -0.306549305065 -1.53587711231 0.628207871352
 1.25 0.644159042073 -0.93580878791 1.3425529552 -0.221414486207 -1.53526744605 0.65094137439
 1.3 0.665497260031 -0.94303054311 1.33162591902 -0.139848173972 -1.53467548715 0.672537572354
 1.35 0.685734024218 -0.949934037979 1.32118466837 -0.061807946241 -1.53407642725 0.693030517208
 1.4 0.704897519998 -0.956484158663 1.31116565948 0.0127653554448 -1.53345155485 0.712456340876
 1.45 0.723020773705 -0.962654448814 1.30151147778 0.0839439806663 -1.53278760716 0.730852067374
 1.5 0.740140491467 -0.968426268276 1.29217099369 0.151810342934 -1.53207606467 0.748254896516
 1.55 0.756296018335 -0.973787974582 1.28309934179 0.216454659083 -1.53131243533 0.764701816059
 1.6 0.771528425011 -0.978734131834 1.27425776319 0.277973031323 -1.53049556027 0.780229424536
 1.65 0.785879723744 -0.983264751279 1.26561334398 0.336465873908 -1.52962696176 0.794873875453
 1.7 0.79939221 -0.987384567631 1.25713867733 0.39203660907 -1.52871024672 0.808670880045
 1.75 0.812107922581 -0.991102354695 1.24881147221 0.444790575589 -1.52775057298 0.82165572784
 1.8 0.824068212091 -0.994430283281 1.24061412761 0.494834108125 -1.52675418186 0.833863301261
 1.85 0.835313406008 -0.997383323713 1.23253328783 0.542273756586 -1.52572799703 0.845328072637
 1.9 0.845882557925 -0.999978694468 1.22455939143 0.587215622849 -1.52467928783 0.856084080071
 1.95 0.85581326856 -1.00223535781 1.21668622393 0.629764797904 -1.52361539303 0.866164883563
 2.0 0.865141566732 -1.00417356247 1.20891048219 0.670024886345 -1.52254350037 0.875603505389
 2.05 0.873901839467 -1.00581443298 1.20123135648 0.708097607785 -1.52147047615 0.884432359864
 2.1 0.882126801523 -1.00717960434 1.19365013467 0.744082466512 -1.52040273882 0.892683177605
 2.15 0.88984749588 -1.0082909007 1.18616983191 0.778076481884 -1.51934617077 0.900386928966
 2.2 0.897093317963 -1.00917005591 1.17879484764 0.810173972806 -1.51830606217 0.907573750489
 2.25 0.903892057535 -1.00983847375 1.1715306513 0.840466390245 -1.51728708162 0.914272877324
 2.3 0.910269953243 -1.01031702525 1.16438349708 0.869042192234 -1.51629326831 0.920512583712
 2.35 0.916251755777 -1.01062588062 1.15736016764 0.89598675628 -1.51532804138 0.92632013289
 2.4 0.921860796377 -1.01078437286 1.15046774622 0.921382324483 -1.5143942223 0.931721737058
 2.45 0.927119058171 -1.01081089032 1.14371341614 0.945307977047 -1.51349406691 0.93674252761
 2.5 0.932047248357 -1.0107227956 1.13710428657 0.967839630273 -1.5126293043 0.941406535375
 2.55 0.936664869771 -1.01053636783 1.13064724299 0.989050055437 -1.51180117985 0.945736680361
 2.6 0.940990290756 -1.01026676592 1.12434882106 1.00900891534 -1.51101050083 0.949754770263
 2.65 0.945040812555 -1.00992801006 1.118215102 1.0277828156 -1.51025768252 0.953481506926
 2.7 0.948832733722 -1.00953297935 1.11225162805 1.04543536813 -1.50954279411 0.956936499826
 2.75 0.952381411235 -1.00909342295 1.10646333612 1.06202726441 -1.50886560294 0.960138285668
 2.8 0.955701318132 -1.00861998301 1.10085450816 1.07761635657 -1.50822561681 0.963104353181
 2.85 0.958806097641 -1.0081222272 1.09542873651 1.09225774448 -1.50762212364 0.965851172247
 2.9 0.96170861382 -1.00760868917 1.09018890267 1.10600386717 -1.50705422816 0.968394226541
 2.95 0.964420998826 -1.00708691527 1.08513716803 1.11890459732 -1.50652088559 0.970748048937
 3.0 0.966954696938 -1.00656351611 1.08027497512 1.13100733756 -1.50602093219 0.972926258993
 3.05 0.969320505517 -1.00604422166 1.07560305794 1.14235711756 -1.50555311259 0.974941601908
 3.1 0.971528613083 -1.00553393869 1.07112146025 1.15299669105 -1.5051161042 0.976805988409
 3.15 0.97358863471 -1.00503680958 1.06682956049 1.16296663201 -1.50470853857 0.978530535097
 3.2 0.975509644936 -1.00455627153 1.06272610229 1.17230542952 -1.50432902015 0.98012560485
 3.25 0.977300208372 -1.00409511557 1.05880922956 1.18104958058 -1.50397614238 0.981600846931
 3.3 0.978968408215 -1.00365554459 1.05507652521 1.1892336807 -1.50364850148 0.982965236506
 3.35 0.980521872819 -1.00323922987 1.05152505266 1.19689051181 -1.50334470809 0.984227113342
 3.4 0.981967800504 -1.00284736569 1.04815139926 1.20405112739 -1.50306339692 0.985394219482
 3.45 0.983312982754 -1.00248072177 1.04495172116 1.21074493442 -1.50280323469 0.98647373574
 3.5 0.984563825945 -1.00213969298 1.04192178869 1.21699977234 -1.50256292651 0.987472316897
 3.55 0.985726371722 -1.00182434649 1.03905703194 1.22284198875 -1.50234122086 0.988396125508
 3.6 0.986806316163 -1.0015344659 1.03635258593 1.22829651188 -1.5021369134 0.989250864257
 3.65 0.987809027809 -1.00126959244 1.03380333493 1.2333869199 -1.50194884969 0.99004180682
 3.7 0.988739564686 -1.0010290631 1.03140395558 1.23813550708 -1.50177592704 0.990773827215
 3.75 0.989602690366 -1.0008120458 1.02914895854 1.24256334689 -1.50161709556 0.991451427635
 3.8 0.990402889188 -1.00061757151 1.0270327283 1.24669035214 -1.50147135859 0.992078764779
 3.85 0.991144380663 -1.00044456349 1.02504956094 1.25053533223 -1.50133777251 0.992659674695
 3.9 0.991831133153 -1.00029186361 1.02319369981 1.25411604766 -1.50121544618 0.99319769617
 3.95 0.992466876873 -1.00015825601 1.02145936879 1.25744926195 -1.50110353996 0.993696092709
 4.0 0.993055116244 -1.00004248812 1.01984080313 1.26055079103 -1.50100126441 0.994157873143
 4.05 0.993599141672 -0.999943289164 1.01833227787 1.26343555027 -1.50090787881 0.994585810914
 4.1 0.994102040758 -0.999859386362 1.01692813365 1.2661175993 -1.50082268942 0.994982462095
 4.15 0.994566708997 -0.999789518914 1.01562280007 1.2686101847 -1.50074504771 0.995350182197
 4.2 0.994995859985 -0.999732449944 1.01441081649 1.27092578066 -1.5006743484 0.995691141818
 4.25 0.995392035157 -0.999686976552 1.0132868504 1.27307612783 -1.5006100275 0.996007341191
 4.3 0.995757613089 -0.999651938118 1.01224571342 1.27507227033 -1.50055156027 0.996300623692
 