0.0 0.0 -1.0 1.7 -2.2 -1.6 0.0
 0.05 0.0 -1.0 1.7 -2.2 -1.6 0.0
 0.1 0.000541414287725 -0.999889708003 1.69804823916 -2.19445760017 -1.59981362217 0.0152366593629
 0.15 0.0013257409351 -0.999741899836 1.69463927244 -2.18458896675 -1.59948099096 0.0172708390202
 0.2 0.00256386885038 -0.999523626536 1.69004389003 -2.17122811641 -1.59900832201 0.0304353340206
 0.25 0.00403608935814 -0.999282407876 1.68458029079 -2.15516230323 -1.59841273579 0.0339230825176
 0.3 0.00589417224298 -0.998991431987 1.67841352351 -2.13692081973 -1.59770294604 0.0455372741756
 0.35 0.00797646873484 -0.99868380666 1.67175021558 -2.11701347826 -1.59688878654 0.0500565241259
 0.4 0.01039110406 -0.99833957553 1.66469094601 -2.095776046 -1.59597781936 0.060503118273
 0.45 0.0130190238515 -0.99798259727 1.65737045062 -2.07353851466 -1.59497830281 0.0657457769179
 0.5 0.0159364578156 -0.997598571058 1.64984952255 -2.05051373423 -1.59389593198 0.075305455349
 0.55 0.0190555003698 -0.997204918905 1.64221603087 -2.02691503734 -1.59273902482 0.0810462929824
 0.6 0.0224292326048 -0.996791545769 1.63450607861 -2.00287722563 -1.5915116847 0.0899251095881
 0.65 0.025992476754 -0.996371193739 1.62677675702 -1.97853792635 -1.59022242899 0.0959994751741
 0.7 0.0297816059851 -0.995936757636 1.61904883737 -1.95398240111 -1.58887425772 0.104348899765
 0.75 0.0337480031778 -0.995497514895 1.61135911174 -1.92929916056 -1.58747559969 0.110636552228
 0.8 0.037916044109 -0.995048444238 1.60371886657 -1.90454203208 -1.58602878184 0.118568104497
 0.85 0.0422491722266 -0.99459624878 1.59615147994 -1.87976768492 -1.58454182994 0.124981402382
 0.9 0.0467631951087 -0.994137350087 1.58866241992 -1.85501000604 -1.58301670372 0.132577339042
 0.95 0.0514303427525 -0.993676545236 1.5812662019 -1.83030505025 -1.58146080544 0.139052581921
 1.0 0.0562603420238 -0.993211255754 1.57396477579 -1.80567405728 -1.57987591748 0.146373709303
 1.05 0.0612318330699 -0.992744877191 1.56676681483 -1.78113976207 -1.5782687038 0.152864776645
 1.1 0.0663502608416 -0.992275528152 1.55967219042 -1.75671538327 -1.57664087185 0.159956168007
 1.15 0.0715989540083 -0.991805582387 1.55268574315 -1.73241507217 -1.57499831523 0.16642984062
 1.2 0.0769803724909 -0.991333648977 1.54580616221 -1.70824695993 -1.5733427101 0.173325023858
 1.25 0.0824812880379 -0.990861363831 1.53903579383 -1.68421968558 -1.5716792022 0.179757541135
 1.3 0.0881021076099 -0.990387685311 1.53237269818 -1.66033815283 -1.57000944417 0.186481568152
 1.35 0.0938321459998 -0.989913722196 1.52581761809 -1.63660747661 -1.56833788705 0.192856094632
 1.4 0.0996704246994 -0.989438685217 1.51936832156 -1.61303051262 -1.5666661483 0.199427792009
 1.45 0.105608151477 -0.98896331115 1.51302454007 -1.5896101356 -1.56499805137 0.205732553713
 1.5 0.111643438351 -0.988486996139 1.5067839504 -1.56634790119 -1.56333515809 0.212166173491
 1.55 0.117768916494 -0.98801021827 1.50064566461 -1.54324527037 -1.56168073465 0.218393087886
 1.6 0.123982126115 -0.987532512485 1.49460738423 -1.52030297329 -1.5600362648 0.224699518497
 1.65 0.130276782288 -0.98705418029 1.48866785974 -1.49752158693 -1.5584045248 0.230843188291
 1.7 0.136650091339 -0.986574862655 1.4828248807 -1.47490131718 -1.55678689973 0.237030842877
 1.75 0.143096606265 -0.986094743514 1.47707700396 -1.45244219474 -1.55518573716 0.243087817938
 1.8 0.149613365688 -0.985613546567 1.47142213815 -1.4301440925 -1.55360230668 0.249163286011
 1.85 0.156195581671 -0.985131380193 1.4658587543 -1.40800670875 -1.55203858132 0.255131522781
 1.9 0.162840239792 -0.98464803403 1.46038489168 -1.38602970482 -1.55049570289 0.261100048284
 1.95 0.169543080417 -0.984163570511 1.45499900314 -1.36421258073 -1.54897531685 0.266978514572
 2.0 0.176301113857 -0.98367783291 1.44969925886 -1.34255486324 -1.54747842951 0.272844346637
 2.05 0.183110512401 -0.983190858312 1.44448413451 -1.32105593721 -1.54600639929 0.278632733313
 2.1 0.189968362552 -0.982702534454 1.43935192502 -1.29971524362 -1.54456009341 0.284399383662
 2.15 0.196871196706 -0.982212887178 1.4343011524 -1.27853210275 -1.54314061809 0.290097894884
 2.2 0.203816210303 -0.981721841692 1.42933022697 -1.2575059005 -1.54174870152 0.295768326831
 2.25 0.210800241576 -0.981229422052 1.42443772914 -1.23663592259 -1.54038522776 0.301377527867
 2.3 0.217820614408 -0.980735585501 1.41962217399 -1.21592151902 -1.539050789 0.306954295184
 2.35 0.224874431133 -0.980240360462 1.41488220515 -1.19536195814 -1.53774607323 0.312475002422
 2.4 0.231959154291 -0.979743731891 1.41021643158 -1.17495656583 -1.53647154193 0.31796035148
 2.45 0.239072117563 -0.97924573641 1.40562356049 -1.15470460231 -1.53522770989 0.323393553257
 2.5 0.246210925896 -0.978746383175 1.4011022844 -1.13460537641 -1.53401491492 0.328789498276
 2.55 0.253373118025 -0.978245719232 1.39665137178 -1.11465814461 -1.5328335187 0.334136298184
 2.6 0.260556440625 -0.97774377503 1.39226958917 -1.09486220279 -1.53168374364 0.339444676757
 2.65 0.267758615888 -0.977240609153 1.38795576268 -1.07521680525 -1.53056581623 0.344706253278
 2.7 0.274977528561 -0.976736270897 1.38370872431 -1.05572123713 -1.52947985246 0.349928767455
 2.75 0.282211066142 -0.976230830758 1.37952735354 -1.03637475052 -1.52842595968 0.355106345435
 2.8 0.289457245867 -0.975724354787 1.37541054038 -1.01717662083 -1.52740415679 0.360244592193
 2.85 0.296714104969 -0.975216925276 1.37135721327 -0.9981260971 -1.52641444642 0.365339422839
 2.9 0.303979786406 -0.974708623221 1.3673663138 -0.979222445336 -1.52545675987 0.370394916755
 2.95 0.311252463542 -0.974199542286 1.36343681522 -0.960464910332 -1.52453100809 0.375408263753
 3.0 0.318530397633 -0.973689776824 1.35956770518 -0.941852748626 -1.52363704409 0.380382453935
 3.05 0.325811886123 -0.973179431254 1.35575799797 -0.923385199479 -1.52277469888 0.385315583931
 3.1 0.333095300868 -0.972668611885 1.35200672269 -0.905061509727 -1.52194375622 0.390209866687
 3.15 0.340379052589 -0.972157433164 1.34831293129 -0.886880911899 -1.52114397787 0.395064042856
 3.2 0.347661616026 -0.971646012103 1.34467569049 -0.86884264283 -1.52037508689 0.399879771221
 3.25 0.354941505426 -0.971134472396 1.34109408703 -0.850945927294 -1.51963678545 0.404656248976
 3.3 0.362217290863 -0.970622940618 1.33756722212 -0.83318999186 -1.51892874396 0.409394739882
 3.35 0.369487581258 -0.970111548912 1.33409421481 -0.815574052733 -1.51825061372 0.414094764094
 3.4 0.376751034759 -0.969600432378 1.33067419822 -0.79809732603 -1.51760202002 0.418757303772
 3.45 0.3840063469 -0.969089730799 1.32730632169 -0.780759018808 -1.51698257112 0.423382106983
 3.5 0.391252257019 -0.968579586841 1.32398974817 -0.763558336654 -1.51639185408 0.42796995504
 3.55 0.398487539917 -0.96807014713 1.32072365558 -0.746494477122 -1.51582944122 0.43252075636
 3.6 0.405711009656 -0.967561560998 1.31750723504 -0.729566635324 -1.51529488769 0.437035148837
 3.65 0.412921513606 -0.967053981127 1.31433969166 -0.712773999166 -1.51478773619 0.441513153275
 3.7 0.420117934538 -0.966547562666 1.31122024334 -0.696115753472 -1.51430751571 0.445955304935
 3.75 0.427299186301 -0.966042463583 1.30814812125 -0.67959107656 -1.51385374499 0.450361702994
 3.8 0.434464214811 -0.965538844026 1.30512256897 -0.663199143284 -1.51342593203 0.454732809016
 3.85 0.441611994862 -0.965036866491 1.30214284277 -0.646939122608 -1.51302357668 0.459068776443
 3.9 0.448741530417 -0.96453669534 1.29920821099 -0.630810179865 -1.51264617058 0.463370013653
 3.95 0.4558518522 -0.964038496848 1.29631795418 -0.614811475065 -1.51229319918 0.467636711283
 4.0 0.462942017565 -0.963542438826 1.29347136468 -0.598942164583 -1.51196414195 0.47186923903
 4.05 0.470011108636 -0.963048690588 1.2906677466 -0.583201400013 -1.5116584739 0.476067812647
 4.1 0.477058231937 -0.962557422647 1.28790641559 -0.567588329447 -1.51137566601 0.480232773405
 4.15 0.48408251692 -0.962068806624 1.28518669873 -0.552102096726 -1.5111151864 0.484364353621
 4.2 0.491083115461 -0.961583014994 1.2825079343 -0.53674184243 -1.51087650083 0.488462873376
 4.25 0.498059200683 -0.961100220965 1.27986947175 -0.521506703416 -1.51065907363 0.492528575495
 4.3 0.505009966397 -0.960620598247 1.27727067146 -0.506395813605 -1.51046236822 0.496561763964
 4.35 0.511934626129 -0.960144320912 1.27471090464 -0.49140830373 -1.51028584792 0.500562687834
 4.4 0.518832412563 -0.959671563189 1.27218955317 -0.476543301977 -1.51012897635 0.504531638567
 4.45 0.525702576726 -0.959202499308 1.26970600945 -0.461799933888 -1.50999121818 0.508468868405
 4.5 0.532544387451 -0.958737303306 1.26725967628 -0.447177322901 -1.50987203953 0.512374658795
 4.55 0.539357130697 -0.958276148866 1.26484996666 -0.432674590359 -1.5097709085 0.516249263009
 4.6 0.546140109038 -0.957819209135 1.26247630369 -0.418290855983 -1.50968729564 0.520092954231
 4.65 0.552892641093 -0.957366656561 1.26013812036 -0.404025237956 -1.50962067438 0.52390598523
 4.7 0.559614061061 -0.956918662712 1.25783485943 -0.389876853345 -1.5095705214 0.527688622141
 4.75 0.56630371823 -0.956475398118 1.25556597325 -0.375844818249 -1.50953631703 0.531441116137
 4.8 0.572960976566 -0.9560370321 1.25333092357 -0.361928248174 -1.5095175456 0.535163727152
 4.85 0.579585214292 -0.955603732606 1.25112918141 -0.348126258223 -1.50951369576 0.538856703977
 4.9 0.58617582352 -0.95517566605 1.24896022684 -0.334437963444 -1.50952426077 0.542520300924
 4.95 0.592732209901 -0.954752997153 1.24682354882 -0.32086247905 -1.50954873879 0.546154763848
 5.0 0.599253792296 -0.954335888787 1.24471864504 -0.307398920741 -1.50958663317 0.54976034184
 5.05 0.605740002476 -0.95392450182 1.24264502168 -0.29404640494 -1.50963745263 0.553337277411
 5.1 0.612190284848 -0.953518994966 1.24060219325 -0.280804049098 -1.50970071154 0.556885814708
 5.15 0.618604096189 -0.953119524638 1.23858968242 -0.267670971943 -1.50977593012 0.560406192615
 5.2 0.624980905413 -0.952726244805 1.23660701977 -0.254646293768 -1.50986263458 0.56389865052
 5.25 0.631320193355 -0.95233930685 1.23465374364 -0.241729136677 -1.50996035739 0.567363423477
 5.3 0.637621452561 -0.951958859435 1.23272939993 -0.228918624869 -1.51006863737 0.570800746248
 5.35 0.643884187111 -0.951585048368 1.23083354186 -0.216213884876 -1.51018701985 0.574210849911
 5.4 0.650107912448 -0.951218016476 1.22896572981 -0.203614045834 -1.51031505683 0.577593964699
 5.45 0.65629215522 -0.950857903479 1.2271255311 -0.191118239723 -1.51045230711 0.580950317618
 5.5 0.662436453142 -0.950504845872 1.22531251982 -0.178725601614 -1.51059833637 0.584280134441
 5.55 0.668540354866 -0.950158976807 1.22352627659 -0.166435269908 -1.51075271731 0.587583638039
 5.6 0.674603419866 -0.949820425987 1.22176638837 -0.15424638657 -1.51091502971 0.590861049786
 5.65 0.68062521833 -0.949489319558 1.22003244828 -0.142158097355 -1.51108486055 0.594112588382
 5.7 0.686605331064 -0.949165780007 1.21832405542 -0.13016955203 -1.51126180404 0.597338470848
 5.75 0.692543349406 -0.948849926069 1.21664081461 -0.118279904586 -1.51144546175 0.600538911704
 5.8 0.698438875151 -0.948541872632 1.21498233627 -0.106488313449 -1.51163544258 0.603714123668
 5.85 0.704291520475 -0.948241730658 1.2133482362 -0.094793941677 -1.5118313629 0.606864317083
 5.9 0.710100907876 -0.947949607094 1.2117381354 -0.0831959571563 -1.51203284652 0.609989700409
 5.95 0.715866670115 -0.947665604805 1.21015165988 -0.0716935327848 -1.51223952477 0.613090479834
 6.0 0.72158845017 -0.947389822497 1.2085884405 -0.060285846652 -1.51245103651 0.616166859616
 6.05 0.727265901184 -0.947122354656 1.20704811277 -0.0489720822091 -1.51266702814 0.619219041814
 6.1 0.732898686429 -0.94686329149 1.20553031673 -0.0377514284323 -1.51288715364 0.622247226539
 6.15 0.73848647927 -0.946612718869 1.20403469671 -0.0266230799775 -1.51311107456 0.625251611768
 6.2 0.744028963129 -0.94637071828 1.20256090124 -0.0155862373283 -1.51333846002 0.628232393523
 6.25 0.749525831462 -0.946137366786 1.20110858286 -0.00464010693473 -1.51356898672 0.631189765749
 6.3 0.754976787724 -0.94591273698 1.19967739799 0.00621609865508 -1.51380233893 0.634123920445
 6.35 0.760381545353 -0.94569689696 1.19826700675 0.0169831606716 -1.51403820845 0.637035047582
 6.4 0.765739827745 -0.945489910293 1.19687707288 0.0276618540084 -1.51427629466 0.639923335207
 6.45 0.771051368234 -0.945291835999 1.19550726353 0.0382529471148 -1.51451630439 0.642788969384
 6.5 0.776315910073 -0.94510272853 1.19415724922 0.0487572018962 -1.51475795199 0.645632134277
 6.55 0.781533206419 -0.944922637755 1.19282670364 0.0591753736228 -1.51500095925 0.64845301212
 6.6 0.786703020312 -0.944751608956 1.19151530358 0.0695082108452 -1.51524505538 0.651251783272
 6.65 0.791825124662 -0.944589682823 1.19022272881 0.079756455319 -1.51548997694 0.654028626209
 6.7 0.796899302229 -0.944436895455 1.18894866198 0.0899208419358 -1.51573546783 0.65678371757
 6.75 0.801925345613 -0.944293278368 1.18769278851 0.100002098663 -1.51598127925 0.659517232155
 6.8 0.806903057229 -0.944158858502 1.18645479651 0.110000946488 -1.5162271696 0.662229342965
 6.85 0.811832249298 -0.944033658242 1.18523437669 0.119918099377 -1.51647290446 0.664920221207
 6.9 0.816712743823 -0.943917695432 1.18403122229 0.129754264231 -1.51671825653 0.667590036335
 6.95 0.821544372575 -0.943810983402 1.18284502898 0.139510140856 -1.51696300556 0.67023895605
 7.0 0.826326977068 -0.943713530996 1.18167549484 0.14918642194 -1.5172069383 0.672867146344
 7.05 0.831060408545 -0.943625342602 1.18052232025 0.158783793028 -1.5174498484 0.675474771506
 7.1 0.835744527949 -0.943546418188 1.17938520784 0.168302932521 -1.51769153639 0.678061994154
 7.15 0.840379205902 -0.943476753345 1.17826386249 0.177744511659 -1.51793180957 0.680628975254
 7.2 0.844964322682 -0.943416339326 1.17715799123 0.187109194531 -1.51817048193 0.683175874144
 7.25 0.849499768192 -0.943365163092 1.17606730321 0.196397638076 -1.51840737412 0.685702848558
 7.3 0.853985441932 -0.943323207368 1.17499150969 0.205610492101 -1.51864231331 0.688210054647
 7.35 0.858421252971 -0.943290450689 1.173930324 0.214748399293 -1.51887513317 0.690697647003
 7.4 0.862807119911 -0.943266867461 1.1728834615 0.223811995249 -1.51910567373 0.693165778683
 7.45 0.867142970853 -0.94325242802 1.17185063958 0.2328019085 -1.51933378134 0.695614601229
 7.5 0.871428743362 -0.943247098689 1.17083157765 0.241718760549 -1.51955930856 0.698044264694
 7.55 0.875664384425 -0.94325084185 1.16982599712 0.250563165907 -1.51978211406 0.700454917662
 7.6 0.879849850411 -0.943263616007 1.16883362139 0.25933573214 -1.52000206258 0.702846707275
 7.65 0.88398510703 -0.943285375855 1.16785417585 0.26803705991 -1.52021902479 0.70521977925
 7.7 0.888070129281 -0.943316072354 1.1668873879 0.276667743038 -1.52043287722 0.707574277903
 7.75 0.892104901412 -0.943355652803 1.16593298696 0.285228368549 -1.52064350215 0.709910346175
 7.8 0.896089416861 -0.943404060915 1.16499070443 0.293719516739 -1.52085078754 0.712228125647
 7.85 0.900023678209 -0.943461236896 1.16406027378 0.302141761235 -1.52105462691 0.714527756569
 7.9 0.903907697124 -0.943527117522 1.1631414305 0.310495669066 -1.52125491929 0.716809377874
 7.95 0.907741494301 -0.943601636224 1.16223391219 0.318781800728 -1.52145156904 0.719073127208
 8.0 0.911525099403 -0.943684723169 1.1613374585 0.327000710258 -1.52164448584 0.721319140941
 8.05 0.915258551 -0.943776305343 1.16045181123 0.335152945313 -1.52183358454 0.723547554195
 8.1 0.918941896503 -0.94387630664 1.15957671432 0.343239047247 -1.52201878506 0.725758500863
 8.15 0.922575192097 -0.943984647943 1.1587119139 0.351259551188 -1.52220001234 0.727952113626
 8.2 0.926158502672 -0.944101247217 1.15785715831 0.359214986125 -1.52237719617 0.730128523977
 8.25 0.929691901747 -0.944226019593 1.15701219815 0.367105874992 -1.52255027115 0.732287862237
 8.3 0.933175471405 -0.94435887746 1.15617678631 0.374932734752 -1.52271917655 0.734430257575
 8.35 0.936609302207 -0.944499730552 1.15535067799 0.38269607649 -1.52288385623 0.736555838029
 8.4 0.939993493118 -0.944648486043 1.1545336308 0.390396405497 -1.52304425855 0.738664730523
 8.45 0.943328151426 -0.944805048632 1.15372540471 0.398034221366 -1.52320033624 0.740757060883
 8.5 0.946613392655 -0.944969320637 1.1529257622 0.405610018079 -1.52335204631 0.742832953858
 8.55 0.949849340485 -0.945141202088 1.15213446822 0.413124284105 -1.52349934995 0.744892533137
 8.6 0.953036126659 -0.945320590816 1.15135129027 0.420577502489 -1.52364221246 0.746935921365
 8.65 0.9561738909 -0.945507382542 1.15057599843 0.427970150948 -1.52378060311 0.748963240159
 8.7 0.959262780809 -0.945701470975 1.14980836545 0.435302701968 -1.52391449504 0.750974610129
 8.75 0.96230295178 -0.945902747899 1.14904816672 0.442575622895 -1.52404386519 0.752970150888
 8.8 0.965294566903 -0.946111103262 1.1482951804 0.449789376034 -1.52416869419 0.754949981071
 8.85 0.968237796859 -0.946326425274 1.1475491874 0.45694441874 -1.52428896625 0.756914218352
 8.9 0.971132819829 -0.946548600489 1.14680997145 0.464041203516 -1.52440466907 0.758862979454
 8.95 0.973979821386 -0.946777513901 1.14607731918 0.471080178107 -1.52451579375 0.760796380169
 9.0 0.976778994397 -0.947013049029 1.14535102009 0.478061785597 -1.52462233469 0.762714535371
 9.05 0.97953053891 -0.94725508801 1.14463086666 0.484986464497 -1.52472428947 0.764617559027
 9.1 0.982234662056 -0.947503511683 1.14391665439 0.491854648844 -1.52482165881 0.766505564214
 9.15 0.984891577933 -0.947758199678 1.14320818179 0.498666768293 -1.52491444639 0.768378663131
 9.2 0.987501507499 -0.948019030504 1.14250525048 0.505423248205 -1.52500265887 0.770236967113
 9.25 0.990064678459 -0.948285881633 1.14180766521 0.512124509744 -1.52508630568 0.772080586642
 9.3 0.992581325152 -0.948558629582 1.14111523389 0.518770969963 -1.52516539902 0.773909631362
 9.35 0.995051688437 -0.948837150003 1.14042776764 0.525363041895 -1.5252399537 0.775724210089
 9.4 0.997476015574 -0.949121317759 1.13974508084 0.531901134641 -1.52530998711 0.777524430821
 9.45 0.99985456011 -0.949411007011 1.13906699114 0.538385653454 -1.52537551908 0.779310400755
 9.5 1.00218758176 -0.949706091294 1.1383933195 0.544816999831 -1.52543657183 0.781082226292
 9.55 1.00447534627 -0.9500064436 1.13772389025 0.55119557159 -1.52549316984 0.782840013053
 9.6 1.00671812533 -0.950311936451 1.13705853108 0.557521762957 -1.52554533983 0.784583865885
 9.65 1.00891619643 -0.950622441982 1.1363970731 0.563795964647 -1.5255931106 0.786313888875
 9.7 1.01106984273 -0.950937832012 1.13573935087 0.570018563945 -1.52563651299 0.788030185357
 9.75 1.01317935294 -0.951257978119 1.13508520239 0.576189944781 -1.52567557981 0.789732857923
 9.8 1.01524502121 -0.951582751713 1.13443446917 0.582310487808 -1.52571034571 0.791422008435
 9.85 1.01726714698 -0.951912024108 1.13378699621 0.588380570482 -1.52574084713 0.793097738027
 9.9 1.01924603488 -0.952245666591 1.13314263206 0.594400567128 -1.52576712224 0.794760147122
 9.95 1.02118199459 -0.95258355049 1.1325012288 0.600370849018 -1.52578921081 0.796409335436
 10.0 1.02307534067 -0.952925547244 1.13186264209 0.606291784438 -1.52580715418 0.798045401986
 10.05 1.02492639253 -0.953271528462 1.13122673114 0.612163738756 -1.52582099516 0.799668445101
 10.1 1.02673547418 -0.953621365995 1.13059335879 0.617987074493 -1.52583077797 0.801278562427
 10.15 1.02850291421 -0.953974931993 1.12996239144 0.623762151383 -1.52583654815 0.802875850937
 10.2 1.03022904557 -0.954332098967 1.12933369911 0.62948932644 -1.52583835253 0.804460406937
 10.25 1.0319142055 -0.954692739849 1.12870715543 0.635168954016 -1.52583623907 0.806032326072
 10.3 1.03355873538 -0.955056728051 1.12808263764 0.640801385864 -1.52583025692 0.807591703338
 10.35 1.03516298058 -0.955423937518 1.1274600266 0.646386971193 -1.52582045622 0.80913863308
 10.4 1.03672729035 -0.955794242786 1.12683920676 0.651926056728 -1.52580688814 0.810673209009
 10.45 1.03825201768 -0.956167519032 1.1262200662 0.65741898676 -1.52578960476 0.8121955242
 10.5 1.03973751918 -0.956543642127 1.12560249659 0.662866103201 -1.52576865901 0.813705671101
 10.55 1.04118415492 -0.956922488686 1.1249863932 0.668267745634 -1.52574410463 0.815203741542
 10.6 1.04259228834 -0.957303936118 1.12437165488 0.673624251363 -1.52571599609 0.816689826734
 10.65 1.04396228607 -0.957687862666 1.12375818403 0.678935955458 -1.52568438853 0.818164017283
 10.7 1.04529451784 -0.958074147462 1.12314588665 0.684203190805 -1.52564933772 0.819626403187
 10.75 1.04658935633 -0.958462670561 1.12253467222 0.689426288146 -1.52561090001 0.821077073848
 10.8 1.04784717704 -0.95885331299 1.1219244538 0.694605576121 -1.52556913222 0.822516118075
 10.85 1.04906835814 -0.959245956782 1.1213151479 0.699741381312 -1.52552409166 0.823943624085
 10.9 1.0502532804 -0.959640485023 1.12070667452 0.704834028279 -1.52547583603 0.825359679514
 10.95 1.051402327 -0.96003678188 1.12009895714 0.709883839598 -1.52542442338 0.82676437142
 11.0 1.05251588341 -0.960434732642 1.11949192261 0.714891135897 -1.52536991208 0.828157786283
 11.05 1.05359433728 -0.960834223756 1.11888550122 0.719856235889 -1.52531236073 0.829540010016
 11.1 1.05463807833 -0.961235142852 1.11827962661 0.724779456407 -1.52525182817 0.830911127963
 11.15 1.05564749816 -0.961637378782 1.11767423574 0.729661112434 -1.52518837338 0.832271224911
 11.2 1.05662299018 -0.962040821645 1.11706926889 0.73450151713 -1.52512205548 0.833620385084
 11.25 1.05756494948 -0.962445362818 1.11646466958 0.739300981863 -1.52505293366 0.834958692157
 11.3 1.05847377266 -0.96285089498 1.11586038459 0.744059816238 -1.52498106714 0.836286229251
 11.35 1.05934985776 -0.963257312137 1.11525636384 0.748778328114 -1.52490651517 0.837603078944
 11.4 1.06019360411 -0.963664509649 1.11465256044 0.753456823639 -1.52482933691 0.83890932327
 11.45 1.06100541221 -0.96407238425 1.11404893058 0.758095607263 -1.5247495915 0.840205043723
 11.5 1.0617856836 -0.96448083407 1.11344543351 0.762694981765 -1.52466733793 0.841490321264
 11.55 1.06253482077 -0.964889758652 1.1128420315 0.767255248274 -1.52458263505 0.84276523632
 11.6 1.06325322701 -0.965299058974 1.1122386898 0.771776706281 -1.52449554154 0.844029868787
 11.65 1.06394130631 -0.965708637463 1.11163537657 0.776259653664 -1.52440611587 0.845284298039
 11.7 1.06459946324 -0.966118398014 1.11103206285 0.780704386703 -1.52431441627 0.846528602923
 11.75 1.06522810283 -0.966528246001 1.1104287225 0.785111200093 -1.52422050068 0.847762861771
 11.8 1.06582763045 -0.96693808829 1.10982533217 0.78948038696 -1.52412442676 0.848987152393
 11.85 1.06639845172 -0.967347833254 1.1092218712 0.793812238875 -1.52402625185 0.850201552089
 11.9 1.06694097238 -0.967757390782 1.10861832164 0.798107045866 -1.52392603292 0.851406137645
 11.95 1.06745559819 -0.968166672287 1.10801466813 0.802365096429 -1.52382382658 0.85260098534
 12.0 1.06794273481 -0.968575590718 1.10741089788 0.806586677538 -1.52371968903 0.853786170947
 12.05 1.0684027877 -0.968984060562 1.10680700061 0.810772074658 -1.52361367607 0.854961769736
 12.1 1.06883616202 -0.969391997857 1.10620296849 0.81492157175 -1.52350584304 0.856127856476
 12.15 1.06924326251 -0.969799320189 1.10559879608 0.819035451279 -1.52339624482 0.857284505437
 12.2 1.06962449341 -0.970205946703 1.10499448029 0.823113994224 -1.52328493581 0.858431790397
 12.25 1.06998025834 -0.970611798104 1.1043900203 0.827157480085 -1.52317196992 0.859569784636
 12.3 1.0703109602 -0.971016796654 1.10378541752 0.831166186882 -1.52305740053 0.860698560948
 12.35 1.07061700109 -0.971420866181 1.10318067553 0.83514039117 -1.5229412805 0.861818191635
 12.4 1.0708987822 -0.971823932073 1.10257580001 0.839080368034 -1.52282366215 0.862928748515
 12.45 1.07115670372 -0.972225921282 1.10197079869 0.842986391101 -1.52270459722 0.864030302923
 12.5 1.07139116474 -0.972626762316 1.1013656813 0.846858732536 -1.52258413689 0.86512292571
 12.55 1.07160256317 -0.973026385243 1.10076045947 0.850697663049 -1.52246233175 0.866206687251
 12.6 1.07179129565 -0.973424721683 1.10015514674 0.854503451898 -1.5223392318 0.86728165744
 12.65 1.07195775743 -0.973821704807 1.09954975843 0.858276366886 -1.52221488643 0.868347905701
 12.7 1.07210234234 -0.974217269328 1.09894431164 0.862016674367 -1.5220893444 0.869405500982
 12.75 1.07222544267 -0.974611351499 1.09833882513 0.865724639245 -1.52196265386 0.870454511762
 12.8 1.07232744909 -0.975003889106 1.09773331934 0.869400524971 -1.52183486232 0.87149500605
 12.85 1.07240875057 -0.975394821457 1.09712781624 0.873044593551 -1.52170601666 0.87252705139
 12.9 1.07246973431 -0.97578408938 1.09652233934 0.876657105537 -1.5215761631 0.873550714863
 12.95 1.07251078565 -0.97617163521 1.0959169136 0.880238320031 -1.52144534721 0.874566063085
 13.0 1.07253228801 -0.976557402781 1.0953115654 0.883788494686 -1.52131361389 0.875573162215
 13.05 1.0725346228 -0.976941337418 1.09470632243 0.887307885698 -1.52118100741 0.876572077951
 13.1 1.07251816936 -0.977323385925 1.09410121369 0.890796747811 -1.52104757134 0.877562875536
 13.15 1.07248330487 -0.977703496573 1.09349626941 0.894255334313 -1.5209133486 0.878545619761
 13.2 1.07243040433 -0.978081619091 1.09289152096 0.897683897032 -1.52077838143 0.879520374962
 13.25 1.07235984043 -0.978457704654 1.09228700086 0.901082686338 -1.5206427114 0.880487205026
 13.3 1.07227198352 -0.978831705868 1.09168274268 0.904451951138 -1.5205063794 0.881446173393
 13.35 1.07216720155 -0.97920357676 1.09107878098 0.907791938875 -1.52036942564 0.882397343055
 13.4 1.07204586001 -0.979573272765 1.09047515129 0.911102895523 -1.52023188966 0.883340776562
 13.45 1.07190832184 -0.979940750709 1.08987189002 0.91438506559 -1.52009381034 0.884276536021
 13.5 1.07175494741 -0.980305968799 1.08926903445 0.917638692108 -1.51995522584 0.885204683098
 13.55 1.07158609445 -0.980668886605 1.08866662263 0.920864016638 -1.51981617368 0.886125279021
 13.6 1.07140211797 -0.981029465049 1.08806469335 0.92406127926 -1.51967669071 0.887038384583
 13.65 1.07120337027 -0.981387666386 1.0874632861 0.927230718577 -1.51953681308 0.887944060141
 13.7 1.07099020082 -0.981743454192 1.086862441 0.930372571707 -1.5193965763 0.888842365621
 13.75 1.07076295626 -0.982096793347 1.08626219877 0.933487074284 -1.51925601518 0.889733360518
 13.8 1.07052198033 -0.982447650019 1.08566260067 0.936574460452 -1.51911516391 0.890617103898
 13.85 1.07026761382 -0.982795991649 1.08506368844 0.939634962867 -1.51897405598 0.891493654402
 13.9 1.07000019457 -0.983141786932 1.08446550429 0.942668812689 -1.51883272424 0.892363070245
 13.95 1.06972005737 -0.983485005805 1.08386809082 0.945676239583 -1.51869120088 0.893225409219
 14.0 1.06942753393 -0.983825619425 1.08327149099 0.948657471717 -1.51854951747 0.894080728696
 14.05 1.06912295289 -0.984163600156 1.08267574806 0.951612735758 -1.51840770489 0.894929085631
 14.1 1.06880663973 -0.984498921552 1.08208090559 0.954542256869 -1.51826579341 0.89577053656
 14.15 1.06847891675 -0.984831558337 1.08148700733 0.95744625871 -1.51812381267 0.896605137604
 14.2 1.06814010307 -0.98516148639 1.08089409726 0.960324963434 -1.51798179167 0.897432944473
 14.25 1.06779051454 -0.985488682727 1.08030221946 0.963178591685 -1.51783975878 0.898254012465
 14.3 1.06743046374 -0.985813125484 1.07971141815 0.966007362596 -1.51769774176 0.899068396468
 14.35 1.06706025997 -0.9861347939 1.07912173762 0.96881149379 -1.51755576777 0.899876150966
 14.4 1.06668020918 -0.986453668298 1.07853322217 0.971591201377 -1.51741386334 0.900677330035
 14.45 1.06629061399 -0.986769730067 1.0779459161 0.974346699951 -1.51727205442 0.901471987349
 14.5 1.06589177362 -0.987082961647 1.0773598637 0.977078202592 -1.51713036636 0.902260176183
 14.55 1.06548398392 -0.987393346511 1.07677510915 0.979785920865 -1.51698882391 0.903041949409
 14.6 1.06506753729 -0.987700869143 1.07619169654 0.982470064815 -1.51684745127 0.903817359506
 14.65 1.06464272271 -0.988005515028 1.07560966981 0.985130842974 -1.51670627204 0.904586458556
 14.7 1.0642098257 -0.988307270625 1.07502907274 0.987768462354 -1.51656530925 0.905349298247
 14.75 1.0637691283 -0.98860612336 1.07444994891 0.990383128449 -1.5164245854 0.906105929878
 14.8 1.06332090906 -0.9889020616 1.07387234165 0.992975045237 -1.5162841224 0.906856404357
 14.85 1.06286544304 -0.989195074638 1.07329629406 0.995544415179 -1.51614394165 0.907600772207
 14.9 1.06240300177 -0.989485152679 1.07272184892 0.99809143922 -1.51600406397 0.908339083564
 14.95 1.06193385326 -0.989772286819 1.07214904873 1.00061631679 -1.51586450968 0.909071388182
 15.0 1.06145826199 -0.990056469027 1.07157793563 1.0031192458 -1.51572529857 0.909797735435
 15.05 1.06097648889 -0.990337692131 1.0710085514 1.00560042265 -1.51558644989 0.910518174316
 15.1 1.06048879134 -0.990615949801 1.07044093743 1.00806004223 -1.51544798241 0.911232753443
 15.15 1.05999542316 -0.990891236528 1.06987513472 1.01049829791 -1.51530991438 0.911941521057
 15.2 1.05949663462 -0.991163547612 1.06931118381 1.01291538158 -1.51517226355 0.912644525028
 15.25 1.0589926724 -0.991432879142 1.06874912481 1.01531148358 -1.51503504718 0.913341812853
 15.3 1.05848377965 -0.991699227982 1.06818899735 1.01768679279 -1.51489828207 0.914033431664
 15.35 1.05797019592 -0.991962591751 1.06763084057 1.02004149654 -1.51476198452 0.914719428223
 15.4 1.05745215722 -0.99222296881 1.0670746931 1.02237578072 -1.51462617038 0.915399848927
 15.45 1.05692989597 -0.992480358246 1.06652059305 1.02468982967 -1.51449085502 0.916074739813
 15.5 1.05640364105 -0.992734759854 1.06596857797 1.02698382626 -1.51435605337 0.916744146556
 15.55 1.05587361775 -0.99298617412 1.06541868486 1.02925795188 -1.51422177992 0.917408114472
 15.6 1.05534004784 -0.99323460221 1.06487095016 1.03151238642 -1.51408804871 0.918066688521
 15.65 1.05480314953 -0.993480045951 1.06432540971 1.03374730829 -1.51395487335 0.91871991331
 15.7 1.05426313746 -0.993722507815 1.06378209876 1.03596289442 -1.51382226702 0.91936783309
 15.75 1.05372022279 -0.993961990907 1.06324105193 1.03815932027 -1.5136902425 0.920010491766
 15.8 1.0531746131 -0.994198498948 1.06270230322 1.04033675984 -1.51355881214 0.920647932892
 15.85 1.0526265125 -0.994432036259 1.06216588602 1.04249538565 -1.51342798789 0.921280199677
 15.9 1.05207612155 -0.994662607749 1.06163183304 1.04463536876 -1.51329778132 0.921907334986
 15.95 1.05152363737 -0.994890218898 1.06110017637 1.04675687878 -1.51316820358 0.922529381341
 16.0 1.05096925355 -0.995114875746 1.0605709474 1.04886008387 -1.51303926545 0.923146380925
 16.05 1.05041316024 -0.995336584876 1.0600441769 1.05094515076 -1.51291097735 0.923758375584
 16.1 1.04985554414 -0.9955553534 1.0595198949 1.05301224471 -1.51278334929 0.924365406827
 16.15 1.0492965885 -0.995771188948 1.0589981308 1.05506152957 -1.51265639096 0.924967515828
 16.2 1.04873647314 -0.995984099651 1.05847891329 1.05709316776 -1.51253011165 0.925564743434
 16.25 1.0481753745 -0.99619409413 1.05796227035 1.05910732026 -1.51240452034 0.926157130156
 16.3 1.04761346561 -0.996401181483 1.05744822928 1.06110414666 -1.51227962563 0.926744716184
 16.35 1.04705091615 -0.996605371271 1.05693681668 1.06308380514 -1.5121554358 0.927327541378
 16.4 1.04648789243 -0.996806673505 1.05642805842 1.06504645245 -1.51203195879 0.927905645278
 16.45 1.04592455744 -0.997005098634 1.05592197969 1.06699224398 -1.51190920222 0.928479067099
 16.5 1.04536107086 -0.997200657533 1.05541860493 1.06892133371 -1.51178717339 0.929047845741
 16.55 1.04479758908 -0.99739336149 1.05491795791 1.07083387424 -1.51166587927 0.929612019785
 16.6 1.04423426521 -0.997583222196 1.05442006164 1.07273001681 -1.51154532653 0.930171627496
 16.65 1.04367124913 -0.99777025173 1.05392493846 1.07460991127 -1.51142552155 0.930726706828
 16.7 1.04310868748 -0.997954462549 1.05343260995 1.07647370614 -1.5113064704 0.931277295423
 16.75 1.04254672372 -0.998135867477 1.05294309701 1.07832154856 -1.51118817885 0.931823430615
 16.8 1.04198549811 -0.998314479694 1.0524564198 1.08015358434 -1.51107065241 0.93236514943
 16.85 1.04142514778 -0.998490312724 1.05197259778 1.08196995796 -1.51095389628 0.932902488591
 16.9 1.04086580672 -0.998663380424 1.05149164969 1.08377081256 -1.51083791541 0.933435484518
 16.95 1.04030760583 -0.998833696975 1.05101359357 1.08555628996 -1.51072271445 0.933964173329
 17.0 1.03975067291 -0.999001276869 1.05053844674 1.08732653067 -1.51060829783 0.934488590846
 17.05 1.03919513273 -0.999166134902 1.05006622582 1.08908167391 -1.51049466967 0.935008772592
 17.1 1.03864110704 -0.99932828616 1.04959694672 1.09082185757 -1.51038183388 0.935524753797
 17.15 1.03808871458 -0.999487746013 1.04913062468 1.0925472183 -1.5102697941 0.9360365694
 17.2 1.03753807114 -0.999644530102 1.04866727421 1.09425789143 -1.51015855372 0.936544254047
 17.25 1.03698928955 -0.999798654332 1.04820690914 1.09595401104 -1.5100481159 0.937047842097
 17.3 1.03644247973 -0.999950134861 1.04774954263 1.09763570994 -1.50993848357 0.937547367624
 17.35 1.03589774875 -1.00009898809 1.04729518714 1.09930311971 -1.50982965942 0.938042864415
 17.4 1.03535520077 -1.00024523066 1.04684385446 1.10095637065 -1.50972164592 0.938534365978
 17.45 1.03481493717 -1.00038887943 1.04639555571 1.10259559185 -1.50961444532 0.939021905539
 17.5 1.03427705651 -1.00052995148 1.04595030136 1.10422091117 -1.50950805967 0.939505516046
 17.55 1.0337416546 -1.00066846411 1.04550810118 1.10583245526 -1.50940249077 0.939985230171
 17.6 1.0332088245 -1.0008044348 1.04506896434 1.10743034955 -1.50929774025 0.940461080312
 17.65 1.03267865658 -1.00093788124 1.04463289931 1.10901471826 -1.50919380952 0.940933098596
 17.7 1.03215123852 -1.0010688213 1.04419991396 1.11058568446 -1.5090906998 0.941401316878
 17.75 1.03162665535 -1.00119727303 1.04377001551 1.11214337001 -1.50898841211 0.941865766746
 17.8 1.03110498952 -1.00132325463 1.04334321056 1.11368789559 -1.50888694729 0.942326479522
 17.85 1.03058632086 -1.00144678449 1.04291950507 1.11521938075 -1.50878630598 0.942783486262
 17.9 1.03007072666 -1.00156788113 1.04249890441 1.11673794387 -1.50868648864 0.943236817763
 17.95 1.02955828172 -1.00168656324 1.04208141333 1.11824370219 -1.50858749558 0.943686504559
 18.0 1.0290490583 -1.00180284962 1.04166703601 1.1197367718 -1.5084893269 0.944132576927
 18.05 1.02854312624 -1.00191675923 1.041255776 1.1212172677 -1.50839198255 0.944575064887
 18.1 1.02804055295 -1.00202831114 1.0408476363 1.12268530375 -1.50829546231 0.945013998205
 18.15 1.02754140344 -1.00213752455 1.04044261931 1.12414099271 -1.5081997658 0.945449406396
 18.2 1.02704574035 -1.00224441877 1.0400407269 1.12558444623 -1.50810489248 0.945881318722
 18.25 1.02655362402 -1.0023490132 1.03964196034 1.12701577492 -1.50801084165 0.946309764197
 18.3 1.02606511247 -1.00245132736 1.03924632037 1.12843508825 -1.50791761247 0.94673477159
 18.35 1.02558026145 -1.00255138086 1.03885380721 1.12984249467 -1.50782520394 0.947156369424
 18.4 1.02509912451 -1.00264919339 1.0384644205 1.13123810155 -1.50773361494 0.947574585979
 18.45 1.02462175295 -1.00274478474 1.03807815939 1.13262201521 -1.50764284417 0.947989449293
 18.5 1.02414819595 -1.00283817475 1.03769502251 1.13399434095 -1.50755289023 0.948400987168
 18.55 1.02367850053 -1.00292938335 1.03731500797 1.13535518301 -1.50746375156 0.948809227166
 18.6 1.0232127116 -1.00301843053 1.0369381134 1.13670464464 -1.50737542649 0.949214196615
 18.65 1.022750872 -1.00310533634 1.03656433591 1.13804282805 -1.50728791321 0.949615922608
 18.7 1.02229302256 -1.00319012088 1.03619367216 1.13936983447 -1.50720120979 0.95001443201
 18.75 1.02183920206 -1.0032728043 1.03582611831 1.14068576413 -1.50711531417 0.950409751451
 18.8 1.02138944732 -1.00335340681 1.03546167008 1.14199071627 -1.50703022419 0.950801907337
 18.85 1.02094379322 -1.00343194864 1.03510032271 1.14328478916 -1.50694593756 0.951190925847
 18.9 1.02050227274 -1.00350845006 1.03474207101 1.14456808011 -1.50686245188 0.951576832935
 18.95 1.02006491694 -1.00358293137 1.03438690935 1.14584068547 -1.50677976465 0.951959654333
 19.0 1.01963175507 -1.00365541291 1.03403483166 1.14710270063 -1.50669787326 0.952339415551
 19.05 1.01920281454 -1.00372591501 1.03368583147 1.14835422006 -1.50661677498 0.952716141883
 19.1 1.01877812099 -1.00379445805 1.03333990186 1.14959533731 -1.50653646701 0.953089858403
 19.15 1.01835769828 -1.00386106239 1.03299703555 1.15082614498 -1.50645694643 0.953460589971
 19.2 1.01794156857 -1.00392574843 1.03265722482 1.15204673478 -1.50637821024 0.953828361234
 19.25 1.01752975232 -1.00398853655 1.03232046161 1.15325719751 -1.50630025532 0.954193196625
 19.3 1.01712226832 -1.00404944714 1.03198673745 1.15445762309 -1.5062230785 0.954555120368
 19.35 1.01671913374 -1.00410850059 1.03165604351 1.15564810054 -1.50614667649 0.954914156481
 19.4 1.01632036415 -1.00416571726 1.03132837059 1.15682871801 -1.50607104594 0.955270328772
 19.45 1.01592597352 -1.00422111752 1.03100370915 1.15799956279 -1.50599618339 0.955623660845
 19.5 1.01553597432 -1.00427472173 1.0306820493 1.1591607213 -1.50592208534 0.955974176101
 19.55 1.01515037749 -1.0043265502 1.03036338081 1.16031227912 -1.50584874818 0.956321897741
 19.6 1.01476919248 -1.00437662326 1.03004769313 1.161454321 -1.50577616823 0.956666848763
 19.65 1.01439242731 -1.00442496117 1.02973497539 1.16258693083 -1.50570434175 0.957009051971
 19.7 1.01402008857 -1.0044715842 1.02942521639 1.16371019169 -1.50563326493 0.957348529968
 19.75 1.01365218145 -1.00451651257 1.02911840464 1.16482418585 -1.50556293388 0.957685305166
 19.8 1.01328870978 -1.00455976645 1.02881452837 1.16592899478 -1.50549334466 0.95801939978
 19.85 1.01292967607 -1.00460136599 1.02851357549 1.16702469912 -1.50542449325 0.958350835839
 19.9 1.01257508149 -1.00464133131 1.02821553366 1.16811137875 -1.50535637558 0.958679635175
 19.95 1.01222492598 -1.00467968245 1.02792039023 1.16918911276 -1.50528898753 0.959005819439
 20.0 1.01187920818 -1.00471643943 1.02762813234 1.17025797946 -1.50522232491 0.959329410089
 20.05 1.01153792554 -1.00475162221 1.02733874681 1.1713180564 -1.50515638348 0.959650428402
 20.1 1.01120107431 -1.00478525071 1.02705222027 1.17236942037 -1.50509115894 0.95996889547
 20.15 1.01086864957 -1.00481734477 1.02676853906 1.1734121474 -1.50502664696 0.960284832203
 20.2 1.01054064526 -1.00484792419 1.02648768931 1.17444631279 -1.50496284314 0.960598259332
 20.25 1.0102170542 -1.0048770087 1.02620965692 1.17547199111 -1.50489974305 0.960909197406
 20.3 1.00989786815 -1.00490461798 1.02593442757 1.17648925618 -1.5048373422 0.961217666801
 20.35 1.00958307779 -1.00493077162 1.02566198671 1.17749818113 -1.50477563608 0.961523687713
 20.4 1.00927267275 -1.00495548918 1.02539231961 1.17849883836 -1.50471462013 0.961827280168
 20.45 1.00896664169 -1.0049787901 1.02512541133 1.17949129957 -1.50465428973 0.962128464016
 20.5 1.00866497226 -1.0050006938 1.02486124673 1.18047563575 -1.50459464025 0.962427258937
 20.55 1.00836765116 -1.00502121958 1.02459981048 1.18145191723 -1.50453566702 0.962723684442
 20.6 1.00807466417 -1.00504038669 1.0243410871 1.18242021363 -1.50447736534 0.963017759872
 20.65 1.00778599614 -1.0050582143 1.0240850609 1.18338059392 -1.50441973045 0.963309504404
 20.7 1.00750163106 -1.00507472148 1.02383171606 1.18433312637 -1.50436275761 0.963598937046
 20.75 1.00722155204 -1.00508992723 1.02358103656 1.18527787862 -1.50430644201 0.963886076647
 20.8 1.00694574139 -1.00510385048 1.02333300627 1.18621491765 -1.50425077883 0.964170941888
 20.85 1.00667418057 -1.00511651004 1.02308760888 1.18714430977 -1.50419576322 0.964453551294
 20.9 1.00640685027 -1.00512792465 1.02284482795 1.18806612069 -1.50414139032 0.964733923228
 20.95 1.00614373042 -1.00513811298 1.02260464691 1.18898041545 -1.50408765523 0.965012075896
 21.0 1.0058848002 -1.00514709357 1.02236704906 1.18988725848 -1.50403455304 0.965288027345
 21.05 1.00563003808 -1.00515488488 1.02213201756 1.1907867136 -1.50398207882 0.965561795469
 21.1 1.00537942183 -1.00516150529 1.02189953547 1.191678844 -1.50393022764 0.965833398007
 21.15 1.00513292854 -1.00516697306 1.02166958573 1.19256371228 -1.50387899451 0.966102852547
 21.2 1.00489053466 -1.00517130638 1.02144215119 1.19344138041 -1.50382837447 0.966370176523
 21.25 1.00465221599 -1.00517452331 1.02121721457 1.19431190982 -1.50377836253 0.966635387222
 21.3 1.00441794773 -1.00517664182 1.02099475851 1.19517536129 -1.50372895368 0.96689850178
 21.35 1.00418770449 -1.00517767979 1.02077476557 1.19603179507 -1.50368014292 0.967159537187
 21.4 1.00396146032 -1.00517765497 1.02055721821 1.19688127081 -1.50363192523 0.967418510288
 21.45 1.0037391887 -1.00517658504 1.02034209881 1.1977238476 -1.50358429557 0.967675437781
 21.5 1.0035208626 -1.00517448755 1.02012938968 1.19855958397 -1.50353724892 0.967930336224
 21.55 1.00330645447 -1.00517137993 1.01991907306 1.19938853788 -1.50349078024 0.968183222029
 21.6 1.00309593627 -1.00516727953 1.01971113112 1.20021076676 -1.50344488448 0.968434111471
 21.65 1.00288927951 -1.00516220357 1.01950554598 1.20102632748 -1.50339955661 0.968683020683
 21.7 1.00268645521 -1.00515616918 1.01930229969 1.20183527637 -1.50335479156 0.968929965661
 21.75 1.00248743399 -1.00514919334 1.01910137426 1.20263766925 -1.50331058431 0.969174962263
 21.8 1.00229218604 -1.00514129296 1.01890275164 1.20343356139 -1.5032669298 0.969418026214
 21.85 1.00210068115 -1.00513248481 1.01870641376 1.20422300754 -1.50322382298 0.969659173101
 21.9 1.00191288874 -1.00512278554 1.01851234248 1.20500606196 -1.50318125883 0.969898418379
 21.95 1.00172877786 -1.00511221171 1.01832051966 1.20578277836 -1.5031392323 0.970135777372
 22.0 1.00154831721 -1.00510077974 1.01813092711 1.20655320997 -1.50309773836 0.970371265272
 22.05 1.00137147519 -1.00508850594 1.01794354662 1.20731740953 -1.50305677199 0.970604897141
 22.1 1.00119821985 -1.00507540649 1.01775835994 1.20807542926 -1.50301632817 0.970836687914
 22.15 1.00102851896 -1.00506149748 1.01757534884 1.20882732091 -1.50297640189 0.971066652397
 22.2 1.00086234002 -1.00504679484 1.01739449504 1.20957313573 -1.50293698815 0.97129480527
 22.25 1.00069965025 -1.00503131442 1.01721578028 1.21031292452 -1.50289808196 0.97152116109
 22.3 1.00054041663 -1.00501507191 1.01703918626 1.21104673758 -1.50285967834 0.971745734286
 22.35 1.00038460591 -1.0049980829 1.0168646947 1.21177462475 -1.50282177231 0.97196853917
 22.4 1.0002321846 -1.00498036285 1.01669228733 1.21249663541 -1.50278435894 0.972189589926
 22.45 1.00008311904 -1.00496192711 1.01652194585 1.21321281848 -1.50274743326 0.972408900621
 22.5 0.99993737536 -1.00494279088 1.01635365199 1.21392322243 -1.50271099036 0.972626485204
 22.55 0.999794919505 -1.00492296925 1.01618738749 1.21462789528 -1.50267502533 0.972842357501
 22.6 0.999655717274 -1.0049024772 1.01602313411 1.21532688459 -1.50263953325 0.973056531224
 22.65 0.999519734312 -1.00488132954 1.01586087361 1.21602023751 -1.50260450927 0.973269019969
 22.7 0.999386936129 -1.00485954101 1.01570058777 1.21670800074 -1.5025699485 0.973479837215
 22.75 0.999257288111 -1.00483712617 1.01554225841 1.21739022055 -1.5025358461 0.973688996328
 22.8 0.999130755538 -1.0048140995 1.01538586737 1.21806694278 -1.50250219726 0.97389651056
 22.85 0.999007303589 -1.00479047531 1.01523139651 1.21873821286 -1.50246899715 0.974102393052
 22.9 0.998886897359 -1.00476626782 1.01507882774 1.2194040758 -1.502436241 0.974306656834
 22.95 0.998769501872 -1.00474149109 1.01492814297 1.22006457621 -1.50240392402 0.974509314824
 23.0 0.998655082088 -1.00471615907 1.01477932418 1.22071975826 -1.50237204149 0.974710379834
 23.05 0.998543602918 -1.00469028558 1.01463235339 1.22136966574 -1.50234058867 0.974909864566
 23.1 0.998435029237 -1.0046638843 1.01448721264 1.22201434205 -1.50230956086 0.975107781616
 23.15 0.998329325887 -1.0046369688 1.01434388402 1.22265383018 -1.50227895339 0.975304143472
 23.2 0.998226457698 -1.0046095525 1.01420234969 1.22328817273 -1.50224876159 0.975498962519
 23.25 0.99812638949 -1.0045816487 1.01406259182 1.22391741191 -1.50221898083 0.975692251038
 23.3 0.99802908609 -1.00455327057 1.01392459268 1.22454158957 -1.50218960652 0.975884021205
 23.35 0.997934512335 -1.00452443115 1.01378833456 1.22516074715 -1.50216063405 0.976074285094
 23.4 0.997842633089 -1.00449514335 1.0136537998 1.22577492574 -1.50213205889 0.976263054681
 23.45 0.997753413247 -1.00446541995 1.01352097083 1.22638416605 -1.50210387649 0.976450341836
 23.5 0.997666817748 -1.00443527359 1.01338983012 1.22698850842 -1.50207608235 0.976636158335
 23.55 0.99758281158 -1.0044047168 1.01326036021 1.22758799283 -1.50204867199 0.976820515853
 23.6 0.997501359794 -1.00437376197 1.0131325437 1.22818265891 -1.50202164096 0.977003425966
 23.65 0.997422427509 -1.00434242134 1.01300636324 1.22877254593 -1.50199498484 0.977184900156
 23.7 0.997345979921 -1.00431070706 1.01288180159 1.22935769279 -1.50196869924 0.977364949807
 23.75 0.997271982312 -1.00427863111 1.01275884155 1.22993813806 -1.50194277977 0.977543586209
 23.8 0.997200400058 -1.00424620536 1.01263746599 1.23051391997 -1.50191722211 0.977720820558
 23.85 0.997131198635 -1.00421344155 1.01251765786 1.23108507641 -1.50189202195 0.977896663956
 23.9 0.997064343631 -1.0041803513 1.01239940019 1.2316516449 -1.50186717499 0.978071127413
 23.95 0.996999800748 -1.00414694606 1.01228267609 1.23221366267 -1.501842677 0.978244221849
 24.0 0.996937535811 -1.0041132372 1.01216746873 1.2327711666 -1.50181852375 0.978415958089
 24.05 0.996877514778 -1.00407923592 1.01205376138 1.23332419324 -1.50179471105 0.978586346873
 24.1 0.996819703742 -1.00404495332 1.01194153737 1.23387277881 -1.50177123474 0.978755398849
 24.15 0.996764068942 -1.00401040036 1.01183078014 1.23441695924 -1.50174809068 0.978923124578
 24.2 0.996710576766 -1.00397558786 1.0117214732 1.2349567701 -1.50172527477 0.979089534531
 24.25 0.996659193758 -1.00394052653 1.01161360013 1.23549224669 -1.50170278295 0.979254639096
 24.3 0.996609886626 -1.00390522693 1.01150714463 1.23602342397 -1.50168061118 0.979418448573
 24.35 0.996562622245 -1.00386969951 1.01140209045 1.2365503366 -1.50165875546 0.979580973177
 24.4 0.996517367665 -1.0038339546 1.01129842146 1.23707301894 -1.5016372118 0.979742223039
 24.45 0.996474090114 -1.00379800236 1.01119612162 1.23759150505 -1.50161597626 0.979902208206
 24.5 0.996432757006 -1.00376185287 1.01109517495 1.23810582867 -1.50159504494 0.980060938643
 24.55 0.996393335944 -1.00372551606 1.01099556559 1.23861602329 -1.50157441395 0.980218424232
 24.6 0.996355794726 -1.00368900174 1.01089727777 1.23912212206 -1.50155407944 0.980374674774
 24.65 0.99632010135 -1.00365231957 1.01080029582 1.23962415787 -1.50153403761 0.98052969999
 24.7 0.996286224017 -1.00361547913 1.01070460414 1.24012216332 -1.50151428467 0.98068350952
 24.75 0.996254131138 -1.00357848983 1.01061018725 1.24061617071 -1.50149481686 0.980836112926
 24.8 0.996223791335 -1.00354136098 1.01051702977 1.24110621209 -1.50147563048 0.980987519692
 24.85 0.996195173448 -1.00350410175 1.01042511639 1.24159231921 -1.50145672183 0.981137739222
 24.9 0.996168246538 -1.00346672121 1.01033443194 1.24207452354 -1.50143808727 0.981286780844
 24.95 0.996142979889 -1.00342922827 1.01024496132 1.2425528563 -1.50141972317 0.981434653812
 25.0 0.996119343016 -1.00339163175 1.01015668954 1.24302734842 -1.50140162596 0.9815813673
 25.05 0.996097305663 -1.00335394032 1.0100696017 1.24349803058 -1.50138379207 0.981726930412
 25.1 0.996076837811 -1.00331616255 1.00998368303 1.24396493319 -1.50136621798 0.981871352173
 25.15 0.996057909678 -1.00327830687 1.00989891883 1.24442808639 -1.50134890022 0.982014641538
 25.2 0.996040491725 -1.00324038161 1.00981529452 1.24488752008 -1.50133183531 0.982156807387
 25.25 0.996024554655 -1.00320239494 1.00973279564 1.24534326389 -1.50131501985 0.982297858529
 25.3 0.996010069421 -1.00316435495 1.0096514078 1.2457953472 -1.50129845044 0.9824378037
 25.35 0.995997007222 -1.0031262696 1.00957111673 1.24624379913 -1.50128212373 0.982576651567
 25.4 0.995985339513 -1.00308814671 1.00949190827 1.24668864858 -1.50126603639 0.982714410724
 25.45 0.995975038001 -1.00304999401 1.00941376838 1.24712992416 -1.50125018514 0.982851089697
 25.5 0.995966074651 -1.00301181908 1.00933668309 1.24756765428 -1.50123456671 0.982986696942
 25.55 0.995958421687 -1.00297362941 1.00926063856 1.24800186709 -1.50121917789 0.983121240849
 25.6 0.995952051592 -1.00293543236 1.00918562106 1.2484325905 -1.50120401548 0.983254729737
 25.65 0.995946937115 -1.00289723517 1.00911161696 1.24885985218 -1.50118907632 0.983387171858
 25.7 0.995943051268 -1.00285904498 1.00903861274 1.24928367957 -1.50117435728 0.983518575399
 25.75 0.995940367329 -1.0028208688 1.00896659498 1.24970409989 -1.50115985528 0.983648948481
 25.8 0.995938858845 -1.00278271352 1.00889555039 1.25012114012 -1.50114556725 0.983778299157
 25.85 0.995938499629 -1.00274458594 1.00882546577 1.250534827 -1.50113149016 0.983906635419
 25.9 0.99593926377 -1.00270649272 1.00875632803 1.25094518707 -1.50111762101 0.98403396519
 25.95 0.995941125623 -1.00266844043 1.0086881242 1.25135224663 -1.50110395684 0.984160296332
 26.0 0.99594405982 -1.0026304355 1.00862084141 1.25175603177 -1.50109049473 0.984285636645
 26.05 0.995948041264 -1.00259248428 1.0085544669 1.25215656836 -1.50107723176 0.984409993864
 26.1 0.995953045135 -1.00255459299 1.00848898803 1.25255388204 -1.50106416507 0.984533375662
 26.15 0.995959046887 -1.00251676774 1.00842439225 1.25294799825 -1.50105129182 0.984655789652
 26.2 0.99596602225 -1.00247901454 1.00836066715 1.25333894222 -1.50103860921 0.984777243384
 26.25 0.995973947232 -1.00244133928 1.0082978004 1.25372673896 -1.50102611446 0.98489774435
 26.3 0.995982798117 -1.00240374776 1.0082357798 1.25411141328 -1.50101380484 0.98501729998
 26.35 0.995992551467 -1.00236624565 1.00817459324 1.25449298978 -1.50100167763 0.985135917646
 26.4 0.996003184124 -1.00232883852 1.00811422875 1.25487149286 -1.50098973014 0.985253604659
 26.45 0.996014673204 -1.00229153186 1.00805467445 1.25524694671 -1.50097795974 0.985370368275
 26.5 0.996026996106 -1.00225433101 1.00799591856 1.25561937532 -1.5009663638 0.985486215689
 26.55 0.996040130504 -1.00221724125 1.00793794944 1.2559888025 -1.50095493974 0.985601154039
 26.6 0.996054054352 -1.00218026772 1.00788075554 1.25635525184 -1.50094368499 0.985715190409
 26.65 0.996068745883 -1.00214341548 1.00782432542 1.25671874675 -1.50093259704 0.985828331824
 26.7 0.996084183607 -1.00210668947 1.00776864775 1.25707931044 -1.50092167338 0.985940585253
 26.75 0.996100346311 -1.00207009456 1.00771371133 1.25743696594 -1.50091091155 0.986051957611
 26.8 0.996117213063 -1.00203363549 1.00765950504 1.25779173609 -1.50090030911 0.986162455758
 26.85 0.996134763204 -1.0019973169 1.00760601788 1.25814364352 -1.50088986365 0.986272086498
 26.9 0.996152976355 -1.00196114336 1.00755323897 1.25849271071 -1.50087957279 0.986380856582
 26.95 0.996171832412 -1.0019251193 1.00750115753 1.25883895993 -1.5008694342 0.986488772709
 27.0 0.996191311547 -1.00188924909 1.0074497629 1.25918241328 -1.50085944553 0.986595841522
 27.05 0.996211394206 -1.00185353699 1.0073990445 1.25952309267 -1.50084960452 0.986702069614
 27.1 0.996232061111 -1.00181798716 1.00734899189 1.25986101985 -1.50083990888 0.986807463525
 27.15 0.996253293255 -1.00178260366 1.00729959473 1.26019621639 -1.5008303564 0.986912029743
 27.2 0.996275071906 -1.00174739048 1.00725084277 1.26052870366 -1.50082094485 0.987015774705
 27.25 0.996297378603 -1.00171235149 1.00720272589 1.26085850288 -1.50081167207 0.987118704797
 27.3 0.996320195154 -1.00167749047 1.00715523408 1.2611856351 -1.50080253591 0.987220826355
 27.35 0.99634350364 -1.00164281113 1.00710835741 1.26151012119 -1.50079353424 0.987322145666
 27.4 0.996367286407 -1.00160831708 1.00706208609 1.26183198185 -1.50078466497 0.987422668965
 27.45 0.996391526072 -1.00157401182 1.00701641041 1.26215123762 -1.50077592603 0.98752240244
 27.5 0.996416205516 -1.00153989879 1.00697132077 1.26246790888 -1.50076731538 0.98762135223
 27.55 0.996441307886 -1.00150598131 1.0069268077 1.26278201583 -1.50075883101 0.987719524425
 27.6 0.996466816593 -1.00147226265 1.00688286181 1.26309357853 -1.50075047093 0.987816925069
 27.65 0.996492715309 -1.00143874597 1.00683947383 1.26340261685 -1.50074223318 0.987913560156
 27.7 0.996518987971 -1.00140543434 1.00679663458 1.26370915052 -1.50073411582 0.988009435635
 27.75 0.99654561877 -1.00137233076 1.00675433499 1.26401319912 -1.50072611695 0.988104557407
 27.8 0.996572592161 -1.00133943813 1.0067125661 1.26431478206 -1.50071823468 0.988198931328
 27.85 0.996599892853 -1.00130675928 1.00667131906 1.26461391859 -1.50071046716 0.988292563207
 27.9 0.99662750581 -1.00127429696 1.00663058511 1.26491062783 -1.50070281255 0.988385458809
 27.95 0.996655416252 -1.00124205382 1.00659035559 1.26520492871 -1.50069526905 0.988477623853
 28.0 0.996683609648 -1.00121003245 1.00655062195 1.26549684006 -1.50068783487 0.988569064014
 28.05 0.99671207172 -1.00117823534 1.00651137575 1.26578638051 -1.50068050827 0.98865978492
 28.1 0.996740788439 -1.00114666491 1.00647260863 1.26607356858 -1.50067328749 0.988749792159
 28.15 0.996769746021 -1.00111532352 1.00643431235 1.26635842262 -1.50066617084 0.988839091274
 28.2 0.996798930929 -1.00108421341 1.00639647876 1.26664096085 -1.50065915664 0.988927687762
 28.25 0.996828329871 -1.00105333679 1.00635909982 1.26692120135 -1.50065224321 0.989015587082
 28.3 0.996857929793 -1.00102269577 1.00632216758 1.26719916202 -1.50064542892 0.989102794648
 28.35 0.996887717884 -1.00099229237 1.00628567419 1.26747486067 -1.50063871216 0.98918931583
 28.4 0.996917681572 -1.00096212858 1.0062496119 1.26774831494 -1.50063209133 0.98927515596
 28.45 0.996947808519 -1.00093220626 1.00621397306 1.26801954234 -1.50062556487 0.989360320325
 28.5 0.996978086622 -1.00090252725 1.00617875011 1.26828856024 -1.50061913124 0.989444814175
 28.55 0.997008504012 -1.00087309329 1.0061439356 1.26855538586 -1.50061278889 0.989528642715
 28.6 0.997039049049 -1.00084390606 1.00610952217 1.26882003633 -1.50060653635 0.989611811112
 28.65 0.997069710322 -1.00081496716 1.00607550255 1.26908252858 -1.50060037212 0.989694324492
 28.7 0.997100476648 -1.00078627812 1.00604186957 1.26934287947 -1.50059429475 0.989776187943
 28.75 0.997131337067 -1.00075784042 1.00600861616 1.2696011057 -1.5005883028 0.989857406511
 28.8 0.997162280842 -1.00072965545 1.00597573533 1.26985722382 -1.50058239485 0.989937985204
 28.85 0.997193297458 -1.00070172455 1.0059432202 1.2701112503 -1.50057656952 0.990017928992
 28.9 0.997224376617 -1.00067404899 1.00591106396 1.27036320143 -1.50057082542 0.990097242806
 28.95 0.997255508237 -1.00064662997 1.00587925993 1.27061309342 -1.50056516122 0.990175931539
 29.0 0.997286682453 -1.00061946863 1.00584780148 1.27086094232 -1.50055957556 0.990254000044
 29.05 0.99731788961 -1.00059256604 1.0058166821 1.27110676407 -1.50055406715 0.990331453141
 29.1 0.997349120264 -1.00056592323 1.00578589536 1.27135057448 -1.50054863468 0.990408295608
 29.15 0.99738036518 -1.00053954113 1.00575543492 1.27159238925 -1.50054327689 0.99048453219
 29.2 0.997411615327 -1.00051342064 1.00572529452 1.27183222395 -1.50053799252 0.990560167592
 29.25 0.99744286188 -1.00048756259 1.00569546801 1.27207009403 -1.50053278034 0.990635206485
 29.3 0.997474096215 -1.00046196776 1.00566594931 1.27230601482 -1.50052763913 0.990709653504
 29.35 0.997505309906 -1.00043663685 1.00563673244 1.27254000153 -1.5005225677 0.990783513247
 29.4 0.997536494728 -1.00041157052 1.0056078115 1.27277206926 -1.50051756487 0.990856790277
 29.45 0.997567642647 -1.00038676938 1.00557918067 1.27300223299 -1.50051262948 0.990929489122
 29.5 0.997598745824 -1.00036223395 1.00555083423 1.27323050759 -1.50050776039 0.991001614276
 29.55 0.997629796613 -1.00033796473 1.00552276653 1.2734569078 -1.50050295647 0.991073170196
 29.6 0.997660787553 -1.00031396215 1.00549497202 1.27368144827 -1.50049821662 0.991144161307
 29.65 0.997691711372 -1.00029022659 1.00546744521 1.27390414351 -1.50049353976 0.991214591999
 29.7 0.997722560982 -1.00026675838 1.00544018073 1.27412500796 -1.50048892481 0.991284466629
 29.75 0.997753329476 -1.00024355779 1.00541317325 1.2743440559 -1.50048437071 0.991353789519
 29.8 0.997784010128 -1.00022062504 1.00538641756 1.27456130154 -1.50047987644 0.99142256496
 29.85 0.997814596389 -1.00019796031 1.0053599085 1.27477675896 -1.50047544097 0.991490797207
 29.9 0.997845081887 -1.00017556371 1.005333641 1.27499044214 -1.5004710633 0.991558490485
 29.95 0.997875460422 -1.00015343533 1.00530761009 1.27520236496 -1.50046674244 0.991625648986
 30.0 0.997905725967 -1.00013157518 1.00528181084 1.27541254118 -1.50046247742 0.991692276869
 30.05 0.99793587266 -1.00010998325 1.00525623844 1.27562098446 -1.50045826728 0.991758378261
 30.1 0.997965894811 -1.00008865946 1.00523088812 1.27582770837 -1.50045411109 0.991823957259
 30.15 0.997995786891 -1.0000676037 1.00520575522 1.27603272636 -1.50045000792 0.991889017926
 30.2 0.998025543535 -1.00004681582 1.00518083513 1.27623605178 -1.50044595686 0.991953564297
 30.25 0.998055159537 -1.00002629559 1.00515612334 1.27643769789 -1.50044195702 0.992017600372
 30.3 0.998084629852 -1.00000604279 1.00513161538 1.27663767784 -1.50043800752 0.992081130125
 30.35 0.998113949587 -0.999986057103 1.0051073069 1.27683600467 -1.5004341075 0.992144157496
 30.4 0.998143114007 -0.999966338213 1.00508319358 1.27703269136 -1.5004302561 0.992206686396
 30.45 0.998172118524 -0.999946885738 1.0050592712 1.27722775075 -1.5004264525 0.992268720706
 30.5 0.998200958703 -0.999927699263 1.0050355356 1.2774211956 -1.50042269586 0.992330264278
 30.55 0.998229630255 -0.999908778331 1.0050119827 1.27761303857 -1.50041898539 0.992391320934
 30.6 0.998258129037 -0.999890122448 1.00498860849 1.27780329223 -1.50041532028 0.992451894466
 30.65 0.998286451047 -0.999871731077 1.00496540902 1.27799196906 -1.50041169976 0.992511988637
 30.7 0.998314592427 -0.999853603648 1.00494238043 1.27817908142 -1.50040812307 0.992571607183
 30.75 0.998342549456 -0.999835739549 1.0049195189 1.27836464162 -1.50040458944 0.99263075381
 30.8 0.998370318549 -0.999818138136 1.0048968207 1.27854866184 -1.50040109814 0.992689432195
 30.85 0.998397896257 -0.999800798725 1.00487428215 1.27873115418 -1.50039764844 0.992747645989
 30.9 0.998425279264 -0.999783720599 1.00485189967 1.27891213065 -1.50039423962 0.992805398813
 30.95 0.998452464382 -0.999766903006 1.00482966971 1.27909160317 -1.50039087099 0.992862694261
 31.0 0.998479448555 -0.99975034516 1.0048075888 1.27926958357 -1.50038754185 0.9929195359
 31.05 0.99850622885 -0.999734046243 1.00478565353 1.27944608361 -1.50038425153 0.992975927269
 31.1 0.99853280246 -0.999718005401 1.00476386057 1.27962111492 -1.50038099935 0.99303187188
 31.15 0.9985591667 -0.999702221752 1.00474220663 1.27979468907 -1.50037778467 0.99308737322
 31.2 0.998585319006 -0.99968669438 1.0047206885 1.27996681756 -1.50037460684 0.993142434747
 31.25 0.99861125693 -0.99967142234 1.00469930302 1.28013751176 -1.50037146523 0.993197059893
 31.3 0.998636978144 -0.999656404657 1.00467804711 1.28030678299 -1.50036835921 0.993251252064
 31.35 0.99866248043 -0.999641640326 1.00465691773 1.28047464248 -1.50036528819 0.993305014642
 31.4 0.998687761686 -0.999627128314 1.00463591191 1.28064110136 -1.50036225156 0.993358350979
 31.45 0.998712819917 -0.999612867558 1.00461502674 1.28080617069 -1.50035924874 0.993411264405
 31.5 0.99873765324 -0.99959885697 1.00459425936 1.28096986145 -1.50035627915 0.993463758222
 31.55 0.998762259876 -0.999585095434 1.00457360698 1.28113218453 -1.50035334221 0.99351583571
 31.6 0.99878663815 -0.999571581809 1.00455306686 1.28129315073 -1.50035043739 0.993567500121
 31.65 0.998810786493 -0.999558314925 1.00453263632 1.2814527708 -1.50034756413 0.993618754684
 31.7 0.998834703433 -0.999545293592 1.00451231273 1.28161105538 -1.50034472189 0.993669602601
 31.75 0.998858387599 -0.999532516591 1.00449209353 1.28176801505 -1.50034191016 0.993720047051
 31.8 0.998881837718 -0.999519982682 1.00447197619 1.28192366029 -1.50033912841 0.993770091191
 31.85 0.998905052608 -0.9995076906 1.00445195826 1.28207800152 -1.50033637613 0.99381973815
 31.9 0.998928031186 -0.99949563906 1.00443203734 1.28223104909 -1.50033365284 0.993868991034
 31.95 0.998950772455 -0.999483826751 1.00441221105 1.28238281323 -1.50033095805 0.993917852928
 32.0 0.998973275513 -0.999472252345 1.00439247711 1.28253330416 -1.50032829126 0.99396632689
 32.05 0.998995539542 -0.999460914488 1.00437283326 1.28268253196 -1.50032565203 0.994014415957
 32.1 0.999017563812 -0.99944981181 1.0043532773 1.28283050667 -1.50032303987 0.994062123141
 32.15 0.999039347678 -0.999438942918 1.00433380708 1.28297723825 -1.50032045435 0.994109451433
 32.2 0.999060890575 -0.999428306403 1.0043144205 1.28312273659 -1.50031789502 0.9941564038
 32.25 0.999082192022 -0.999417900834 1.00429511551 1.28326701149 -1.50031536145 0.994202983185
 32.3 0.999103251616 -0.999407724763 1.0042758901 1.2834100727 -1.5003128532 0.994249192512
 32.35 0.999124069032 -0.999397776724 1.00425674232 1.28355192988 -1.50031036986 0.994295034679
 32.4 0.99914464402 -0.999388055235 1.00423767025 1.28369259261 -1.50030791101 0.994340512564
 32.45 0.999164976405 -0.999378558797 1.00421867205 1.28383207043 -1.50030547627 0.994385629022
 32.5 0.999185066085 -0.999369285893 1.00419974588 1.28397037279 -1.50030306522 0.994430386887
 32.55 0.999204913028 -0.999360234992 1.00418088999 1.28410750906 -1.50030067749 0.994474788972
 32.6 0.999224517273 -0.999351404548 1.00416210263 1.28424348856 -1.5002983127 0.994518838065
 32.65 0.999243878925 -0.999342793001 1.00414338214 1.28437832053 -1.50029597046 0.994562536938
 32.7 0.999262998157 -0.999334398773 1.00412472687 1.28451201415 -1.50029365043 0.994605888337
 32.75 0.999281875204 -0.999326220278 1.00410613522 1.28464457852 -1.50029135223 0.99464889499
 32.8 0.999300510368 -0.999318255912 1.00408760564 1.28477602267 -1.50028907552 0.994691559602
 32.85 0.999318904009 -0.999310504061 1.00406913661 1.28490635559 -1.50028681996 0.99473388486
 32.9 0.99933705655 -0.999302963098 1.00405072667 1.28503558617 -1.5002845852 0.994775873428
 32.95 0.99935496847 -0.999295631384 1.00403237438 1.28516372325 -1.50028237093 0.99481752795
 33.0 0.999372640308 -0.999288507268 1.00401407835 1.2852907756 -1.50028017681 0.994858851051
 33.05 0.999390072656 -0.999281589091 1.00399583723 1.28541675194 -1.50027800252 0.994899845336
 33.1 0.999407266163 -0.99927487518 1.00397764971 1.2855416609 -1.50027584776 0.994940513388
 33.15 0.999424221528 -0.999268363854 1.0039595145 1.28566551107 -1.50027371222 0.994980857771
 33.2 0.999440939504 -0.999262053422 1.00394143037 1.28578831095 -1.50027159561 0.995020881032
 33.25 0.999457420892 -0.999255942184 1.00392339612 1.285910069 -1.50026949763 0.995060585694
 33.3 0.999473666543 -0.999250028431 1.00390541058 1.28603079361 -1.50026741799 0.995099974265
 33.35 0.999489677355 -0.999244310447 1.00388747263 1.28615049311 -1.50026535641 0.99513904923
 33.4 0.999505454273 -0.999238786506 1.00386958116 1.28626917575 -1.50026331263 0.995177813059
 33.45 0.999520998285 -0.999233454876 1.00385173513 1.28638684975 -1.50026128636 0.995216268199
 33.5 0.999536310424 -0.999228313817 1.0038339335 1.28650352324 -1.50025927735 0.995254417081
 33.55 0.999551391764 -0.999223361585 1.00381617528 1.28661920431 -1.50025728534 0.995292262116
 33.6 0.99956624342 -0.999218596425 1.00379845951 1.28673390098 -1.50025531007 0.995329805698
 33.65 0.999580866547 -0.999214016582 1.00378078528 1.2868476212 -1.5002533513 0.9953670502
 33.7 0.999595262339 -0.99920962029 1.00376315168 1.28696037289 -1.50025140879 0.99540399798
 33.75 0.999609432025 -0.999205405781 1.00374555784 1.28707216388 -1.50024948229 0.995440651376
 33.8 0.999623376874 -0.999201371282 1.00372800295 1.28718300196 -1.50024757157 0.995477012709
 33.85 0.999637098185 -0.999197515015 1.00371048619 1.28729289486 -1.50024567641 0.99551308428
 33.9 0.999650597294 -0.999193835198 1.0036930068 1.28740185025 -1.50024379659 0.995548868375
 33.95 0.999663875568 -0.999190330047 1.00367556404 1.28750987573 -1.50024193187 0.995584367261
 34.0 0.999676934406 -0.999186997772 1.00365815718 1.28761697888 -1.50024008207 0.995619583189
 34.05 0.999689775238 -0.999183836582 1.00364078555 1.28772316717 -1.50023824695 0.995654518391
 34.1 0.999702399521 -0.999180844682 1.00362344849 1.28782844807 -1.50023642632 0.995689175082
 34.15 0.999714808741 -0.999178020277 1.00360614537 1.28793282895 -1.50023461998 0.995723555462
 34.2 0.999727004414 -0.999175361568 1.00358887558 1.28803631716 -1.50023282773 0.995757661711
 34.25 0.999738988076 -0.999172866756 1.00357163855 1.28813891996 -1.50023104938 0.995791495995
 34.3 0.999750761294 -0.999170534038 1.00355443374 1.28824064458 -1.50022928474 0.995825060462
 34.35 0.999762325655 -0.999168361613 1.0035372606 1.28834149819 -1.50022753362 0.995858357243
 34.4 0.99977368277 -0.999166347679 1.00352011865 1.28844148791 -1.50022579586 0.995891388454
 34.45 0.999784834272 -0.999164490431 1.00350300741 1.2885406208 -1.50022407126 0.995924156194
 34.5 0.999795781816 -0.999162788068 1.00348592643 1.28863890386 -1.50022235967 0.995956662546
 34.55 0.999806527076 -0.999161238786 1.00346887528 1.28873634407 -1.50022066091 0.995988909576
 34.6 0.999817071745 -0.999159840783 1.00345185355 1.28883294832 -1.50021897481 0.996020899336
 34.65 0.999827417534 -0.999158592258 1.00343486086 1.28892872346 -1.50021730122 0.99605263386
 34.7 0.999837566172 -0.99915749141 1.00341789685 1.2890236763 -1.50021563998 0.996084115167
 34.75 0.999847519404 -0.99915653644 1.00340096119 1.28911781359 -1.50021399093 0.996115345263
 34.8 0.999857278991 -0.999155725553 1.00338405356 1.28921114202 -1.50021235392 0.996146326134
 34.85 0.999866846708 -0.999155056951 1.00336717365 1.28930366826 -1.5002107288 0.996177059755
 34.9 0.999876224344 -0.999154528843 1.00335032121 1.2893953989 -1.50020911544 0.996207548083
 34.95 0.999885413701 -0.999154139438 1.00333349596 1.28948634048 -1.50020751368 0.99623779306
 35.0 0.999894416594 -0.999153886949 1.00331669768 1.28957649952 -1.5002059234 0.996267796614
 35.05 0.999903234848 -0.99915376959 1.00329992614 1.28966588246 -1.50020434445 0.996297560659
 35.1 0.9999118703 -0.99915378558 1.00328318116 1.28975449571 -1.5002027767 0.996327087091
 35.15 0.999920324795 -0.999153933142 1.00326646254 1.28984234562 -1.50020122003 0.996356377796
 35.2 0.999928600189 -0.999154210502 1.00324977014 1.2899294385 -1.5001996743 0.99638543464
 35.25 0.999936698345 -0.999154615888 1.0032331038 1.2900157806 -1.5001981394 0.996414259479
 35.3 0.999944621134 -0.999155147535 1.0032164634 1.29010137815 -1.50019661521 0.996442854153
 35.35 0.999952370435 -0.999155803682 1.00319984883 1.29018623731 -1.5001951016 0.996471220487
 35.4 0.999959948132 -0.999156582572 1.00318325999 1.2902703642 -1.50019359845 0.996499360293
 35.45 0.999967356115 -0.999157482452 1.00316669681 1.29035376488 -1.50019210567 0.996527275368
 35.5 0.999974596278 -0.999158501575 1.00315015923 1.29043644539 -1.50019062313 0.996554967497
 35.55 0.99998167052 -0.999159638201 1.0031336472 1.2905184117 -1.50018915073 0.99658243845
 35.6 0.999988580744 -0.999160890592 1.00311716068 1.29059966976 -1.50018768836 0.996609689981
 35.65 0.999995328855 -0.999162257019 1.00310069967 1.29068022546 -1.50018623592 0.996636723834
 35.7 1.00000191676 -0.999163735756 1.00308426416 1.29076008463 -1.50018479331 0.996663541738
 35.75 1.00000834637 -0.999165325085 1.00306785415 1.29083925308 -1.50018336043 0.996690145409
 35.8 1.0000146196 -0.999167023294 1.00305146968 1.29091773657 -1.50018193719 0.996716536548
 35.85 1.00002073835 -0.999168828677 1.00303511078 1.29099554081 -1.50018052348 0.996742716845
 35.9 1.00002670454 -0.999170739536 1.00301877751 1.29107267147 -1.50017911922 0.996768687976
 35.95 1.00003252008 -0.999172754176 1.00300246991 1.29114913418 -1.50017772431 0.996794451603
 36.0 1.00003818687 -0.999174870915 1.00298618808 1.29122493452 -1.50017633867 0.996820009377
 36.05 1.00004370683 -0.999177088072 1.00296993209 1.29130007804 -1.50017496222 0.996845362935
 36.1 1.00004908186 -0.999179403978 1.00295370205 1.29137457022 -1.50017359486 0.996870513901
 36.15 1.00005431387 -0.999181816969 1.00293749806 1.29144841654 -1.50017223651 0.996895463888
 36.2 1.00005940475 -0.999184325389 1.00292132025 1.2915216224 -1.5001708871 0.996920214493
 36.25 1.00006435641 -0.99918692759 1.00290516874 1.29159419318 -1.50016954654 0.996944767305
 36.3 1.00006917073 -0.999189621933 1.00288904367 1.29166613421 -1.50016821477 0.996969123897
 36.35 1.0000738496 -0.999192406786 1.00287294521 1.29173745078 -1.50016689169 0.996993285832
 36.4 1.0000783949 -0.999195280524 1.00285687349 1.29180814814 -1.50016557724 0.99701725466
 36.45 1.00008280852 -0.999198241534 1.00284082871 1.2918782315 -1.50016427135 0.997041031918
 36.5 1.00008709233 -0.999201288207 1.00282481102 1.29194770604 -1.50016297395 0.997064619133
 36.55 1.00009124818 -0.999204418947 1.00280882063 1.29201657689 -1.50016168496 0.997088017819
 36.6 1.00009527795 -0.999207632163 1.00279285773 1.29208484913 -1.50016040432 0.997111229478
 36.65 1.00009918347 -0.999210926276 1.00277692252 1.29215252781 -1.50015913196 0.997134255599
 36.7 1.00010296661 -0.999214299713 1.00276101521 1.29221961796 -1.50015786782 0.997157097664
 36.75 1.00010662919 -0.999217750914 1.00274513602 1.29228612454 -1.50015661183 0.997179757137
 36.8 1.00011017304 -0.999221278325 1.00272928518 1.29235205249 -1.50015536394 0.997202235476
 36.85 1.00011359999 -0.999224880402 1.00271346292 1.29241740671 -1.50015412408 0.997224534125
 36.9 1.00011691184 -0.999228555612 1.00269766948 1.29248219205 -1.50015289219 0.997246654516
 36.95 1.0001201104 -0.99923230243 1.00268190512 1.29254641335 -1.50015166822 0.997268598072
 37.0 1.00012319747 -0.999236119342 1.00266617007 1.29261007538 -1.5001504521 0.997290366204
 37.05 1.00012617482 -0.999240004841 1.00265046461 1.29267318289 -1.50014924379 0.997311960311
 37.1 1.00012904424 -0.999243957434 1.00263478899 1.29273574059 -1.50014804322 0.997333381783
 37.15 1.00013180747 -0.999247975636 1.00261914349 1.29279775315 -1.50014685035 0.997354631996
 37.2 1.00013446629 -0.999252057971 1.00260352838 1.29285922522 -1.50014566512 0.997375712318
 37.25 1.00013702243 -0.999256202975 1.00258794395 1.29292016139 -1.50014448748 0.997396624106
 37.3 1.00013947761 -0.999260409192 1.00257239047 1.29298056623 -1.50014331737 0.997417368705
 37.35 1.00014183357 -0.99926467518 1.00255686825 1.29304044426 -1.50014215476 0.997437947451
 37.4 1.00014409201 -0.999268999504 1.00254137756 1.29309979999 -1.50014099959 0.997458361668
 37.45 1.00014625462 -0.999273380741 1.00252591872 1.29315863787 -1.50013985182 0.99747861267
 37.5 1.0001483231 -0.999277817478 1.00251049202 1.29321696233 -1.5001387114 0.997498701762
 37.55 1.00015029911 -0.999282308313 1.00249509778 1.29327477775 -1.50013757828 0.997518630237
 37.6 1.00015218431 -0.999286851855 1.0024797363 1.29333208849 -1.50013645241 0.997538399379
 37.65 1.00015398035 -0.999291446724 1.00246440789 1.29338889887 -1.50013533377 0.997558010461
 37.7 1.00015568887 -0.999296091549 1.00244911287 1.29344521318 -1.50013422229 0.997577464747
 37.75 1.00015731149 -0.999300784971 1.00243385156 1.29350103567 -1.50013311795 0.99759676349
 37.8 1.00015884982 -0.999305525644 1.00241862428 1.29355637055 -1.50013202069 0.997615907934
 37.85 1.00016030545 -0.999310312229 1.00240343136 1.29361122203 -1.50013093048 0.997634899312
 37.9 1.00016167996 -0.999315143401 1.00238827312 1.29366559424 -1.50012984728 0.99765373885
 37.95 1.00016297492 -0.999320017846 1.00237314989 1.2937194913 -1.50012877105 0.997672427761
 38.0 1.00016419189 -0.99932493426 1.002358062 1.29377291732 -1.50012770175 0.99769096725
 38.05 1.00016533241 -0.99932989135 1.00234300979 1.29382587633 -1.50012663934 0.997709358513
 38.1 1.000166398 -0.999334887836 1.00232799358 1.29387837237 -1.50012558378 0.997727602736
 38.15 1.00016739018 -0.999339922447 1.00231301372 1.29393040943 -1.50012453505 0.997745701094
 38.2 1.00016831044 -0.999344993926 1.00229807054 1.29398199146 -1.5001234931 0.997763654757
 38.25 1.00016916027 -0.999350101024 1.00228316438 1.29403312239 -1.50012245789 0.997781464882
 38.3 1.00016994114 -0.999355242507 1.00226829558 1.29408380612 -1.5001214294 0.997799132617
 38.35 1.0001706545 -0.999360417149 1.00225346447 1.29413404652 -1.50012040759 0.997816659103
 38.4 1.0001713018 -0.999365623738 1.0022386714 1.29418384741 -1.50011939243 0.99783404547
 38.45 1.00017188445 -0.999370861074 1.0022239167 1.29423321261 -1.50011838387 0.997851292841
 38.5 1.00017240387 -0.999376127964 1.00220920073 1.29428214589 -1.50011738189 0.997868402329
 38.55 1.00017286146 -0.999381423232 1.00219452381 1.29433065098 -1.50011638647 0.997885375037
 38.6 1.0001732586 -0.999386745711 1.00217988629 1.29437873161 -1.50011539755 0.997902212062
 38.65 1.00017359664 -0.999392094245 1.00216528852 1.29442639145 -1.50011441512 0.997918914491
 38.7 1.00017387695 -0.99939746769 1.00215073082 1.29447363417 -1.50011343914 0.9979354834
 38.75 1.00017410086 -0.999402864915 1.00213621355 1.29452046338 -1.50011246959 0.997951919861
 38.8 1.00017426969 -0.999408284798 1.00212173703 1.29456688268 -1.50011150643 0.997968224935
 38.85 1.00017438474 -0.999413726232 1.00210730162 1.29461289564 -1.50011054963 0.997984399674
 38.9 1.0001744473 -0.999419188118 1.00209290764 1.29465850579 -1.50010959916 0.998000445122
 38.95 1.00017445866 -0.999424669371 1.00207855543 1.29470371665 -1.500108655 0.998016362317
 39.0 1.00017442006 -0.999430168917 1.00206424534 1.29474853169 -1.50010771711 0.998032152285
 39.05 1.00017433276 -0.999435685693 1.00204997769 1.29479295437 -1.50010678547 0.998047816047
 39.1 1.00017419799 -0.99944121865 1.00203575282 1.29483698811 -1.50010586005 0.998063354614
 39.15 1.00017401695 -0.999446766746 1.00202157107 1.2948806363 -1.50010494083 0.998078768991
 39.2 1.00017379084 -0.999452328956 1.00200743275 1.29492390233 -1.50010402776 0.998094060172
 39.25 1.00017352086 -0.999457904263 1.0019933382 1.29496678952 -1.50010312084 0.998109229146
 39.3 1.00017320816 -0.999463491662 1.00197928775 1.2950093012 -1.50010222002 0.998124276892
 39.35 1.00017285391 -0.999469090161 1.00196528173 1.29505144064 -1.50010132529 0.998139204383
 39.4 1.00017245923 -0.99947469878 1.00195132044 1.29509321112 -1.50010043662 0.998154012582
 39.45 1.00017202525 -0.999480316547 1.00193740423 1.29513461587 -1.50009955397 0.998168702448
 39.5 1.00017155309 -0.999485942506 1.0019235334 1.29517565808 -1.50009867734 0.998183274928
 39.55 1.00017104382 -0.99949157571 1.00190970828 1.29521634096 -1.50009780668 0.998197730965
 39.6 1.00017049853 -0.999497215224 1.00189592917 1.29525666764 -1.50009694198 0.998212071492
 39.65 1.00016991827 -0.999502860125 1.0018821964 1.29529664126 -1.5000960832 0.998226297437
 39.7 1.0001693041 -0.9995085095 1.00186851026 1.29533626493 -1.50009523033 0.998240409717
 39.75 1.00016865705 -0.99951416245 1.00185487108 1.29537554171 -1.50009438334 0.998254409246
 39.8 1.00016797813 -0.999519818085 1.00184127914 1.29541447467 -1.5000935422 0.998268296928
 39.85 1.00016726835 -0.999525475528 1.00182773476 1.29545306683 -1.5000927069 0.998282073659
 39.9 1.00016652869 -0.999531133912 1.00181423822 1.2954913212 -1.50009187739 0.998295740332
 39.95 1.00016576012 -0.999536792384 1.00180078984 1.29552924075 -1.50009105367 0.998309297828
 40.0 1.00016496361 -0.999542450099 1.0017873899 1.29556682843 -1.50009023571 0.998322747024
 40.05 1.00016414009 -0.999548106226 1.00177403868 1.29560408718 -1.50008942348 0.998336088788
 40.1 1.00016329049 -0.999553759944 1.00176073649 1.2956410199 -1.50008861695 0.998349323984
 40.15 1.00016241572 -0.999559410442 1.00174748359 1.29567762946 -1.50008781611 0.998362453466
 40.2 1.00016151669 -0.999565056924 1.00173428028 1.29571391874 -1.50008702094 0.998375478083
 40.25 1.00016059428 -0.999570698601 1.00172112682 1.29574989055 -1.5000862314 0.998388398676
 40.3 1.00015964936 -0.999576334698 1.0017080235 1.29578554771 -1.50008544747 0.998401216081
 40.35 1.00015868278 -0.99958196445 1.00169497058 1.295820893 -1.50008466914 0.998413931125
 40.4 1.00015769538 -0.999587587103 1.00168196832 1.2958559292 -1.50008389637 0.99842654463
 40.45 1.000156688 -0.999593201915 1.001669017 1.29589065902 -1.50008312915 0.998439057412
 40.5 1.00015566145 -0.999598808153 1.00165611687 1.2959250852 -1.50008236744 0.998451470278
 40.55 1.00015461652 -0.999604405097 1.00164326819 1.29595921043 -1.50008161124 0.998463784032
 40.6 1.000153554 -0.999609992037 1.0016304712 1.29599303737 -1.50008086051 0.998475999468
 40.65 1.00015247467 -0.999615568275 1.00161772617 1.29602656868 -1.50008011523 0.998488117375
 40.7 1.00015137928 -0.999621133121 1.00160503332 1.29605980698 -1.50007937538 0.998500138538
 40.75 1.00015026857 -0.999626685898 1.00159239291 1.29609275488 -1.50007864094 0.998512063732
 40.8 1.00014914328 -0.99963222594 1.00157980517 1.29612541497 -1.50007791187 0.998523893728
 40.85 1.00014800413 -0.999637752591 1.00156727033 1.29615778979 -1.50007718817 0.99853562929
 40.9 1.00014685181 -0.999643265206 1.00155478863 1.29618988189 -1.50007646981 0.998547271176
 40.95 1.00014568703 -0.99964876315 1.00154236028 1.29622169379 -1.50007575676 0.998558820138
 41.0 1.00014451045 -0.999654245798 1.0015299855 1.29625322799 -1.500075049 0.998570276923
 41.05 1.00014332275 -0.999659712537 1.00151766453 1.29628448695 -1.50007434651 0.99858164227
 41.1 1.00014212457 -0.999665162763 1.00150539756 1.29631547314 -1.50007364926 0.998592916914
 41.15 1.00014091656 -0.999670595885 1.00149318481 1.29634618899 -1.50007295724 0.998604101583
 41.2 1.00013969933 -0.999676011318 1.00148102647 1.29637663691 -1.50007227042 0.998615196998
 41.25 1.00013847352 -0.999681408492 1.00146892276 1.29640681929 -1.50007158877 0.998626203877
 41.3 1.00013723971 -0.999686786843 1.00145687387 1.29643673851 -1.50007091229 0.998637122931
 41.35 1.0001359985 -0.999692145821 1.00144487999 1.29646639691 -1.50007024093 0.998647954864
 41.4 1.00013475046 -0.999697484882 1.0014329413 1.29649579683 -1.50006957468 0.998658700376
 41.45 1.00013349617 -0.999702803496 1.001421058 1.29652494059 -1.50006891352 0.998669360161
 41.5 1.00013223617 -0.999708101141 1.00140923025 1.29655383047 -1.50006825743 0.998679934907
 41.55 1.000130971 -0.999713377305 1.00139745824 1.29658246874 -1.50006760637 0.998690425297
 41.6 1.00012970119 -0.999718631487 1.00138574213 1.29661085766 -1.50006696034 0.998700832007
 41.65 1.00012842727 -0.999723863193 1.0013740821 1.29663899946 -1.5000663193 0.998711155711
 41.7 1.00012714973 -0.999729071942 1.00136247829 1.29666689636 -1.50006568323 0.998721397073
 41.75 1.00012586908 -0.999734257261 1.00135093088 1.29669455055 -1.50006505212 0.998731556755
 41.8 1.0001245858 -0.999739418687 1.00133944001 1.29672196421 -1.50006442593 0.998741635413
 41.85 1.00012330035 -0.999744555766 1.00132800583 1.29674913949 -1.50006380465 0.998751633697
 41.9 1.00012201321 -0.999749668056 1.00131662849 1.29677607854 -1.50006318825 0.998761552253
 41.95 1.00012072482 -0.999754755121 1.00130530812 1.29680278348 -1.50006257671 0.998771391719
 42.0 1.00011943562 -0.999759816536 1.00129404486 1.2968292564 -1.50006197 0.998781152732
 42.05 1.00011814604 -0.999764851885 1.00128283885 1.2968554994 -1.50006136811 0.99879083592
 42.1 1.0001168565 -0.999769860763 1.0012716902 1.29688151453 -1.50006077101 0.998800441909
 42.15 1.00011556741 -0.999774842771 1.00126059905 1.29690730386 -1.50006017868 0.998809971318
 42.2 1.00011427916 -0.999779797521 1.0012495655 1.2969328694 -1.50005959109 0.998819424762
 42.25 1.00011299215 -0.999784724635 1.00123858968 1.29695821317 -1.50005900822 0.99882880285
 42.3 1.00011170675 -0.999789623742 1.00122767168 1.29698333716 -1.50005843005 0.998838106186
 42.35 1.00011042332 -0.999794494481 1.00121681162 1.29700824336 -1.50005785656 0.998847335372
 42.4 1.00010914224 -0.999799336499 1.00120600959 1.29703293373 -1.50005728772 0.998856491002
 42.45 1.00010786383 -0.999804149454 1.00119526569 1.2970574102 -1.50005672351 0.998865573666
 42.5 1.00010658846 -0.99980893301 1.00118458002 1.2970816747 -1.50005616391 0.998874583949
 42.55 1.00010531643 -0.999813686841 1.00117395265 1.29710572915 -1.50005560889 0.998883522433
 42.6 1.00010404808 -0.999818410629 1.00116338367 1.29712957544 -1.50005505843 0.998892389693
 42.65 1.00010278371 -0.999823104066 1.00115287315 1.29715321544 -1.50005451251 0.998901186301
 42.7 1.00010152363 -0.99982776685 1.00114242118 1.29717665101 -1.50005397111 0.998909912824
 42.75 1.00010026813 -0.99983239869 1.00113202782 1.29719988401 -1.50005343419 0.998918569824
 42.8 1.00009901749 -0.999836999301 1.00112169313 1.29722291624 -1.50005290174 0.998927157859
 42.85 1.00009777198 -0.999841568408 1.00111141718 1.29724574953 -1.50005237373 0.998935677481
 42.9 1.00009653188 -0.999846105744 1.00110120002 1.29726838568 -1.50005185015 0.99894412924
 42.95 1.00009529745 -0.999850611048 1.0010910417 1.29729082645 -1.50005133096 0.99895251368
 43.0 1.00009406892 -0.99985508407 1.00108094227 1.29731307362 -1.50005081615 0.99896083134
 43.05 1.00009284655 -0.999859524566 1.00107090178 1.29733512894 -1.50005030569 0.998969082757
 43.1 1.00009163057 -0.9998639323 1.00106092025 1.29735699413 -1.50004979956 0.998977268462
 43.15 1.0000904212 -0.999868307046 1.00105099773 1.29737867091 -1.50004929773 0.998985388981
 43.2 1.00008921867 -0.999872648581 1.00104113424 1.29740016099 -1.50004880018 0.998993444837
 43.25 1.00008802317 -0.999876956695 1.00103132982 1.29742146605 -1.50004830689 0.999001436549
 43.3 1.00008683492 -0.999881231183 1.00102158448 1.29744258777 -1.50004781783 0.999009364631
 43.35 1.00008565411 -0.999885471848 1.00101189824 1.2974635278 -1.50004733298 0.999017229593
 43.4 1.00008448092 -0.999889678499 1.00100227111 1.29748428778 -1.50004685232 0.999025031941
 43.45 1.00008331554 -0.999893850954 1.00099270311 1.29750486935 -1.50004637583 0.999032772177
 43.5 1.00008215815 -0.999897989039 1.00098319423 1.29752527412 -1.50004590347 0.999040450799
 43.55 1.0000810089 -0.999902092586 1.00097374449 1.29754550368 -1.50004543523 0.999048068301
 43.6 1.00007986795 -0.999906161433 1.00096435386 1.29756555962 -1.50004497108 0.999055625172
 43.65 1.00007873547 -0.999910195428 1.00095502236 1.29758544351 -1.500044511 0.999063121899
 43.7 1.00007761159 -0.999914194424 1.00094574996 1.29760515691 -1.50004405497 0.999070558963
 43.75 1.00007649646 -0.999918158282 1.00093653665 1.29762470136 -1.50004360295 0.999077936842
 43.8 1.0000753902 -0.999922086868 1.00092738241 1.29764407839 -1.50004315494 0.999085256011
 43.85 1.00007429295 -0.999925980058 1.00091828721 1.29766328951 -1.5000427109 0.999092516941
 43.9 1.00007320482 -0.999929837731 1.00090925104 1.29768233623 -1.50004227081 0.999099720097
 43.95 1.00007212593 -0.999933659775 1.00090027385 1.29770122003 -1.50004183465 0.999106865942
 44.0 1.00007105639 -0.999937446086 1.00089135562 1.29771994239 -1.50004140239 0.999113954936
 44.05 1.0000699963 -0.999941196562 1.0008824963 1.29773850477 -1.50004097402 0.999120987534
 44.1 1.00006894576 -0.999944911112 1.00087369585 1.29775690862 -1.5000405495 0.999127964187
 44.15 1.00006790486 -0.999948589649 1.00086495422 1.29777515537 -1.50004012881 0.999134885343
 44.2 1.00006687368 -0.999952232093 1.00085627136 1.29779324644 -1.50003971193 0.999141751448
 44.25 1.0000658523 -0.999955838369 1.00084764722 1.29781118325 -1.50003929884 0.999148562941
 44.3 1.0000648408 -0.999959408411 1.00083908174 1.29782896719 -1.50003888951 0.999155320261
 44.35 1.00006383926 -0.999962942156 1.00083057486 1.29784659964 -1.50003848392 0.99916202384
 44.4 1.00006284772 -0.999966439548 1.00082212651 1.29786408198 -1.50003808204 0.999168674109
 44.45 1.00006186626 -0.999969900539 1.00081373662 1.29788141556 -1.50003768385 0.999175271494
 44.5 1.00006089492 -0.999973325083 1.00080540511 1.29789860173 -1.50003728933 0.99918181642
 44.55 1.00005993377 -0.999976713144 1.00079713192 1.29791564182 -1.50003689846 0.999188309305
 44.6 1.00005898283 -0.999980064689 1.00078891696 1.29793253717 -1.5000365112 0.999194750566
 44.65 1.00005804216 -0.999983379691 1.00078076015 1.29794928907 -1.50003612755 0.999201140617
 44.7 1.00005711179 -0.999986658129 1.0007726614 1.29796589882 -1.50003574746 0.999207479866
 44.75 1.00005619174 -0.999989899987 1.00076462062 1.29798236772 -1.50003537093 0.999213768721
 44.8 1.00005528206 -0.999993105256 1.00075663771 1.29799869703 -1.50003499792 0.999220007585
 44.85 1.00005438275 -0.999996273931 1.00074871258 1.29801488802 -1.50003462841 0.999226196857
 44.9 1.00005349384 -0.999999406013 1.00074084513 1.29803094194 -1.50003426239 0.999232336934
 44.95 1.00005261535 -1.00000250151 1.00073303525 1.29804686003 -1.50003389982 0.99923842821
 45.0 1.00005174728 -1.00000556042 1.00072528284 1.29806264352 -1.50003354068 0.999244471075
 45.05 1.00005088965 -1.00000858278 1.00071758778 1.29807829363 -1.50003318495 0.999250465916
 45.1 1.00005004245 -1.0000115686 1.00070994995 1.29809381156 -1.5000328326 0.999256413116
 45.15 1.00004920568 -1.0000145179 1.00070236925 1.2981091985 -1.50003248362 0.999262313058
 45.2 1.00004837935 -1.00001743072 1.00069484556 1.29812445565 -1.50003213798 0.999268166119
 45.25 1.00004756344 -1.0000203071 1.00068737874 1.29813958417 -1.50003179566 0.999273972672
 45.3 1.00004675794 -1.00002314707 1.00067996867 1.29815458522 -1.50003145662 0.999279733092
 45.35 1.00004596285 -1.00002595068 1.00067261522 1.29816945997 -1.50003112086 0.999285447745
 45.4 1.00004517813 -1.00002871798 1.00066531826 1.29818420954 -1.50003078834 0.999291116997
 45.45 1.00004440377 -1.00003144903 1.00065807765 1.29819883508 -1.50003045905 0.999296741212
 45.5 1.00004363976 -1.00003414387 1.00065089326 1.29821333769 -1.50003013295 0.99930232075
 45.55 1.00004288605 -1.00003680259 1.00064376493 1.2982277185 -1.50002981003 0.999307855966
 45.6 1.00004214263 -1.00003942523 1.00063669254 1.29824197859 -1.50002949027 0.999313347216
 45.65 1.00004140945 -1.00004201189 1.00062967592 1.29825611906 -1.50002917364 0.999318794851
 45.7 1.00004068649 -1.00004456263 1.00062271493 1.29827014099 -1.50002886011 0.999324199218
 45.75 1.00003997371 -1.00004707753 1.00061580942 1.29828404545 -1.50002854967 0.999329560664
 45.8 1.00003927106 -1.00004955668 1.00060895923 1.29829783349 -1.5000282423 0.999334879531
 45.85 1.00003857851 -1.00005200016 1.0006021642 1.29831150617 -1.50002793796 0.999340156159
 45.9 1.00003789601 -1.00005440807 1.00059542417 1.29832506452 -1.50002763664 0.999345390885
 45.95 1.00003722351 -1.00005678051 1.00058873897 1.29833850958 -1.50002733831 0.999350584045
 46.0 1.00003656096 -1.00005911758 1.00058210845 1.29835184236 -1.50002704296 0.999355735969
 46.05 1.00003590832 -1.00006141937 1.00057553242 1.29836506389 -1.50002675055 0.999360846987
 46.1 1.00003526552 -1.000063686 1.00056901072 1.29837817515 -1.50002646107 0.999365917426
 46.15 1.00003463251 -1.00006591758 1.00056254318 1.29839117714 -1.5000261745 0.999370947609
 46.2 1.00003400923 -1.00006811422 1.00055612961 1.29840407084 -1.50002589081 0.999375937858
 46.25 1.00003339562 -1.00007027604 1.00054976985 1.29841685723 -1.50002560997 0.99938088849
 46.3 1.00003279163 -1.00007240317 1.0005434637 1.29842953728 -1.50002533198 0.999385799823
 46.35 1.00003219718 -1.00007449573 1.00053721098 1.29844211193 -1.5000250568 0.99939067217
 46.4 1.00003161221 -1.00007655384 1.00053101151 1.29845458214 -1.50002478441 0.999395505841
 46.45 1.00003103666 -1.00007857765 1.0005248651 1.29846694884 -1.50002451479 0.999400301145
 46.5 1.00003047045 -1.00008056727 1.00051877156 1.29847921296 -1.50002424793 0.999405058389
 46.55 1.00002991352 -1.00008252286 1.00051273069 1.29849137542 -1.50002398379 0.999409777875
 46.6 1.0000293658 -1.00008444456 1.0005067423 1.29850343714 -1.50002372235 0.999414459906
 46.65 1.0000288272 -1.0000863325 1.0005008062 1.29851539902 -1.5000234636 0.999419104778
 46.7 1.00002829767 -1.00008818684 1.00049492218 1.29852726195 -1.50002320751 0.99942371279
 46.75 1.00002777711 -1.00009000773 1.00048909004 1.29853902681 -1.50002295406 0.999428284234
 46.8 1.00002726546 -1.00009179531 1.00048330958 1.29855069449 -1.50002270323 0.999432819401
 46.85 1.00002676263 -1.00009354975 1.0004775806 1.29856226586 -1.500022455 0.999437318582
 46.9 1.00002626855 -1.0000952712 1.00047190288 1.29857374178 -1.50002220934 0.999441782063
 46.95 1.00002578314 -1.00009695983 1.00046627622 1.2985851231 -1.50002196623 0.999446210129
 47.0 1.00002530631 -1.00009861579 1.00046070041 1.29859641066 -1.50002172566 0.999450603061
 47.05 1.00002483799 -1.00010023926 1.00045517523 1.29860760531 -1.5000214876 0.999454961139
 47.1 1.00002437808 -1.00010183041 1.00044970047 1.29861870788 -1.50002125204 0.999459284642
 47.15 1.00002392652 -1.00010338939 1.00044427592 1.29862971918 -1.50002101894 0.999463573844
 47.2 1.0000234832 -1.0001049164 1.00043890134 1.29864064003 -1.50002078829 0.99946782902
 47.25 1.00002304805 -1.0001064116 1.00043357653 1.29865147123 -1.50002056007 0.999472050439
 47.3 1.00002262098 -1.00010787518 1.00042830127 1.29866221359 -1.50002033426 0.99947623837
 47.35 1.0000222019 -1.00010930731 1.00042307532 1.2986728679 -1.50002011083 0.999480393081
 47.4 1.00002179072 -1.00011070818 1.00041789847 1.29868343494 -1.50001988977 0.999484514836
 47.45 1.00002138737 -1.00011207796 1.00041277049 1.29869391548 -1.50001967106 0.999488603897
 47.5 1.00002099174 -1.00011341686 1.00040769115 1.2987043103 -1.50001945467 0.999492660525
 47.55 1.00002060375 -1.00011472506 1.00040266022 1.29871462015 -1.50001924059 0.999496684977
 47.6 1.00002022331 -1.00011600274 1.00039767747 1.2987248458 -1.50001902879 0.99950067751
 47.65 1.00001985033 -1.0001172501 1.00039274267 1.29873498799 -1.50001881926 0.999504638377
 47.7 1.00001948471 -1.00011846734 1.00038785558 1.29874504745 -1.50001861197 0.999508567832
 47.75 1.00001912638 -1.00011965465 1.00038301598 1.29875502493 -1.50001840691 0.999512466123
 47.8 1.00001877523 -1.00012081224 1.00037822361 1.29876492114 -1.50001820405 0.999516333499
 47.85 1.00001843118 -1.00012194029 1.00037347826 1.29877473682 -1.50001800338 0.999520170205
 47.9 1.00001809413 -1.00012303901 1.00036877967 1.29878447266 -1.50001780487 0.999523976486
 47.95 1.000017764 -1.00012410862 1.0003641276 1.29879412938 -1.50001760851 0.999527752584
 48.0 1.00001744069 -1.0001251493 1.00035952183 1.29880370768 -1.50001741428 0.999531498739
 48.05 1.00001712411 -1.00012616126 1.00035496209 1.29881320824 -1.50001722215 0.999535215188
 48.1 1.00001681416 -1.00012714472 1.00035044816 1.29882263176 -1.50001703212 0.999538902169
 48.15 1.00001651076 -1.00012809989 1.00034597978 1.29883197891 -1.50001684415 0.999542559915
 48.2 1.00001621382 -1.00012902697 1.00034155672 1.29884125036 -1.50001665823 0.999546188658
 48.25 1.00001592324 -1.00012992617 1.00033717871 1.29885044679 -1.50001647434 0.99954978863
 48.3 1.00001563892 -1.00013079771 1.00033284552 1.29885956885 -1.50001629247 0.99955336006
 48.35 1.00001536079 -1.00013164181 1.0003285569 1.2988686172 -1.50001611259 0.999556903173
 48.4 1.00001508874 -1.00013245867 1.0003243126 1.29887759248 -1.50001593468 0.999560418196
 48.45 1.00001482269 -1.00013324852 1.00032011236 1.29888649534 -1.50001575873 0.999563905351
 48.5 1.00001456255 -1.00013401157 1.00031595594 1.29889532641 -1.50001558472 0.99956736486
 48.55 1.00001430821 -1.00013474804 1.00031184309 1.29890408632 -1.50001541263 0.999570796942
 48.6 1.0000140596 -1.00013545816 1.00030777354 1.29891277569 -1.50001524244 0.999574201816
 48.65 1.00001381663 -1.00013614213 1.00030374706 1.29892139514 -1.50001507413 0.999577579698
 48.7 1.00001357919 -1.00013680019 1.00029976337 1.29892994529 -1.50001490769 0.999580930801
 48.75 1.00001334721 -1.00013743256 1.00029582224 1.29893842673 -1.5000147431 0.99958425534
 48.8 1.00001312059 -1.00013803945 1.0002919234 1.29894684007 -1.50001458034 0.999587553524
 48.85 1.00001289924 -1.0001386211 1.00028806659 1.2989551859 -1.50001441939 0.999590825564
 48.9 1.00001268308 -1.00013917772 1.00028425157 1.29896346481 -1.50001426023 0.999594071666
 48.95 1.00001247201 -1.00013970955 1.00028047806 1.29897167739 -1.50001410285 0.999597292037
 49.0 1.00001226595 -1.00014021681 1.00027674582 1.29897982421 -1.50001394723 0.999600486881
 49.05 1.00001206482 -1.00014069972 1.00027305459 1.29898790584 -1.50001379335 0.999603656401
 49.1 1.00001186851 -1.00014115852 1.0002694041 1.29899592285 -1.5000136412 0.999606800798
 49.15 1.00001167696 -1.00014159343 1.0002657941 1.29900387579 -1.50001349076 0.999609920272
 49.2 1.00001149007 -1.00014200468 1.00026222432 1.29901176524 -1.50001334201 0.999613015019
 49.25 1.00001130775 -1.0001423925 1.00025869451 1.29901959173 -1.50001319493 0.999616085237
 49.3 1.00001112992 -1.00014275712 1.00025520441 1.29902735581 -1.50001304951 0.99961913112
 49.35 1.0000109565 -1.00014309877 1.00025175375 1.29903505801 -1.50001290574 0.999622152862
 49.4 1.0000107874 -1.00014341768 1.00024834227 1.29904269889 -1.50001276359 0.999625150653
 49.45 1.00001062254 -1.00014371407 1.00024496972 1.29905027896 -1.50001262304 0.999628124685
 49.5 1.00001046184 -1.00014398818 1.00024163582 1.29905779875 -1.50001248409 0.999631075145
 49.55 1.00001030522 -1.00014424025 1.00023834032 1.29906525877 -1.50001234672 0.99963400222
 49.6 1.00001015258 -1.0001444705 1.00023508296 1.29907265955 -1.5000122109 0.999636906097
 49.65 1.00001000386 -1.00014467916 1.00023186347 1.2990800016 -1.50001207663 0.999639786959
 49.7 1.00000985898 -1.00014486646 1.00022868159 1.29908728541 -1.50001194389 0.999642644989
 49.75 1.00000971784 -1.00014503264 1.00022553705 1.29909451149 -1.50001181266 0.999645480367
 49.8 1.00000958039 -1.00014517793 1.0002224296 1.29910168033 -1.50001168293 0.999648293274
 49.85 1.00000944653 -1.00014530255 1.00021935897 1.29910879242 -1.50001155468 0.999651083888
 