0.0 0.0 -1.0 1.7 -2.2 -1.6 0.0
 0.05 0.0 -1.0 1.7 -2.2 -1.6 0.0
 0.1 0.00534846332903 -0.963040450788 1.71837346267 -2.25537035304 -1.59962166467 0.00533170015711
 0.15 0.0171592338321 -0.94954753164 1.74540544465 -2.30593098278 -1.59953074836 0.0105507294365
 0.2 0.0348076393879 -0.952292199467 1.77693127983 -2.35310196655 -1.59961809414 0.0164234958607
 0.25 0.0571706878882 -0.969340139329 1.8126685219 -2.3963596515 -1.60005430224 0.022838307284
 0.3 0.0834058297148 -0.998273965056 1.85157780333 -2.43610985162 -1.60083778239 0.0296912125491
 0.35 0.112813407744 -1.03679244819 1.89226385404 -2.47298124228 -1.60189953533 0.0368276669538
 0.4 0.144800519783 -1.08276233226 1.93329056353 -2.5076947471 -1.60314010905 0.0440667589263
 0.45 0.178840437003 -1.13423103159 1.97335764858 -2.5409714884 -1.60444043711 0.0512046340036
 0.5 0.214441218782 -1.18941135654 2.01137606712 -2.57346843115 -1.60565771507 0.0580133954841
 0.55 0.251125307287 -1.24666080858 2.04648917319 -2.60573592564 -1.60661509299 0.0642418347419
 0.6 0.28842132427 -1.30446760583 2.07806598351 -2.63819181708 -1.60709138179 0.0696227612392
 0.65 0.325868422674 -1.36144900656 2.10568069748 -2.67110900332 -1.60681659745 0.0738896652873
 0.7 0.363031873532 -1.41636189643 2.1290858554 -2.70461568801 -1.60547882171 0.0768023295084
 0.75 0.399525789636 -1.46812152748 2.14818338735 -2.73870860401 -1.60274582085 0.0781767746816
 0.8 0.435035958035 -1.51582230428 2.16299649279 -2.77327852956 -1.59830032096 0.0779111926403
 0.85 0.469334681095 -1.55875466559 2.17364439771 -2.80814502545 -1.59188197081 0.0759989633152
 0.9 0.502281941094 -1.59641373173 2.18032087677 -2.84309496162 -1.58332499179 0.0725239892262
 0.95 0.533812506396 -1.62849752275 2.18327618132 -2.87791858205 -1.57258124003 0.0676405646008
 1.0 0.563913872917 -1.65489456317 2.18280129968 -2.9124380623 -1.5597237626 0.0615454837355
 1.05 0.592602300755 -1.67566234524 2.17921359306 -2.94652599303 -1.54493260822 0.0544510078117
 1.1 0.61990310429 -1.69099928852 2.17284347906 -2.98011373943 -1.52846909472 0.0465642885462
 1.15 0.645838362104 -1.7012133598 2.16402241111 -3.01319134449 -1.51064572792 0.0380747945132
 1.2 0.670422232705 -1.70669039454 2.15307261761 -3.04580138996 -1.49179751893 0.029148485863
 1.25 0.693662114123 -1.70786457246 2.14029895397 -3.07802924724 -1.47225814738 0.0199264611893
 1.3 0.715563112017 -1.70519271109 2.1259829733 -3.10999177509 -1.45234233848 0.0105259872086
 1.35 0.736133403348 -1.69913326379 2.1103790922 -3.1418260106 -1.43233436979 0.00104248381111
 1.4 0.755388726431 -1.69013025782 2.09371258043 -3.17367889925 -1.41248181001 -0.0084483010106
 1.45 0.773355054053 -1.67860192191 2.07617903513 -3.20569867887 -1.39299327486 -0.017888223434
 1.5 0.790069257881 -1.6649334319 2.05794498491 -3.23802818601 -1.3740389926 -0.0272348253175
 1.55 0.805578098424 -1.64947303109 2.03914928411 -3.2708000906 -1.35575315274 -0.0364595113434
 1.6 0.819936131588 -1.63253073579 2.01990499052 -3.30413388078 -1.33823725576 -0.0455457641763
 1.65 0.833203150109 -1.61437888584 2.00030146692 -3.33813431096 -1.32156391731 -0.0544873732556
 1.7 0.845441659354 -1.59525390933 1.98040650302 -3.37289098034 -1.30578077273 -0.0632866895099
 1.75 0.85671470932 -1.57535880774 1.96026831555 -3.40847871427 -1.29091426812 -0.0719529427348
 1.8 0.867084232959 -1.55486600334 1.93991734229 -3.44495845815 -1.27697321757 -0.0805006672028
 1.85 0.876609910111 -1.53392030938 1.91936779688 -3.48237844802 -1.26395206467 -0.0889482772978
 1.9 0.885348495338 -1.51264187618 1.89861898927 -3.52077547956 -1.25183382113 -0.0973168236564
 1.95 0.893353510564 -1.49112903264 1.87765644319 -3.56017615109 -1.24059267568 -0.105628946156
 2.0 0.900675196725 -1.46946098662 1.85645285692 -3.60059800022 -1.23019627803 -0.11390802642
 2.05 0.907360630021 -1.44770037399 1.83496895959 -3.64205048921 -1.22060770988 -0.122177531174
 2.1 0.91345392761 -1.4258956603 1.81315431517 -3.68453581941 -1.21178715977 -0.130460529524
 2.15 0.918996488364 -1.40408340471 1.79094812291 -3.7280495736 -1.20369332098 -0.138779361975
 2.2 0.924027232804 -1.38229039737 1.7682800574 -3.77258119774 -1.19628453443 -0.147155436466
 2.25 0.928582821201 -1.36053567921 1.74507118597 -3.81811434205 -1.18951969866 -0.155609126175
 2.3 0.932697839708 -1.33883245044 1.72123499587 -3.86462708782 -1.18335897003 -0.164159744847
 2.35 0.936404951823 -1.31718986978 1.69667855905 -3.91209209083 -1.17776427514 -0.172825577407
 2.4 0.939735017026 -1.29561474287 1.67130385806 -3.96047667675 -1.1726996567 -0.181623946121
 2.45 0.942717180957 -1.27411309409 1.64500929247 -4.00974292808 -1.16813147248 -0.190571295367
 2.5 0.945378942526 -1.25269161221 1.6176913797 -4.05984780639 -1.16402846516 -0.199683280885
 2.55 0.947746203478 -1.23135895723 1.58924665774 -4.11074335808 -1.16036171922 -0.208974852079
 2.6 0.949843305564 -1.21012691302 1.5595737877 -4.16237705563 -1.15710451981 -0.218460318594
 2.65 0.951693059862 -1.18901136945 1.52857584282 -4.21469232861 -1.154232128 -0.228153394928
 2.7 0.953316772248 -1.16803311826 1.49616275595 -4.2676293389 -1.15172148764 -0.23806721943
 2.75 0.95473426851 -1.14721845063 1.46225388274 -4.32112605101 -1.14955088102 -0.248214346741
 2.8 0.955963922421 -1.12659955147 1.42678062311 -4.37511964144 -1.1476995544 -0.258606715708
 2.85 0.957022690054 -1.10621469658 1.38968903407 -4.42954827905 -1.14614734001 -0.269255597937
 2.9 0.957926153836 -1.08610827448 1.35094236579 -4.48435329458 -1.14487430788 -0.280171535558
 2.95 0.958688580302 -1.0663306749 1.31052346535 -4.53948174172 -1.14386048953 -0.291364280058
 3.0 0.959322996113 -1.04693811011 1.26843702432 -4.59488933996 -1.14308572522 -0.302842747047
 3.05 0.959841287919 -1.02799246302 1.22471170015 -4.65054378379 -1.14252969881 -0.314615004091
 3.1 0.960254333157 -1.00956128775 1.17940222347 -4.70642840794 -1.14217224021 -0.326688310108
 3.15 0.960572171535 -0.991718123391 1.13259171589 -4.76254621739 -1.14199399923 -0.339069225123
 3.2 0.960804231418 -0.974543324295 1.08439459293 -4.81892432256 -1.14197763221 -0.351763808753
 3.25 0.960959633074 -0.958125661456 1.03496062293 -4.87561885757 -1.14210970359 -0.36477792512
 3.3 0.961047603516 -0.942565015537 0.984480970943 -4.93272048526 -1.14238360446 -0.378117671742
 3.35 0.961078058553 -0.927976563829 0.933197397242 -4.99036056699 -1.1428039487 -0.391789950493
 3.4 0.961062440485 -0.914496952862 0.881416221029 -5.04871791579 -1.14339315318 -0.405803198665
 3.45 0.961014949269 -0.902293007414 0.829529184885 -5.108025591 -1.14420126743 -0.420168291479
 3.5 0.960954372495 -0.891573440748 0.778043823501 -5.1685761014 -1.14532058181 -0.434899596943
 3.55 0.960906791258 -0.88260350997 0.727625850297 -5.23072106975 -1.14690696224 -0.450016066067
 3.6 0.960909447925 -0.875720956372 0.679154028915 -5.29485701106 -1.14920964095 -0.465541973783
 3.65 0.961015796633 -0.871347676047 0.633780713657 -5.36138188646 -1.15260861733 -0.481506276056
 3.7 0.961300712973 -0.869983950775 0.592972820234 -5.43060026572 -1.15765005634 -0.497938178305
 3.75 0.961862251503 -0.87216194052 0.55847383176 -5.50256187043 -1.16505001876 -0.51485430152
 3.8 0.962812463915 -0.878334651554 0.532094890689 -5.57687017884 -1.17561003523 -0.532231571968
 3.85 0.964249639951 -0.888714281845 0.515287910611 -5.65260889632 -1.18999625399 -0.549966899877
 3.9 0.966217779176 -0.903154764476 0.508661896589 -5.72858328765 -1.20844717825 -0.567849679243
 3.95 0.968681040341 -0.921196971185 0.511810306598 -5.80383432018 -1.23062960271 -0.585597534767
 4.0 0.971537173078 -0.942259072628 0.523618921382 -5.8780340413 -1.25579017599 -0.602964320911
 4.05 0.974657741918 -0.965818318777 0.542767345095 -5.95148091619 -1.28306154678 -0.619836760716
 4.1 0.977923926398 -0.991486458874 0.568069484519 -6.02483961604 -1.31169049194 -0.636243424937
 4.15 0.981243041331 -1.01900212041 0.598584106276 -6.09888806455 -1.34111828872 -0.652301399111
 4.2 0.984550118416 -1.04819515115 0.633598808592 -6.17437207466 -1.3709697079 -0.668161451766
 4.25 0.98780317298 -1.07895216409 0.672577837775 -6.25194605894 -1.40101234783 -0.683976414407
 4.3 0.990977353282 -1.11119017455 0.715111505929 -6.33215862159 -1.43111582643 -0.699888637749
 4.35 0.994059880012 -1.14483720777 0.760875919332 -6.41545716801 -1.46121916824 -0.716027291784
 