0.0 1.0 -1.0 1.0 1.3 -1.5 1.0
 0.05 1.0 -1.0 1.0 1.3 -1.5 1.0
 0.1 1.0 -1.0 1.0 1.3 -1.5 1.0
 0.15 1.0 -1.0 1.0 1.3 -1.5 1.0
 0.2 1.0 -1.0 1.0 1.3 -1.5 1.0
 0.25 1.0 -1.0 1.0 1.3 -1.5 1.0
 0.3 1.0 -1.0 1.0 1.3 -1.5 1.0
 0.35 1.0 -1.0 1.0 1.3 -1.5 1.0
 0.4 1.0 -1.0 1.0 1.3 -1.5 1.0
 0.45 1.0 -1.0 1.0 1.3 -1.5 1.0
 0.5 1.0 -1.0 1.0 1.3 -1.5 1.0
 0.55 1.0 -1.0 1.0 1.3 -1.5 1.0
 0.6 1.0 -1.0 1.0 1.3 -1.5 1.0
 0.65 1.0 -1.0 1.0 1.3 -1.5 1.0
 0.7 1.0 -1.0 1.0 1.3 -1.5 1.0
 0.75 1.0 -1.0 1.0 1.3 -1.5 1.0
 0.8 1.0 -1.0 1.0 1.3 -1.5 1.0
 0.85 1.0 -1.0 1.0 1.3 -1.5 1.0
 0.9 1.0 -1.0 1.0 1.3 -1.5 1.0
 0.95 1.0 -1.0 1.0 1.3 -1.5 1.0
 1.0 1.0 -1.0 1.0 1.3 -1.5 1.0
 1.05 1.0 -1.0 1.0 1.3 -1.5 1.0
 1.1 1.0 -1.0 1.0 1.3 -1.5 1.0
 1.15 1.0 -1.0 1.0 1.3 -1.5 1.0
 1.2 1.0 -1.0 1.0 1.3 -1.5 1.0
 1.25 1.0 -1.0 1.0 1.3 -1.5 1.0
 1.3 1.0 -1.0 1.0 1.3 -1.5 1.0
 1.35 1.0 -1.0 1.0 1.3 -1.5 1.0
 1.4 1.0 -1.0 1.0 1.3 -1.5 1.0
 1.45 1.0 -1.0 1.0 1.3 -1.5 1.0
 1.5 1.0 -1.0 1.0 1.3 -1.5 1.0
 1.55 1.0 -1.0 1.0 1.3 -1.5 1.0
 1.6 1.0 -1.0 1.0 1.3 -1.5 1.0
 1.65 1.0 -1.0 1.0 1.3 -1.5 1.0
 1.7 1.0 -1.0 1.0 1.3 -1.5 1.0
 1.75 1.0 -1.0 1.0 1.3 -1.5 1.0
 1.8 1.0 -1.0 1.0 1.3 -1.5 1.0
 1.85 1.0 -1.0 1.0 1.3 -1.5 1.0
 1.9 1.0 -1.0 1.0 1.3 -1.5 1.0
 1.95 1.0 -1.0 1.0 1.3 -1.5 1.0
 2.0 1.0 -1.0 1.0 1.3 -1.5 1.0
 2.05 1.0 -1.0 1.0 1.3 -1.5 1.0
 2.1 1.0 -1.0 1.0 1.3 -1.5 1.0
 2.15 1.0 -1.0 1.0 1.3 -1.5 1.0
 2.2 1.0 -1.0 1.0 1.3 -1.5 1.0
 2.25 1.0 -1.0 1.0 1.3 -1.5 1.0
 2.3 1.0 -1.0 1.0 1.3 -1.5 1.0
 2.35 1.0 -1.0 1.0 1.3 -1.5 1.0
 2.4 1.0 -1.0 1.0 1.3 -1.5 1.0
 2.45 1.0 -1.0 1.0 1.3 -1.5 1.0
 2.5 1.0 -1.0 1.0 1.3 -1.5 1.0
 2.55 1.0 -1.0 1.0 1.3 -1.5 1.0
 2.6 1.0 -1.0 1.0 1.3 -1.5 1.0
 2.65 1.0 -1.0 1.0 1.3 -1.5 1.0
 2.7 1.0 -1.0 1.0 1.3 -1.5 1.0
 2.75 1.0 -1.0 1.0 1.3 -1.5 1.0
 2.8 1.0 -1.0 1.0 1.3 -1.5 1.0
 2.85 1.0 -1.0 1.0 1.3 -1.5 1.0
 2.9 1.0 -1.0 1.0 1.3 -1.5 1.0
 2.95 1.0 -1.0 1.0 1.3 -1.5 1.0
 3.0 1.0 -1.0 1.0 1.3 -1.5 1.0
 3.05 1.0 -1.0 1.0 1.3 -1.5 1.0
 3.1 1.0 -1.0 1.0 1.3 -1.5 1.0
 3.15 1.0 -1.0 1.0 1.3 -1.5 1.0
 3.2 1.0 -1.0 1.0 1.3 -1.5 1.0
 3.25 1.0 -1.0 1.0 1.3 -1.5 1.0
 3.3 1.0 -1.0 1.0 1.3 -1.5 1.0
 3.35 1.0 -1.0 1.0 1.3 -1.5 1.0
 3.4 1.0 -1.0 1.0 1.3 -1.5 1.0
 3.45 1.0 -1.0 1.0 1.3 -1.5 1.0
 3.5 1.0 -1.0 1.0 1.3 -1.5 1.0
 3.55 1.0 -1.0 1.0 1.3 -1.5 1.0
 3.6 1.0 -1.0 1.0 1.3 -1.5 1.0
 3.65 1.0 -1.0 1.0 1.3 -1.5 1.0
 3.7 1.0 -1.0 1.0 1.3 -1.5 1.0
 3.75 1.0 -1.0 1.0 1.3 -1.5 1.0
 3.8 1.0 -1.0 1.0 1.3 -1.5 1.0
 3.85 1.0 -1.0 1.0 1.3 -1.5 1.0
 3.9 1.0 -1.0 1.0 1.3 -1.5 1.0
 3.95 1.0 -1.0 1.0 1.3 -1.5 1.0
 4.0 1.0 -1.0 1.0 1.3 -1.5 1.0
 4.05 1.0 -1.0 1.0 1.3 -1.5 1.0
 4.1 1.0 -1.0 1.0 1.3 -1.5 1.0
 4.15 1.0 -1.0 1.0 1.3 -1.5 1.0
 4.2 1.0 -1.0 1.0 1.3 -1.5 1.0
 4.25 1.0 -1.0 1.0 1.3 -1.5 1.0
 4.3 1.0 -1.0 1.0 1.3 -1.5 1.0
 4.35 1.0 -1.0 1.0 1.3 -1.5 1.0
 4.4 1.0 -1.0 1.0 1.3 -1.5 1.0
 4.45 1.0 -1.0 1.0 1.3 -1.5 1.0
 4.5 1.0 -1.0 1.0 1.3 -1.5 1.0
 4.55 1.0 -1.0 1.0 1.3 -1.5 1.0
 4.6 1.0 -1.0 1.0 1.3 -1.5 1.0
 4.65 1.0 -1.0 1.0 1.3 -1.5 1.0
 4.7 1.0 -1.0 1.0 1.3 -1.5 1.0
 4.75 1.0 -1.0 1.0 1.3 -1.5 1.0
 4.8 1.0 -1.0 1.0 1.3 -1.5 1.0
 4.85 1.0 -1.0 1.0 1.3 -1.5 1.0
 4.9 1.0 -1.0 1.0 1.3 -1.5 1.0
 4.95 1.0 -1.0 1.0 1.3 -1.5 1.0
 5.0 1.0 -1.0 1.0 1.3 -1.5 1.0
 5.05 1.0 -1.0 1.0 1.3 -1.5 1.0
 5.1 1.0 -1.0 1.0 1.3 -1.5 1.0
 5.15 1.0 -1.0 1.0 1.3 -1.5 1.0
 5.2 1.0 -1.0 1.0 1.3 -1.5 1.0
 5.25 1.0 -1.0 1.0 1.3 -1.5 1.0
 5.3 1.0 -1.0 1.0 1.3 -1.5 1.0
 5.35 1.0 -1.0 1.0 1.3 -1.5 1.0
 5.4 1.0 -1.0 1.0 1.3 -1.5 1.0
 5.45 1.0 -1.0 1.0 1.3 -1.5 1.0
 5.5 1.0 -1.0 1.0 1.3 -1.5 1.0
 5.55 1.0 -1.0 1.0 1.3 -1.5 1.0
 5.6 1.0 -1.0 1.0 1.3 -1.5 1.0
 5.65 1.0 -1.0 1.0 1.3 -1.5 1.0
 5.7 1.0 -1.0 1.0 1.3 -1.5 1.0
 5.75 1.0 -1.0 1.0 1.3 -1.5 1.0
 5.8 1.0 -1.0 1.0 1.3 -1.5 1.0
 5.85 1.0 -1.0 1.0 1.3 -1.5 1.0
 5.9 1.0 -1.0 1.0 1.3 -1.5 1.0
 5.95 1.0 -1.0 1.0 1.3 -1.5 1.0
 6.0 1.0 -1.0 1.0 1.3 -1.5 1.0
 6.05 1.0 -1.0 1.0 1.3 -1.5 1.0
 6.1 1.0 -1.0 1.0 1.3 -1.5 1.0
 6.15 1.0 -1.0 1.0 1.3 -1.5 1.0
 6.2 1.0 -1.0 1.0 1.3 -1.5 1.0
 6.25 1.0 -1.0 1.0 1.3 -1.5 1.0
 6.3 1.0 -1.0 1.0 1.3 -1.5 1.0
 6.35 1.0 -1.0 1.0 1.3 -1.5 1.0
 6.4 1.0 -1.0 1.0 1.3 -1.5 1.0
 6.45 1.0 -1.0 1.0 1.3 -1.5 1.0
 6.5 1.0 -1.0 1.0 1.3 -1.5 1.0
 6.55 1.0 -1.0 1.0 1.3 -1.5 1.0
 6.6 1.0 -1.0 1.0 1.3 -1.5 1.0
 6.65 1.0 -1.0 1.0 1.3 -1.5 1.0
 6.7 1.0 -1.0 1.0 1.3 -1.5 1.0
 6.75 1.0 -1.0 1.0 1.3 -1.5 1.0
 6.8 1.0 -1.0 1.0 1.3 -1.5 1.0
 6.85 1.0 -1.0 1.0 1.3 -1.5 1.0
 6.9 1.0 -1.0 1.0 1.3 -1.5 1.0
 6.95 1.0 -1.0 1.0 1.3 -1.5 1.0
 7.0 1.0 -1.0 1.0 1.3 -1.5 1.0
 7.05 1.0 -1.0 1.0 1.3 -1.5 1.0
 7.1 1.0 -1.0 1.0 1.3 -1.5 1.0
 7.15 1.0 -1.0 1.0 1.3 -1.5 1.0
 7.2 1.0 -1.0 1.0 1.3 -1.5 1.0
 7.25 1.0 -1.0 1.0 1.3 -1.5 1.0
 7.3 1.0 -1.0 1.0 1.3 -1.5 1.0
 7.35 1.0 -1.0 1.0 1.3 -1.5 1.0
 7.4 1.0 -1.0 1.0 1.3 -1.5 1.0
 7.45 1.0 -1.0 1.0 1.3 -1.5 1.0
 7.5 1.0 -1.0 1.0 1.3 -1.5 1.0
 7.55 1.0 -1.0 1.0 1.3 -1.5 1.0
 7.6 1.0 -1.0 1.0 1.3 -1.5 1.0
 7.65 1.0 -1.0 1.0 1.3 -1.5 1.0
 7.7 1.0 -1.0 1.0 1.3 -1.5 1.0
 7.75 1.0 -1.0 1.0 1.3 -1.5 1.0
 7.8 1.0 -1.0 1.0 1.3 -1.5 1.0
 7.85 1.0 -1.0 1.0 1.3 -1.5 1.0
 7.9 1.0 -1.0 1.0 1.3 -1.5 1.0
 7.95 1.0 -1.0 1.0 1.3 -1.5 1.0
 8.0 1.0 -1.0 1.0 1.3 -1.5 1.0
 8.05 1.0 -1.0 1.0 1.3 -1.5 1.0
 8.1 1.0 -1.0 1.0 1.3 -1.5 1.0
 8.15 1.0 -1.0 1.0 1.3 -1.5 1.0
 8.2 1.0 -1.0 1.0 1.3 -1.5 1.0
 8.25 1.0 -1.0 1.0 1.3 -1.5 1.0
 8.3 1.0 -1.0 1.0 1.3 -1.5 1.0
 8.35 1.0 -1.0 1.0 1.3 -1.5 1.0
 8.4 1.0 -1.0 1.0 1.3 -1.5 1.0
 8.45 1.0 -1.0 1.0 1.3 -1.5 1.0
 8.5 1.0 -1.0 1.0 1.3 -1.5 1.0
 8.55 1.0 -1.0 1.0 1.3 -1.5 1.0
 8.6 1.0 -1.0 1.0 1.3 -1.5 1.0
 8.65 1.0 -1.0 1.0 1.3 -1.5 1.0
 8.7 1.0 -1.0 1.0 1.3 -1.5 1.0
 8.75 1.0 -1.0 1.0 1.3 -1.5 1.0
 8.8 1.0 -1.0 1.0 1.3 -1.5 1.0
 8.85 1.0 -1.0 1.0 1.3 -1.5 1.0
 8.9 1.0 -1.0 1.0 1.3 -1.5 1.0
 8.95 1.0 -1.0 1.0 1.3 -1.5 1.0
 9.0 1.0 -1.0 1.0 1.3 -1.5 1.0
 9.05 1.0 -1.0 1.0 1.3 -1.5 1.0
 9.1 1.0 -1.0 1.0 1.3 -1.5 1.0
 9.15 1.0 -1.0 1.0 1.3 -1.5 1.0
 9.2 1.0 -1.0 1.0 1.3 -1.5 1.0
 9.25 1.0 -1.0 1.0 1.3 -1.5 1.0
 9.3 1.0 -1.0 1.0 1.3 -1.5 1.0
 9.35 1.0 -1.0 1.0 1.3 -1.5 1.0
 9.4 1.0 -1.0 1.0 1.3 -1.5 1.0
 9.45 1.0 -1.0 1.0 1.3 -1.5 1.0
 9.5 1.0 -1.0 1.0 1.3 -1.5 1.0
 9.55 1.0 -1.0 1.0 1.3 -1.5 1.0
 9.6 1.0 -1.0 1.0 1.3 -1.5 1.0
 9.65 1.0 -1.0 1.0 1.3 -1.5 1.0
 9.7 1.0 -1.0 1.0 1.3 -1.5 1.0
 9.75 1.0 -1.0 1.0 1.3 -1.5 1.0
 9.8 1.0 -1.0 1.0 1.3 -1.5 1.0
 9.85 1.0 -1.0 1.0 1.3 -1.5 1.0
 9.9 1.0 -1.0 1.0 1.3 -1.5 1.0
 9.95 1.0 -1.0 1.0 1.3 -1.5 1.0
 10.0 1.0 -1.0 1.0 1.3 -1.5 1.0
 10.05 1.0 -1.0 1.0 1.3 -1.5 1.0
 10.1 1.0 -1.0 1.0 1.3 -1.5 1.0
 10.15 1.0 -1.0 1.0 1.3 -1.5 1.0
 10.2 1.0 -1.0 1.0 1.3 -1.5 1.0
 10.25 1.0 -1.0 1.0 1.3 -1.5 1.0
 10.3 1.0 -1.0 1.0 1.3 -1.5 1.0
 10.35 1.0 -1.0 1.0 1.3 -1.5 1.0
 10.4 1.0 -1.0 1.0 1.3 -1.5 1.0
 10.45 1.0 -1.0 1.0 1.3 -1.5 1.0
 10.5 1.0 -1.0 1.0 1.3 -1.5 1.0
 10.55 1.0 -1.0 1.0 1.3 -1.5 1.0
 10.6 1.0 -1.0 1.0 1.3 -1.5 1.0
 10.65 1.0 -1.0 1.0 1.3 -1.5 1.0
 10.7 1.0 -1.0 1.0 1.3 -1.5 1.0
 10.75 1.0 -1.0 1.0 1.3 -1.5 1.0
 10.8 1.0 -1.0 1.0 1.3 -1.5 1.0
 10.85 1.0 -1.0 1.0 1.3 -1.5 1.0
 10.9 1.0 -1.0 1.0 1.3 -1.5 1.0
 10.95 1.0 -1.0 1.0 1.3 -1.5 1.0
 11.0 1.0 -1.0 1.0 1.3 -1.5 1.0
 11.05 1.0 -1.0 1.0 1.3 -1.5 1.0
 11.1 1.0 -1.0 1.0 1.3 -1.5 1.0
 11.15 1.0 -1.0 1.0 1.3 -1.5 1.0
 11.2 1.0 -1.0 1.0 1.3 -1.5 1.0
 11.25 1.0 -1.0 1.0 1.3 -1.5 1.0
 11.3 1.0 -1.0 1.0 1.3 -1.5 1.0
 11.35 1.0 -1.0 1.0 1.3 -1.5 1.0
 11.4 1.0 -1.0 1.0 1.3 -1.5 1.0
 11.45 1.0 -1.0 1.0 1.3 -1.5 1.0
 11.5 1.0 -1.0 1.0 1.3 -1.5 1.0
 11.55 1.0 -1.0 1.0 1.3 -1.5 1.0
 11.6 1.0 -1.0 1.0 1.3 -1.5 1.0
 11.65 1.0 -1.0 1.0 1.3 -1.5 1.0
 11.7 1.0 -1.0 1.0 1.3 -1.5 1.0
 11.75 1.0 -1.0 1.0 1.3 -1.5 1.0
 11.8 1.0 -1.0 1.0 1.3 -1.5 1.0
 11.85 1.0 -1.0 1.0 1.3 -1.5 1.0
 11.9 1.0 -1.0 1.0 1.3 -1.5 1.0
 11.95 1.0 -1.0 1.0 1.3 -1.5 1.0
 