0.0 0.201 -3.06774023186e-17 0.185
0.05 0.201 -3.06774023186e-17 0.185
0.1 0.201000013035 2.53422656591e-10 0.184999897812
0.15 0.201382230943 -0.00414359069388 0.18522515451
0.2 0.201876219057 -0.0117407498377 0.185676473901
0.25 0.202129289389 -0.0221937595933 0.186353749235
0.3 0.20175399245 -0.0349639465707 0.187263950358
0.35 0.200385983263 -0.049543232047 0.188415154591
0.4 0.197720741903 -0.0654398783097 0.189812434375
0.45 0.193534960447 -0.0821762263091 0.191455461225
0.5 0.187696094537 -0.099294763074 0.19333745345
0.55 0.180162514669 -0.116368665761 0.195445130241
0.6 0.17097637954 -0.133013465951 0.197759369644
0.65 0.160251321849 -0.148897305296 0.200256306798
0.7 0.148157003486 -0.163748181843 0.202908653048
0.75 0.134902438706 -0.177357456042 0.205687063883
0.8 0.120719685334 -0.189579594835 0.208561430546
0.85 0.105849109254 -0.200328632852 0.211502013156
0.9 0.090527000402 -0.209572117963 0.214480369858
0.95 0.0749759182639 -0.217323412761 0.217470065751
1.0 0.0593978123592 -0.223633189586 0.22044716682
1.05 0.0439697183919 -0.228580834217 0.223390538545
1.1 0.0288416756658 -0.232266307302 0.226281977254
1.15 0.0141364354614 -0.234802837827 0.229106205927
1.2 -4.94836688816e-05 -0.236310662944 0.231850766221
1.25 -0.0136438081711 -0.236911896417 0.234505836267
1.3 -0.0265959483167 -0.236726508587 0.237064000044
1.35 -0.0388741553206 -0.235869333251 0.239519989849
1.4 -0.0504626198081 -0.234447977021 0.24187041889
1.45 -0.0613586713162 -0.232561488764 0.244113516884
1.5 -0.0715701841514 -0.230299644803 0.246248877827
1.55 -0.0811132510019 -0.227742714211 0.248277226007
1.6 -0.0900101521147 -0.224961583445 0.250200203829
1.65 -0.0982876235724 -0.222018137358 0.252020183093
1.7 -0.10597541177 -0.218965811935 0.253740099926
1.75 -0.113105091007 -0.215850251445 0.25536331261
1.8 -0.11970911567 -0.212710018192 0.256893480825
1.85 -0.125820076444 -0.209577316328 0.25833446449
1.9 -0.131470130311 -0.206478702118 0.259690240174
1.95 -0.136690575883 -0.203435761862 0.260964832975
2.0 -0.141511548249 -0.200465745518 0.262162261863
2.05 -0.14596181057 -0.197582149249 0.263286496562
2.1 -0.150068622745 -0.194795243975 0.264341424221
2.15 -0.153857670506 -0.192112549695 0.265330824287
2.2 -0.157353041014 -0.189539257262 0.266258350192
2.25 -0.160577233556 -0.187078600472 0.267127516618
2.3 -0.16355119603 -0.184732182059 0.267941691302
2.35 -0.1662943798 -0.182500257549 0.268704090461
2.4 -0.168824807011 -0.180381981039 0.269417777103
2.45 -0.17115914577 -0.178375616894 0.270085661573
2.5 -0.173312789642 -0.176478721173 0.270710503806
2.55 -0.175299938758 -0.174688296355 0.271294916871
2.6 -0.177133680558 -0.17300092264 0.271841371439
2.65 -0.178826068686 -0.171412868795 0.272352200904
2.7 -0.180388199044 -0.169920185245 0.272829606924
2.75 -0.181830282303 -0.168518781762 0.27327566521
2.8 -0.183161712459 -0.167204491895 0.273692331423
2.85 -0.184391131208 -0.165973125992 0.274081447075
2.9 -0.185526488047 -0.164820514451 0.274444745354
2.95 -0.186575096159 -0.163742542625 0.274783856816
3.0 -0.187543684164 -0.162735178625 0.275100314904
3.05 -0.188438443918 -0.161794495109 0.275395561261
3.1 -0.189265074544 -0.160916685973 0.275670950825
3.15 -0.190028822921 -0.16009807877 0.275927756698
3.2 -0.190734520858 -0.15933514353 0.276167174779
3.25 -0.191386619186 -0.158624498605 0.276390328164
3.3 -0.191989218991 -0.157962914021 0.276598271322
3.35 -0.192546100213 -0.157347312802 0.276791994049
3.4 -0.19306074783 -0.156774770624 0.276972425204
3.45 -0.193536375806 -0.15624251412 0.277140436251
3.5 -0.193975949015 -0.15574791811 0.277296844597
3.55 -0.194382203296 -0.155288501987 0.277442416748
3.6 -0.194757663811 -0.154861925443 0.27757787129
3.65 -0.195104661854 -0.154465983712 0.277703881705
3.7 -0.195425350234 -0.154098602456 0.277821079028
3.75 -0.195721717387 -0.153757832405 0.277930054356
3.8 -0.195995600291 -0.153441843864 0.278031361217
3.85 -0.196248696326 -0.153148921141 0.278125517808
3.9 -0.196482574147 -0.152877456981 0.278213009105
3.95 -0.196698683671 -0.152625947038 0.278294288861
4.0 -0.196898365248 -0.15239298445 0.278369781483
4.05 -0.19708285809 -0.152177254526 0.278439883809
4.1 -0.197253308025 -0.151977529588 0.27850496679
4.15 -0.197410774632 -0.151792663977 0.278565377069
4.2 -0.197556237804 -0.151621589246 0.278621438472
4.25 -0.1976906038 -0.151463309541 0.27867345342
4.3 -0.197814710817 -0.15131689718 0.278721704255
4.35 -0.197929334134 -0.151181488441 0.278766454495
4.4 -0.198035190848 -0.151056279541 0.27880795001
4.45 -0.198132944251 -0.150940522827 0.278846420137
4.5 -0.198223207872 -0.150833523159 0.278882078729
4.55 -0.198306549202 -0.150734634491 0.278915125137
4.6 -0.198383493143 -0.150643256635 0.278945745141
4.65 -0.198454525194 -0.150558832219 0.278974111826
4.7 -0.198520094392 -0.150480843816 0.279000386398
4.75 -0.198580616036 -0.150408811235 0.279024718959
4.8 -0.198636474204 -0.150342288996 0.279047249236
4.85 -0.198688024082 -0.150280863937 0.279068107256
4.9 -0.19873559412 -0.150224152987 0.279087413992
4.95 -0.198779488023 -0.150171801071 0.27910528196
5.0 -0.198819986601 -0.150123479152 0.279121815787
5.05 -0.198857349473 -0.1500788824 0.279137112733
5.1 -0.198891816652 -0.150037728479 0.279151263191
5.15 -0.198923610004 -0.14999975595 0.279164351153
5.2 -0.198952934608 -0.149964722775 0.279176454638
5.25 -0.19897998001 -0.149932404932 0.279187646104
5.3 -0.199004921384 -0.14990259511 0.279197992829
5.35 -0.199027920607 -0.149875101505 0.279207557263
5.4 -0.199049127257 -0.149849746693 0.279216397366
5.45 -0.199068679534 -0.149826366583 0.279224566916
5.5 -0.199086705116 -0.149804809441 0.279232115801
5.55 -0.199103321945 -0.149784934986 0.279239090292
5.6 -0.199118638965 -0.149766613542 0.279245533292
5.65 -0.199132756796 -0.149749725263 0.279251484578
5.7 -0.199145768362 -0.149734159398 0.279256981019
5.75 -0.199157759473 -0.149719813621 0.279262056782
5.8 -0.199168809359 -0.149706593404 0.279266743525
5.85 -0.199178991171 -0.149694411429 0.279271070575
