0.0 -0.618125936628 -0.10689103941 0.105331238522
0.05 -0.618125936628 -0.10689103941 0.105331238522
0.1 -0.618242053909 -0.10724114985 0.105530411429
0.15 -0.61843875901 -0.107753823753 0.105894465902
0.2 -0.618667569643 -0.108559356706 0.106378817609
0.25 -0.618904638961 -0.109520775543 0.106966154574
0.3 -0.619116878143 -0.110731555606 0.107629325411
0.35 -0.619290064635 -0.112090877597 0.108359032415
0.4 -0.619402624439 -0.113665044152 0.109138129452
0.45 -0.619447095503 -0.115379328075 0.109961386764
0.5 -0.619409910565 -0.117280126672 0.110817782979
0.55 -0.619287965551 -0.119311661675 0.111704310609
0.6 -0.619073057685 -0.121505836341 0.112613864548
0.65 -0.618764727589 -0.123820689053 0.113544731318
0.7 -0.618358299478 -0.126277629461 0.114492372307
0.75 -0.617854833821 -0.128844798367 0.115455862081
0.8 -0.617251954407 -0.131536054672 0.116432360107
0.85 -0.616551541543 -0.134326943638 0.117421430963
0.9 -0.615752715478 -0.13722593012 0.11842135532
0.95 -0.614857759046 -0.140214001483 0.119432000772
1.0 -0.613866768375 -0.143295804058 0.120452379578
1.05 -0.612782190405 -0.146456340195 0.121482539903
1.1 -0.611604760429 -0.149697585257 0.122521961004
1.15 -0.610336960104 -0.153007519703 0.123570789659
1.2 -0.608979945417 -0.15638628124 0.124628792856
1.25 -0.607536167564 -0.159824076046 0.125696160915
1.3 -0.606007060442 -0.163319807285 0.126772828116
1.35 -0.604395015991 -0.166865361548 0.127858991761
1.4 -0.602701651668 -0.17045884224 0.128954673642
1.45 -0.600929290925 -0.174093421418 0.13006005448
1.5 -0.5990796715 -0.177766714626 0.131175191825
1.55 -0.597155048818 -0.181472893288 0.132300235429
1.6 -0.595157237654 -0.185209307385 0.133435246044
1.65 -0.593088429934 -0.188970920114 0.134580334521
1.7 -0.590950487221 -0.192754972947 0.135735545286
1.75 -0.588745543496 -0.196557069665 0.136900946835
1.8 -0.586475485359 -0.200374452831 0.138076556486
1.85 -0.584142393884 -0.20420325597 0.139262399974
1.9 -0.581748164572 -0.208040797863 0.140458462477
1.95 -0.579294829457 -0.211883659676 0.141664728568
2.0 -0.576784280556 -0.215729286532 0.142881149966
2.05 -0.574218503377 -0.219574645525 0.144107672934
2.1 -0.57159937662 -0.223417340129 0.145344216718
2.15 -0.568928840507 -0.227254676054 0.146590692837
2.2 -0.566208752368 -0.231084434062 0.147846990412
2.25 -0.563441007295 -0.234904221309 0.149112990123
2.3 -0.560627434477 -0.238712005363 0.150388554039
2.35 -0.557769883181 -0.242505664803 0.15167353599
2.4 -0.554870148658 -0.246283356787 0.152967774378
2.45 -0.551930033043 -0.250043206319 0.154271100076
2.5 -0.548951292622 -0.253783558154 0.155583331261
2.55 -0.545935680696 -0.257502762286 0.156904279541
2.6 -0.542884910207 -0.261199345737 0.158233746196
2.65 -0.539800683712 -0.264871864617 0.159571526999
2.7 -0.536684667009 -0.268519020596 0.160917409457
2.75 -0.533538509954 -0.2721395589 0.162271176644
2.8 -0.530363827928 -0.275732346723 0.163632605169
2.85 -0.527162216204 -0.279296302827 0.165001468241
2.9 -0.523935236979 -0.282830449871 0.166377534174
2.95 -0.520684429232 -0.286333865698 0.167760568849
3.0 -0.5174112997 -0.289805717858 0.169150334625
3.05 -0.514117329599 -0.293245229757 0.170546592313
3.1 -0.510803968396 -0.296651703065 0.171949100394
3.15 -0.507472638377 -0.30002449404 0.17335761661
3.2 -0.504124730387 -0.303363027746 0.174771897408
3.25 -0.500761606936 -0.30666678132 0.176191699217
3.3 -0.497384599333 -0.309935292694 0.177616778076
3.35 -0.493995009813 -0.313168148614 0.179046890654
3.4 -0.490594109656 -0.316364989693 0.180481794004
3.45 -0.487183140667 -0.319525501677 0.18192124639
3.5 -0.483763313999 -0.322649418095 0.183365007133
3.55 -0.480335811214 -0.325736513752 0.184812837277
3.6 -0.476901783607 -0.328786605805 0.186264499504
3.65 -0.473462353009 -0.331799548813 0.187719758667
3.7 -0.470018611469 -0.334775234814 0.189178381762
3.75 -0.466571621904 -0.33771358945 0.190640138349
3.8 -0.463122418033 -0.340614571435 0.192104800559
3.85 -0.459672004952 -0.343478169448 0.193572143435
3.9 -0.456221359248 -0.346304401241 0.195041944951
3.95 -0.452771429534 -0.349093311092 0.196513986295
4.0 -0.449323136704 -0.351844968723 0.197988051894
4.05 -0.445877374446 -0.354559467162 0.199463929643
4.1 -0.442435009602 -0.357236921588 0.200941410934
4.15 -0.43899688268 -0.35987746751 0.202420290838
4.2 -0.435563808287 -0.3624812596 0.203900368139
4.25 -0.432136575647 -0.365048470125 0.205381445473
4.3 -0.428715949084 -0.367579287817 0.206863329362
4.35 -0.425302668557 -0.37007391651 0.208345830318
4.4 -0.421897450171 -0.372532574069 0.20982876287
4.45 -0.418500986723 -0.374955491202 0.211311945645
4.5 -0.415113948239 -0.377342910468 0.212795201386
4.55 -0.411736982524 -0.379695085229 0.214278357006
4.6 -0.408370715712 -0.382012278753 0.215761243601
4.65 -0.405015752818 -0.384294763287 0.217243696481
4.7 -0.40167267829 -0.386542819248 0.218725555174
4.75 -0.398342056565 -0.388756734414 0.220206663443
4.8 -0.395024432616 -0.390936803195 0.221686869273
4.85 -0.391720332497 -0.393083325929 0.223166024877
4.9 -0.38843026389 -0.395196608234 0.224643986674
4.95 -0.385154716632 -0.397276960392 0.22612061528
5.0 -0.381894163255 -0.399324696784 0.227595775474
5.05 -0.378649059495 -0.401340135352 0.229069336178
5.1 -0.375419844815 -0.403323597106 0.230541170418
5.15 -0.372206942902 -0.405275405658 0.232011155291
5.2 -0.369010762164 -0.407195886798 0.233479171913
5.25 -0.365831696207 -0.409085368091 0.234945105382
5.3 -0.362670124312 -0.410944178512 0.236408844718
5.35 -0.359526411891 -0.412772648103 0.237870282816
5.4 -0.356400910937 -0.414571107662 0.239329316379
5.45 -0.353293960454 -0.41633988845 0.240785845864
5.5 -0.350205886884 -0.418079321931 0.242239775414
5.55 -0.347137004513 -0.41978973952 0.243691012788
5.6 -0.34408761587 -0.421471472368 0.245139469297
5.65 -0.341058012103 -0.423124851153 0.246585059725
5.7 -0.338048473357 -0.424750205897 0.24802770226
5.75 -0.335059269121 -0.426347865793 0.249467318414
5.8 -0.332090658576 -0.427918159056 0.250903832949
5.85 -0.329142890921 -0.429461412782 0.252337173793
5.9 -0.326216205692 -0.430977952821 0.253767271962
5.95 -0.323310833059 -0.432468103666 0.255194061481
6.0 -0.320426994122 -0.433932188348 0.256617479297
6.05 -0.317564901183 -0.435370528348 0.258037465197
6.1 -0.314724758013 -0.436783443512 0.259453961729
6.15 -0.311906760105 -0.438171251981 0.260866914113
6.2 -0.309111094911 -0.439534270122 0.26227627016
6.25 -0.306337942075 -0.440872812471 0.263681980187
6.3 -0.303587473648 -0.442187191685 0.265083996937
6.35 -0.300859854292 -0.443477718491 0.26648227549
6.4 -0.29815524148 -0.444744701648 0.267876773186
6.45 -0.29547378568 -0.445988447912 0.269267449541
6.5 -0.292815630529 -0.447209262001 0.270654266165
6.55 -0.290180913001 -0.448407446573 0.272037186684
6.6 -0.28756976356 -0.449583302195 0.273416176658
6.65 -0.284982306313 -0.450737127325 0.274791203505
6.7 -0.282418659147 -0.451869218288 0.276162236423
6.75 -0.279878933857 -0.452979869266 0.277529246318
6.8 -0.277363236277 -0.454069372273 0.278892205721
6.85 -0.27487166639 -0.45513801715 0.280251088724
6.9 -0.27240431844 -0.456186091543 0.281605870906
6.95 -0.269961281036 -0.457213880899 0.28295652926
7.0 -0.267542637247 -0.458221668446 0.284303042129
7.05 -0.265148464697 -0.459209735192 0.285645389136
7.1 -0.262778835644 -0.460178359906 0.286983551121
7.15 -0.260433817065 -0.461127819112 0.288317510079
7.2 -0.258113470734 -0.46205838708 0.289647249094
7.25 -0.255817853288 -0.462970335812 0.290972752285
7.3 -0.253547016297 -0.463863935037 0.292294004745
7.35 -0.251301006328 -0.464739452198 0.293610992482
7.4 -0.249079865006 -0.465597152443 0.294923702372
7.45 -0.246883629067 -0.466437298612 0.296232122099
7.5 -0.244712330415 -0.467260151233 0.297536240109
7.55 -0.242565996175 -0.468065968504 0.29883604556
7.6 -0.240444648736 -0.468855006286 0.300131528273
7.65 -0.238348305804 -0.469627518093 0.301422678689
7.7 -0.236276980445 -0.470383755079 0.302709487823
7.75 -0.234230681124 -0.471123966023 0.303991947224
7.8 -0.232209411754 -0.471848397327 0.305270048934
7.85 -0.230213171731 -0.472557292995 0.30654378545
7.9 -0.228241955978 -0.473250894626 0.307813149686
7.95 -0.226295754978 -0.473929441402 0.309078134938
8.0 -0.224374554816 -0.474593170074 0.310338734852
8.05 -0.222478337215 -0.475242314954 0.311594943389
8.1 -0.220607079575 -0.475877107902 0.312846754797
8.15 -0.218760755006 -0.476497778315 0.314094163581
8.2 -0.216939332368 -0.477104553113 0.315337164476
8.25 -0.215142776303 -0.477697656735 0.316575752418
8.3 -0.213371047279 -0.478277311124 0.317809922524
8.35 -0.211624101619 -0.478843735718 0.319039670065
8.4 -0.209901891545 -0.479397147441 0.320264990445
8.45 -0.20820436521 -0.479937760695 0.321485879181
8.5 -0.206531466739 -0.480465787352 0.322702331881
8.55 -0.204883136268 -0.480981436744 0.323914344229
8.6 -0.203259309983 -0.481484915659 0.325121911965
8.65 -0.201659920158 -0.481976428335 0.326325030871
8.7 -0.200084895197 -0.482456176454 0.327523696753
8.75 -0.198534159676 -0.482924359135 0.328717905432
8.8 -0.197007634386 -0.483381172936 0.329907652726
8.85 -0.195505236373 -0.483826811846 0.331092934441
8.9 -0.194026878984 -0.484261467288 0.332273746359
8.95 -0.192572471911 -0.484685328115 0.333450084228
9.0 -0.19114192124 -0.485098580612 0.334621943755
9.05 -0.189735129493 -0.485501408497 0.335789320593
9.1 -0.188351995676 -0.485893992922 0.336952210337
9.15 -0.186992415333 -0.48627651248 0.338110608517
9.2 -0.185656280588 -0.486649143208 0.339264510591
9.25 -0.184343480201 -0.487012058589 0.340413911938
9.3 -0.183053899616 -0.487365429566 0.341558807859
9.35 -0.181787421017 -0.487709424545 0.342699193567
9.4 -0.180543923375 -0.488044209404 0.343835064186
9.45 -0.179323282509 -0.488369947507 0.344966414748
9.5 -0.178125371135 -0.488686799712 0.346093240194
9.55 -0.176950058926 -0.488994924384 0.347215535365
9.6 -0.175797212567 -0.489294477408 0.348333295009
9.65 -0.174666695811 -0.489585612209 0.349446513775
9.7 -0.17355836954 -0.489868479759 0.350555186216
9.75 -0.172472091819 -0.4901432286 0.351659306786
9.8 -0.171407717963 -0.490410004862 0.352758869845
9.85 -0.170365100591 -0.490668952279 0.353853869657
9.9 -0.169344089689 -0.490920212209 0.354944300392
9.95 -0.168344532673 -0.491163923658 0.35603015613
10.0 -0.167366274449 -0.491400223299 0.357111430861
10.05 -0.166409157476 -0.491629245498 0.358188118489
10.1 -0.165473021831 -0.491851122332 0.359260212833
10.15 -0.164557705271 -0.49206598362 0.360327707634
10.2 -0.163663043297 -0.492273956945 0.361390596555
10.25 -0.162788869221 -0.49247516768 0.362448873188
10.3 -0.161935014228 -0.492669739017 0.363502531054
10.35 -0.161101307443 -0.492857791992 0.364551563611
10.4 -0.160287575995 -0.493039445517 0.365595964258
10.45 -0.159493645086 -0.493214816404 0.366635726338
10.5 -0.158719338053 -0.4933840194 0.367670843145
10.55 -0.157964476438 -0.493547167215 0.368701307928
10.6 -0.157228880051 -0.493704370551 0.369727113898
10.65 -0.156512367039 -0.493855738135 0.37074825423
10.7 -0.155814753952 -0.494001376751 0.371764722073
10.75 -0.155135855809 -0.494141391272 0.372776510554
10.8 -0.154475486164 -0.494275884691 0.373783612783
10.85 -0.153833457176 -0.494404958157 0.374786021862
10.9 -0.15320957967 -0.494528711003 0.375783730888
10.95 -0.152603663208 -0.494647240785 0.376776732961
11.0 -0.152015516154 -0.494760643311 0.377765021191
11.05 -0.151444945739 -0.494869012678 0.378748588703
11.1 -0.150891758127 -0.494972441302 0.379727428645
11.15 -0.150355758483 -0.495071019958 0.380701534194
11.2 -0.149836751034 -0.495164837807 0.381670898563
11.25 -0.149334539139 -0.495253982433 0.382635515009
11.3 -0.14884892535 -0.495338539881 0.383595376837
11.35 -0.148379711475 -0.495418594682 0.384550477409
11.4 -0.147926698649 -0.495494229895 0.385500810152
11.45 -0.14748968739 -0.495565527136 0.386446368561
11.5 -0.147068477664 -0.495632566614 0.38738714621
11.55 -0.14666286895 -0.495695427161 0.388323136759
11.6 -0.1462726603 -0.495754186269 0.389254333956
11.65 -0.1458976504 -0.49580892012 0.39018073165
11.7 -0.145537637631 -0.495859703619 0.391102323794
11.75 -0.145192420131 -0.495906610428 0.392019104454
11.8 -0.144861795853 -0.495949712993 0.392931067816
11.85 -0.144545562624 -0.495989082581 0.39383820819
11.9 -0.144243518204 -0.496024789309 0.39474052002
11.95 -0.143955460343 -0.496056902172 0.39563799789
12.0 -0.143681186838 -0.496085489077 0.39653063653
12.05 -0.143420495592 -0.49611061687 0.397418430823
12.1 -0.143173184662 -0.496132351366 0.398301375812
12.15 -0.142939052323 -0.496150757377 0.399179466706
12.2 -0.142717897114 -0.496165898742 0.400052698886
12.25 -0.142509517898 -0.496177838354 0.400921067912
12.3 -0.142313713907 -0.496186638183 0.401784569529
12.35 -0.142130284798 -0.496192359308 0.402643199675
12.4 -0.141959030705 -0.496195061942 0.403496954484
12.45 -0.141799752284 -0.496194805452 0.404345830292
12.5 -0.141652250763 -0.496191648389 0.405189823648
12.55 -0.141516327993 -0.496185648512 0.406028931311
12.6 -0.141391786493 -0.496176862807 0.406863150265
12.65 -0.141278429493 -0.496165347514 0.407692477717
12.7 -0.141176060985 -0.496151158146 0.408516911108
12.75 -0.141084485764 -0.496134349514 0.409336448111
12.8 -0.14100350947 -0.496114975744 0.410151086646
12.85 -0.140932938632 -0.496093090298 0.410960824876
12.9 -0.140872580711 -0.496068745997 0.411765661217
12.95 -0.140822244135 -0.496041995034 0.41256559434
13.0 -0.140781738345 -0.496012888996 0.413360623177
13.05 -0.140750873829 -0.495981478882 0.414150746925
13.1 -0.14072946216 -0.495947815117 0.414935965049
13.15 -0.140717316034 -0.495911947569 0.415716277289
13.2 -0.140714249304 -0.495873925566 0.416491683661
13.25 -0.140720077016 -0.495833797911 0.41726218446
13.3 -0.14073461544 -0.495791612893 0.418027780268
13.35 -0.140757682105 -0.495747418304 0.418788471952
13.4 -0.140789095828 -0.495701261451 0.419544260672
13.45 -0.140828676747 -0.495653189167 0.42029514788
13.5 -0.14087624635 -0.495603247824 0.421041135326
13.55 -0.140931627501 -0.495551483346 0.421782225058
13.6 -0.14099464447 -0.495497941215 0.422518419427
13.65 -0.141065122959 -0.495442666484 0.423249721088
13.7 -0.141142890129 -0.495385703788 0.423976133002
13.75 -0.141227774619 -0.495327097347 0.424697658439
13.8 -0.141319606579 -0.495266890982 0.425414300978
13.85 -0.141418217682 -0.495205128115 0.426126064512
13.9 -0.141523441154 -0.495141851783 0.426832953245
13.95 -0.14163511179 -0.495077104641 0.427534971698
14.0 -0.141753065978 -0.495010928967 0.428232124707
14.05 -0.141877141712 -0.494943366671 0.428924417423
14.1 -0.142007178614 -0.494874459299 0.429611855318
14.15 -0.142143017952 -0.494804248038 0.430294444178
14.2 -0.142284502652 -0.494732773718 0.430972190113
14.25 -0.142431477316 -0.49466007682 0.431645099548
14.3 -0.142583788236 -0.494586197476 0.432313179228
14.35 -0.142741283407 -0.494511175473 0.432976436218
14.4 -0.142903812538 -0.494435050259 0.433634877901
14.45 -0.143071227067 -0.494357860938 0.43428851198
14.5 -0.14324338017 -0.494279646281 0.434937346474
14.55 -0.143420126768 -0.494200444719 0.435581389722
14.6 -0.143601323542 -0.49412029435 0.436220650377
14.65 -0.143786828936 -0.494039232939 0.43685513741
14.7 -0.14397650317 -0.493957297917 0.437484860105
14.75 -0.14417020824 -0.493874526383 0.438109828061
14.8 -0.144367807929 -0.493790955103 0.438730051187
14.85 -0.14456916781 -0.493706620509 0.439345539704
14.9 -0.144774155251 -0.493621558702 0.439956304141
14.95 -0.144982639418 -0.493535805448 0.440562355334
15.0 -0.14519449128 -0.49344939618 0.441163704426
15.05 -0.145409583608 -0.493362365993 0.44176036286
15.1 -0.145627790979 -0.493274749647 0.442352342382
15.15 -0.145848989775 -0.493186581564 0.442939655036
15.2 -0.146073058185 -0.493097895824 0.443522313162
15.25 -0.146299876204 -0.493008726168 0.444100329394
15.3 -0.14652932563 -0.492919105993 0.444673716657
15.35 -0.146761290064 -0.492829068349 0.445242488164
15.4 -0.146995654908 -0.492738645943 0.445806657414
15.45 -0.147232307362 -0.492647871127 0.44636623819
15.5 -0.147471136416 -0.492556775905 0.446921244551
15.55 -0.147712032853 -0.492465391926 0.447471690835
15.6 -0.14795488924 -0.492373750481 0.448017591653
15.65 -0.148199599921 -0.492281882505 0.448558961885
15.7 -0.148446061018 -0.49218981857 0.449095816679
15.75 -0.148694170415 -0.492097588882 0.449628171445
15.8 -0.148943827762 -0.492005223285 0.450156041852
15.85 -0.149194934457 -0.491912751249 0.450679443828
15.9 -0.149447393648 -0.491820201876 0.451198393549
15.95 -0.149701110216 -0.491727603891 0.451712907443
16.0 -0.149955990774 -0.491634985646 0.452223002181
16.05 -0.150211943652 -0.49154237511 0.452728694675
16.1 -0.150468878891 -0.491449799871 0.453230002075
16.15 -0.150726708232 -0.491357287134 0.453726941764
16.2 -0.150985345105 -0.491264863716 0.454219531354
16.25 -0.151244704619 -0.491172556047 0.45470778868
16.3 -0.151504703551 -0.491080390163 0.4551917318
16.35 -0.151765260336 -0.490988391707 0.455671378989
16.4 -0.152026295052 -0.490896585929 0.456146748734
16.45 -0.152287729409 -0.490804997676 0.45661785973
16.5 -0.15254948674 -0.4907136514 0.457084730876
16.55 -0.152811491984 -0.490622571149 0.457547381273
16.6 -0.153073671675 -0.490531780568 0.458005830214
16.65 -0.153335953929 -0.490441302895 0.458460097187
16.7 -0.15359826843 -0.490351160963 0.458910201866
16.75 -0.153860546417 -0.490261377195 0.459356164105
16.8 -0.154122720669 -0.490171973606 0.459798003941
16.85 -0.15438472549 -0.490082971797 0.460235741581
16.9 -0.154646496699 -0.489994392958 0.460669397403
16.95 -0.154907971611 -0.489906257867 0.461098991952
17.0 -0.155169089023 -0.489818586884 0.46152454593
17.05 -0.1554297892 -0.489731399956 0.4619460802
17.1 -0.155690013862 -0.489644716615 0.462363615774
17.15 -0.155949706163 -0.489558555972 0.462777173812
17.2 -0.156208810681 -0.489472936726 0.463186775618
17.25 -0.1564672734 -0.489387877155 0.463592442637
17.3 -0.156725041697 -0.489303395122 0.463994196445
17.35 -0.15698206432 -0.48921950807 0.464392058751
17.4 -0.15723829138 -0.489136233025 0.464786051388
17.45 -0.15749367433 -0.489053586597 0.465176196314
17.5 -0.15774816595 -0.488971584978 0.4655625156
17.55 -0.158001720331 -0.488890243942 0.465945031434
17.6 -0.15825429286 -0.48880957885 0.466323766111
17.65 -0.158505840202 -0.488729604645 0.466698742032
17.7 -0.158756320284 -0.488650335857 0.467069981696
17.75 -0.159005692281 -0.488571786602 0.467437507701
17.8 -0.159253916596 -0.488493970584 0.467801342737
17.85 -0.159500954844 -0.488416901098 0.46816150958
17.9 -0.159746769841 -0.488340591024 0.468518031092
17.95 -0.15999132558 -0.48826505284 0.468870930213
18.0 -0.160234587218 -0.488190298615 0.469220229962
18.05 -0.160476521062 -0.488116340011 0.469565953426
18.1 -0.160717094547 -0.488043188292 0.469908123763
18.15 -0.160956276226 -0.487970854317 0.470246764193
18.2 -0.161194035748 -0.487899348548 0.470581897997
18.25 -0.161430343844 -0.487828681052 0.470913548513
18.3 -0.161665172312 -0.4877588615 0.47124173913
18.35 -0.161898493998 -0.487689899172 0.471566493287
18.4 -0.16213028278 -0.48762180296 0.471887834466
18.45 -0.162360513556 -0.487554581368 0.472205786191
18.5 -0.162589162222 -0.487488242518 0.472520372026
18.55 -0.162816205659 -0.487422794152 0.472831615565
18.6 -0.163041621717 -0.487358243633 0.473139540434
18.65 -0.163265389199 -0.48729459795 0.473444170288
18.7 -0.163487487844 -0.487231863722 0.473745528801
18.75 -0.163707898311 -0.487170047199 0.474043639671
18.8 -0.163926602165 -0.487109154267 0.474338526609
18.85 -0.164143581861 -0.48704919045 0.474630213342
18.9 -0.164358820727 -0.486990160918 0.474918723605
18.95 -0.16457230295 -0.486932070483 0.47520408114
19.0 -0.16478401356 -0.486874923609 0.475486309693
19.05 -0.164993938415 -0.486818724415 0.475765433008
19.1 -0.165202064184 -0.486763476676 0.476041474828
19.15 -0.165408378337 -0.48670918383 0.47631445889
19.2 -0.165612869123 -0.486655848979 0.476584408919
19.25 -0.165815525562 -0.486603474896 0.476851348632
19.3 -0.166016337423 -0.486552064029 0.477115301727
19.35 -0.166215295219 -0.486501618503 0.477376291886
19.4 -0.166412390182 -0.486452140125 0.47763434277
19.45 -0.166607614257 -0.486403630389 0.477889478015
19.5 -0.166800960083 -0.486356090483 0.478141721232
19.55 -0.16699242098 -0.486309521286 0.478391096001
19.6 -0.167181990936 -0.486263923381 0.478637625871
19.65 -0.167369664592 -0.486219297054 0.478881334358
19.7 -0.167555437229 -0.486175642301 0.479122244937
19.75 -0.167739304755 -0.48613295883 0.479360381047
19.8 -0.167921263689 -0.48609124607 0.479595766083
19.85 -0.168101311151 -0.486050503171 0.479828423394
19.9 -0.168279444846 -0.486010729013 0.480058376285
19.95 -0.168455663052 -0.485971922207 0.480285648009
20.0 -0.168629964609 -0.485934081101 0.480510261767
20.05 -0.168802348903 -0.485897203785 0.480732240708
20.1 -0.168972815855 -0.485861288099 0.480951607923
20.15 -0.169141365908 -0.48582633163 0.481168386444
20.2 -0.169308000017 -0.485792331724 0.481382599244
20.25 -0.169472719632 -0.485759285489 0.481594269232
20.3 -0.16963552669 -0.485727189798 0.481803419252
20.35 -0.169796423604 -0.485696041294 0.482010072082
20.4 -0.169955413245 -0.485665836397 0.482214250429
20.45 -0.170112498937 -0.485636571308 0.482415976932
20.5 -0.170267684443 -0.485608242012 0.482615274154
20.55 -0.170420973953 -0.485580844287 0.482812164586
20.6 -0.170572372073 -0.485554373703 0.483006670642
20.65 -0.170721883815 -0.485528825632 0.483198814656
20.7 -0.170869514586 -0.48550419525 0.483388618885
20.75 -0.171015270177 -0.485480477543 0.483576105501
20.8 -0.171159156749 -0.485457667311 0.483761296594
20.85 -0.17130118083 -0.485435759174 0.483944214171
20.9 -0.171441349297 -0.485414747575 0.484124880149
20.95 -0.171579669371 -0.485394626785 0.484303316359
21.0 -0.171716148605 -0.485375390912 0.484479544541
21.05 -0.171850794873 -0.485357033897 0.484653586346
21.1 -0.171983616363 -0.485339549527 0.48482546333
21.15 -0.172114621564 -0.485322931436 0.484995196957
21.2 -0.17224381926 -0.48530717311 0.485162808593
21.25 -0.172371218519 -0.48529226789 0.485328319511
21.3 -0.172496828683 -0.485278208981 0.485491750884
21.35 -0.17262065936 -0.485264989451 0.485653123784
21.4 -0.172742720416 -0.48525260224 0.485812459186
21.45 -0.172863021964 -0.485241040162 0.485969777961
21.5 -0.172981574356 -0.485230295909 0.486125100878
21.55 -0.173098388176 -0.485220362058 0.486278448603
21.6 -0.173213474232 -0.485211231074 0.486429841694
21.65 -0.173326843543 -0.485202895312 0.486579300606
21.7 -0.173438507337 -0.485195347026 0.486726845686
21.75 -0.173548477041 -0.485188578368 0.486872497171
21.8 -0.173656764269 -0.485182581397 0.487016275193
21.85 -0.173763380822 -0.485177348079 0.487158199769
21.9 -0.173868338673 -0.485172870295 0.487298290809
21.95 -0.173971649965 -0.485169139841 0.487436568109
22.0 -0.174073327001 -0.485166148436 0.487573051353
22.05 -0.174173382238 -0.485163887721 0.487707760112
22.1 -0.174271828277 -0.485162349269 0.487840713842
22.15 -0.174368677861 -0.485161524585 0.487971931884
22.2 -0.174463943866 -0.485161405109 0.488101433465
22.25 -0.17455763929 -0.485161982223 0.488229237692
22.3 -0.174649777256 -0.485163247252 0.488355363558
22.35 -0.174740370995 -0.48516519147 0.488479829937
22.4 -0.174829433847 -0.485167806099 0.488602655585
22.45 -0.174916979253 -0.485171082321 0.488723859138
22.5 -0.175003020748 -0.485175011271 0.488843459115
22.55 -0.175087571954 -0.48517958405 0.488961473911
22.6 -0.175170646578 -0.485184791721 0.489077921803
22.65 -0.175252258402 -0.485190625317 0.489192820947
22.7 -0.175332421279 -0.485197075843 0.489306189377
22.75 -0.17541114913 -0.485204134278 0.489418045004
22.8 -0.175488455934 -0.485211791581 0.489528405617
22.85 -0.175564355728 -0.485220038691 0.489637288884
22.9 -0.175638862595 -0.48522886653 0.489744712346
22.95 -0.175711990666 -0.48523826601 0.489850693424
23.0 -0.175783754111 -0.485248228032 0.489955249413
23.05 -0.175854167134 -0.485258743491 0.490058397486
23.1 -0.175923243972 -0.485269803278 0.490160154688
23.15 -0.175990998886 -0.485281398282 0.490260537943
23.2 -0.176057446156 -0.485293519394 0.490359564047
23.25 -0.176122600084 -0.48530615751 0.490457249673
23.3 -0.176186474979 -0.485319303533 0.490553611366
23.35 -0.176249085161 -0.485332948375 0.490648665549
23.4 -0.176310444954 -0.48534708296 0.490742428517
23.45 -0.17637056868 -0.485361698228 0.490834916438
23.5 -0.176429470661 -0.485376785134 0.490926145356
23.55 -0.176487165206 -0.485392334654 0.491016131188
23.6 -0.176543666616 -0.485408337785 0.491104889726
23.65 -0.176598989175 -0.485424785547 0.491192436634
23.7 -0.176653147149 -0.485441668988 0.491278787451
23.75 -0.176706154782 -0.485458979183 0.491363957588
23.8 -0.176758026291 -0.485476707239 0.491447962332
23.85 -0.176808775864 -0.485494844292 0.491530816842
23.9 -0.176858417657 -0.485513381517 0.491612536151
23.95 -0.176906965792 -0.485532310122 0.491693135166
24.0 -0.176954434349 -0.485551621355 0.491772628668
24.05 -0.17700083737 -0.485571306502 0.49185103131
24.1 -0.17704618885 -0.485591356895 0.491928357622
24.15 -0.177090502738 -0.485611763906 0.492004622007
24.2 -0.177133792934 -0.485632518954 0.49207983874
24.25 -0.177176073282 -0.485653613504 0.492154021974
24.3 -0.177217357573 -0.485675039071 0.492227185733
24.35 -0.177257659542 -0.48569678722 0.492299343917
24.4 -0.177296992859 -0.485718849566 0.492370510302
24.45 -0.177335371136 -0.485741217779 0.492440698538
24.5 -0.177372807918 -0.485763883583 0.49250992215
24.55 -0.177409316682 -0.485786838758 0.492578194539
24.6 -0.177444910837 -0.485810075141 0.492645528981
24.65 -0.177479603722 -0.485833584628 0.492711938629
24.7 -0.1775134086 -0.485857359175 0.492777436511
24.75 -0.17754633866 -0.485881390797 0.492842035532
24.8 -0.177578407013 -0.485905671573 0.492905748475
24.85 -0.177609626693 -0.485930193646 0.492968587998
24.9 -0.17764001065 -0.485954949221 0.493030566637
24.95 -0.177669571754 -0.485979930569 0.493091696808
25.0 -0.177698322791 -0.486005130029 0.493151990801
25.05 -0.17772627646 -0.486030540004 0.493211460789
25.1 -0.177753445374 -0.486056152969 0.493270118819
25.15 -0.177779842055 -0.486081961464 0.493327976821
25.2 -0.177805478939 -0.486107958101 0.493385046603
25.25 -0.177830368367 -0.486134135562 0.493441339853
25.3 -0.17785452259 -0.486160486602 0.49349686814
25.35 -0.177877953763 -0.486187004044 0.493551642911
25.4 -0.177900673947 -0.486213680788 0.493605675499
25.45 -0.177922695107 -0.486240509805 0.493658977114
25.5 -0.177944029112 -0.48626748414 0.493711558852
25.55 -0.17796468773 -0.486294596913 0.493763431687
25.6 -0.177984682631 -0.486321841318 0.493814606481
25.65 -0.178004025387 -0.486349210626 0.493865093976
25.7 -0.178022727465 -0.486376698183 0.493914904798
25.75 -0.178040800235 -0.486404297412 0.49396404946
25.8 -0.178058254961 -0.486432001812 0.494012538358
25.85 -0.178075102804 -0.486459804958 0.494060381772
25.9 -0.178091354823 -0.486487700506 0.494107589872
25.95 -0.178107021972 -0.486515682187 0.49415417271
26.0 -0.178122115097 -0.48654374381 0.494200140229
26.05 -0.178136644943 -0.486571879264 0.494245502256
26.1 -0.178150622145 -0.486600082515 0.49429026851
26.15 -0.178164057233 -0.486628347608 0.494334448594
26.2 -0.178176960629 -0.486656668668 0.494378052004
26.25 -0.17818934265 -0.486685039897 0.494421088123
26.3 -0.178201213502 -0.486713455578 0.494463566228
26.35 -0.178212583285 -0.486741910071 0.494505495482
26.4 -0.17822346199 -0.486770397818 0.494546884944
26.45 -0.178233859498 -0.486798913339 0.494587743563
26.5 -0.178243785585 -0.486827451232 0.49462808018
26.55 -0.178253249913 -0.486856006177 0.494667903531
26.6 -0.17826226204 -0.48688457293 0.494707222244
26.65 -0.17827083141 -0.486913146329 0.494746044844
26.7 -0.178278967362 -0.486941721289 0.494784379749
26.75 -0.178286679123 -0.486970292806 0.494822235274
26.8 -0.178293975811 -0.486998855953 0.494859619629
26.85 -0.178300866435 -0.487027405883 0.494896540922
26.9 -0.178307359897 -0.487055937827 0.49493300716
26.95 -0.178313464986 -0.487084447094 0.494969026245
27.0 -0.178319190384 -0.487112929073 0.495004605982
27.05 -0.178324544666 -0.487141379228 0.495039754071
27.1 -0.178329536294 -0.487169793103 0.495074478117
27.15 -0.178334173626 -0.487198166319 0.495108785622
27.2 -0.178338464908 -0.487226494574 0.495142683992
27.25 -0.178342418281 -0.487254773642 0.495176180535
27.3 -0.178346041777 -0.487282999376 0.495209282461
27.35 -0.178349343319 -0.487311167702 0.495241996883
27.4 -0.178352330726 -0.487339274624 0.495274330821
27.45 -0.178355011708 -0.487367316221 0.495306291198
27.5 -0.17835739387 -0.487395288649 0.495337884842
27.55 -0.178359484709 -0.487423188136 0.495369118489
27.6 -0.178361291618 -0.487451010985 0.49539999878
27.65 -0.178362821886 -0.487478753575 0.495430532267
27.7 -0.178364082694 -0.487506412357 0.495460725407
27.75 -0.178365081121 -0.487533983855 0.495490584568
27.8 -0.178365824142 -0.487561464667 0.495520116027
27.85 -0.178366318627 -0.487588851462 0.495549325972
27.9 -0.178366571347 -0.487616140981 0.495578220501
27.95 -0.178366588966 -0.487643330037 0.495606805626
28.0 -0.178366378051 -0.487670415515 0.49563508727
28.05 -0.178365945064 -0.487697394366 0.49566307127
28.1 -0.178365296368 -0.487724263616 0.495690763376
28.15 -0.178364438227 -0.487751020358 0.495718169254
28.2 -0.178363376805 -0.487777661753 0.495745294484
28.25 -0.178362118167 -0.487804185031 0.495772144565
28.3 -0.17836066828 -0.487830587492 0.495798724909
28.35 -0.178359033013 -0.487856866499 0.495825040848
28.4 -0.17835721814 -0.487883019485 0.495851097632
28.45 -0.178355229338 -0.487909043948 0.495876900428
28.5 -0.178353072189 -0.48793493745 0.495902454327
28.55 -0.178350752179 -0.487960697622 0.495927764336
28.6 -0.178348274701 -0.487986322154 0.495952835385
28.65 -0.178345645056 -0.488011808805 0.495977672326
28.7 -0.17834286845 -0.488037155393 0.496002279932
28.75 -0.17833995 -0.488062359801 0.496026662903
28.8 -0.178336894729 -0.488087419974 0.496050825858
28.85 -0.178333707572 -0.488112333916 0.496074773344
28.9 -0.178330393375 -0.488137099695 0.496098509833
28.95 -0.178326956892 -0.488161715438 0.496122039722
29.0 -0.178323402792 -0.48818617933 0.496145367336
29.05 -0.178319735657 -0.488210489616 0.496168496926
29.1 -0.178315959981 -0.488234644601 0.496191432672
29.15 -0.178312080172 -0.488258642645 0.496214178684
29.2 -0.178308100557 -0.488282482166 0.496236739
29.25 -0.178304025374 -0.488306161639 0.496259117589
29.3 -0.178299858782 -0.488329679594 0.496281318352
29.35 -0.178295604855 -0.488353034617 0.49630334512
29.4 -0.178291267587 -0.488376225347 0.496325201658
29.45 -0.178286850891 -0.488399250479 0.496346891662
29.5 -0.178282358601 -0.48842210876 0.496368418765
29.55 -0.178277794469 -0.488444798988 0.496389786531
29.6 -0.178273162173 -0.488467320016 0.496410998463
29.65 -0.178268465311 -0.488489670747 0.496432057996
29.7 -0.178263707406 -0.488511850133 0.496452968505
29.75 -0.178258891903 -0.488533857178 0.496473733301
29.8 -0.178254022176 -0.488555690935 0.496494355631
29.85 -0.178249101522 -0.488577350506 0.496514838685
29.9 -0.178244133166 -0.48859883504 0.496535185588
29.95 -0.178239120262 -0.488620143733 0.496555399408
30.0 -0.17823406589 -0.48864127583 0.496575483152
30.05 -0.178228973061 -0.488662230621 0.49659543977
30.1 -0.178223844718 -0.48868300744 0.496615272152
30.15 -0.178218683733 -0.488703605667 0.496634983132
30.2 -0.178213492909 -0.488724024728 0.496654575489
30.25 -0.178208274986 -0.488744264089 0.496674051942
30.3 -0.178203032635 -0.488764323262 0.496693415157
30.35 -0.178197768462 -0.488784201799 0.496712667748
30.4 -0.178192485007 -0.488803899295 0.49673181227
30.45 -0.17818718475 -0.488823415387 0.496750851228
30.5 -0.178181870106 -0.488842749749 0.496769787074
30.55 -0.178176543428 -0.488861902097 0.496788622207
30.6 -0.178171207007 -0.488880872188 0.496807358974
30.65 -0.178165863076 -0.488899659813 0.496825999675
30.7 -0.178160513808 -0.488918264805 0.496844546555
30.75 -0.178155161316 -0.488936687031 0.496863001813
30.8 -0.178149807656 -0.488954926397 0.496881367598
30.85 -0.178144454827 -0.488972982845 0.496899646011
30.9 -0.178139104774 -0.48899085635 0.496917839104
30.95 -0.178133759383 -0.489008546925 0.496935948886
31.0 -0.178128420488 -0.489026054615 0.496953977314
31.05 -0.178123089869 -0.489043379498 0.496971926305
31.1 -0.178117769254 -0.489060521689 0.496989797726
31.15 -0.178112460316 -0.48907748133 0.497007593403
31.2 -0.178107164681 -0.489094258599 0.497025315117
31.25 -0.178101883922 -0.489110853704 0.497042964606
31.3 -0.178096619563 -0.489127266882 0.497060543563
31.35 -0.178091373079 -0.489143498402 0.497078053642
31.4 -0.178086145897 -0.489159548563 0.497095496455
31.45 -0.178080939398 -0.489175417691 0.497112873571
31.5 -0.178075754915 -0.489191106141 0.497130186521
31.55 -0.178070593737 -0.489206614297 0.497147436795
31.6 -0.178065457107 -0.489221942569 0.497164625843
31.65 -0.178060346223 -0.489237091393 0.49718175508
31.7 -0.178055262242 -0.489252061234 0.497198825877
31.75 -0.178050206278 -0.489266852579 0.497215839574
31.8 -0.1780451794 -0.489281465942 0.497232797469
31.85 -0.178040182641 -0.489295901862 0.497249700827
31.9 -0.17803521699 -0.489310160901 0.497266550874
31.95 -0.178030283397 -0.489324243644 0.497283348805
32.0 -0.178025382774 -0.4893381507 0.497300095775
32.05 -0.178020515995 -0.4893518827 0.497316792909
32.1 -0.178015683896 -0.489365440297 0.497333441297
32.15 -0.178010887276 -0.489378824165 0.497350041995
32.2 -0.178006126898 -0.489392034999 0.497366596028
32.25 -0.178001403491 -0.489405073515 0.497383104387
32.3 -0.177996717748 -0.489417940447 0.497399568033
32.35 -0.177992070328 -0.489430636551 0.497415987896
32.4 -0.177987461858 -0.4894431626 0.497432364873
32.45 -0.177982892932 -0.489455519386 0.497448699835
32.5 -0.17797836411 -0.489467707719 0.497464993619
32.55 -0.177973875925 -0.489479728426 0.497481247037
32.6 -0.177969428875 -0.489491582351 0.49749746087
32.65 -0.177965023431 -0.489503270356 0.497513635871
32.7 -0.177960660034 -0.489514793316 0.497529772767
32.75 -0.177956339095 -0.489526152125 0.497545872256
32.8 -0.177952060999 -0.48953734769 0.49756193501
32.85 -0.177947826103 -0.489548380933 0.497577961675
32.9 -0.177943634735 -0.489559252791 0.497593952873
32.95 -0.1779394872 -0.489569964215 0.497609909197
33.0 -0.177935383777 -0.489580516168 0.497625831219
33.05 -0.177931324716 -0.489590909627 0.497641719483
33.1 -0.177927310249 -0.489601145581 0.497657574513
33.15 -0.177923340579 -0.489611225031 0.497673396807
33.2 -0.177919415887 -0.489621148992 0.49768918684
33.25 -0.177915536334 -0.489630918488 0.497704945067
33.3 -0.177911702055 -0.489640534554 0.497720671917
33.35 -0.177907913166 -0.489649998236 0.4977363678
33.4 -0.17790416976 -0.48965931059 0.497752033104
33.45 -0.177900471912 -0.489668472683 0.497767668196
33.5 -0.177896819676 -0.489677485589 0.497783273424
33.55 -0.177893213085 -0.489686350393 0.497798849113
33.6 -0.177889652155 -0.489695068189 0.497814395572
33.65 -0.177886136883 -0.489703640077 0.497829913087
33.7 -0.177882667248 -0.489712067166 0.497845401928
33.75 -0.177879243211 -0.489720350573 0.497860862346
33.8 -0.177875864719 -0.489728491423 0.497876294572
33.85 -0.177872531698 -0.489736490845 0.497891698823
33.9 -0.177869244062 -0.489744349978 0.497907075296
33.95 -0.177866001707 -0.489752069964 0.497922424171
34.0 -0.177862804515 -0.489759651954 0.497937745613
34.05 -0.177859652354 -0.489767097101 0.49795303977
34.1 -0.177856545077 -0.489774406567 0.497968306775
34.15 -0.177853482524 -0.489781581516 0.497983546743
34.2 -0.177850464521 -0.489788623117 0.497998759778
34.25 -0.177847490882 -0.489795532545 0.498013945966
34.3 -0.177844561408 -0.489802310977 0.49802910538
34.35 -0.177841675889 -0.489808959595 0.498044238078
34.4 -0.177838834102 -0.489815479583 0.498059344107
34.45 -0.177836035814 -0.48982187213 0.498074423496
34.5 -0.177833280781 -0.489828138426 0.498089476266
34.55 -0.177830568749 -0.489834279664 0.498104502422
34.6 -0.177827899453 -0.48984029704 0.498119501957
34.65 -0.177825272619 -0.489846191752 0.498134474854
34.7 -0.177822687965 -0.489851964998 0.498149421081
34.75 -0.177820145198 -0.489857617979 0.498164340598
34.8 -0.177817644018 -0.489863151897 0.498179233352
34.85 -0.177815184117 -0.489868567954 0.498194099278
34.9 -0.177812765177 -0.489873867355 0.498208938304
34.95 -0.177810386875 -0.489879051303 0.498223750345
35.0 -0.177808048881 -0.489884121001 0.498238535306
35.05 -0.177805750856 -0.489889077655 0.498253293084
35.1 -0.177803492456 -0.489893922468 0.498268023565
35.15 -0.177801273331 -0.489898656642 0.498282726628
35.2 -0.177799093125 -0.489903281382 0.498297402142
35.25 -0.177796951475 -0.489907797888 0.498312049966
35.3 -0.177794848016 -0.48991220736 0.498326669953
35.35 -0.177792782375 -0.489916510999 0.498341261947
35.4 -0.177790754176 -0.489920710001 0.498355825785
35.45 -0.177788763037 -0.489924805563 0.498370361295
35.5 -0.177786808574 -0.489928798878 0.4983848683
35.55 -0.177784890398 -0.489932691138 0.498399346614
35.6 -0.177783008116 -0.489936483533 0.498413796045
35.65 -0.177781161333 -0.489940177249 0.498428216395
35.7 -0.17777934965 -0.48994377347 0.49844260746
35.75 -0.177777572664 -0.489947273378 0.498456969028
35.8 -0.177775829973 -0.48995067815 0.498471300883
35.85 -0.177774121169 -0.489953988962 0.498485602804
35.9 -0.177772445843 -0.489957206985 0.498499874563
35.95 -0.177770803586 -0.489960333387 0.498514115929
36.0 -0.177769193984 -0.489963369333 0.498528326662
36.05 -0.177767616624 -0.489966315982 0.498542506523
36.1 -0.177766071092 -0.489969174491 0.498556655265
36.15 -0.177764556971 -0.489971946012 0.498570772637
36.2 -0.177763073845 -0.489974631692 0.498584858384
36.25 -0.177761621296 -0.489977232676 0.498598912249
36.3 -0.177760198906 -0.489979750101 0.498612933969
36.35 -0.177758806257 -0.489982185102 0.498626923279
36.4 -0.177757442931 -0.489984538808 0.49864087991
36.45 -0.177756108509 -0.489986812342 0.498654803591
36.5 -0.177754802575 -0.489989006824 0.498668694047
36.55 -0.17775352471 -0.489991123367 0.498682551001
36.6 -0.177752274498 -0.48999316308 0.498696374173
36.65 -0.177751051522 -0.489995127065 0.498710163282
36.7 -0.177749855367 -0.489997016419 0.498723918042
36.75 -0.17774868562 -0.489998832234 0.498737638167
36.8 -0.177747541866 -0.490000575596 0.49875132337
36.85 -0.177746423695 -0.490002247584 0.498764973362
36.9 -0.177745330697 -0.490003849272 0.49877858785
36.95 -0.177744262463 -0.490005381727 0.498792166542
37.0 -0.177743218585 -0.490006846011 0.498805709145
37.05 -0.17774219866 -0.49000824318 0.498819215364
37.1 -0.177741202284 -0.490009574281 0.498832684904
37.15 -0.177740229057 -0.490010840356 0.498846117468
37.2 -0.177739278578 -0.490012042443 0.498859512759
37.25 -0.177738350454 -0.490013181569 0.498872870481
37.3 -0.177737444288 -0.490014258756 0.498886190335
37.35 -0.17773655969 -0.490015275021 0.498899472024
37.4 -0.177735696272 -0.490016231372 0.498912715249
37.45 -0.177734853646 -0.490017128811 0.498925919714
37.5 -0.17773403143 -0.490017968332 0.498939085121
37.55 -0.177733229243 -0.490018750924 0.498952211173
37.6 -0.177732446707 -0.490019477566 0.498965297573
37.65 -0.17773168345 -0.490020149232 0.498978344024
37.7 -0.177730939098 -0.490020766888 0.498991350233
37.75 -0.177730213284 -0.490021331493 0.499004315903
37.8 -0.177729505644 -0.490021843999 0.499017240742
37.85 -0.177728815815 -0.49002230535 0.499030124458
37.9 -0.17772814344 -0.490022716482 0.499042966758
37.95 -0.177727488164 -0.490023078324 0.499055767352
38.0 -0.177726849636 -0.490023391799 0.499068525952
38.05 -0.177726227508 -0.490023657821 0.499081242271
38.1 -0.177725621437 -0.490023877295 0.499093916023
38.15 -0.177725031083 -0.490024051121 0.499106546923
38.2 -0.177724456109 -0.49002418019 0.49911913469
38.25 -0.177723896181 -0.490024265386 0.499131679042
38.3 -0.177723350973 -0.490024307584 0.499144179702
38.35 -0.177722820157 -0.490024307653 0.499156636393
38.4 -0.177722303414 -0.490024266452 0.49916904884
38.45 -0.177721800426 -0.490024184835 0.499181416771
38.5 -0.17772131088 -0.490024063645 0.499193739916
38.55 -0.177720834466 -0.490023903721 0.499206018007
38.6 -0.17772037088 -0.490023705889 0.499218250779
38.65 -0.177719919819 -0.490023470973 0.49923043797
38.7 -0.177719480988 -0.490023199784 0.499242579319
38.75 -0.177719054092 -0.490022893129 0.499254674568
38.8 -0.177718638842 -0.490022551804 0.499266723463
38.85 -0.177718234954 -0.490022176598 0.499278725752
38.9 -0.177717842148 -0.490021768295 0.499290681184
38.95 -0.177717460145 -0.490021327666 0.499302589515
39.0 -0.177717088675 -0.490020855478 0.499314450499
39.05 -0.177716727467 -0.490020352488 0.499326263898
39.1 -0.177716376259 -0.490019819446 0.499338029473
39.15 -0.177716034791 -0.490019257094 0.49934974699
39.2 -0.177715702805 -0.490018666166 0.499361416219
39.25 -0.177715380051 -0.490018047387 0.49937303693
39.3 -0.177715066282 -0.490017401476 0.4993846089
39.35 -0.177714761253 -0.490016729143 0.499396131907
39.4 -0.177714464725 -0.49001603109 0.499407605734
39.45 -0.177714176464 -0.490015308012 0.499419030165
39.5 -0.177713896238 -0.490014560594 0.499430404991
39.55 -0.17771362382 -0.490013789515 0.499441730002
39.6 -0.177713358989 -0.490012995446 0.499453004995
39.65 -0.177713101525 -0.490012179049 0.499464229769
39.7 -0.177712851213 -0.490011340981 0.499475404129
39.75 -0.177712607845 -0.490010481887 0.499486527879
39.8 -0.177712371212 -0.490009602407 0.499497600831
39.85 -0.177712141113 -0.490008703173 0.499508622799
39.9 -0.177711917349 -0.490007784808 0.499519593601
39.95 -0.177711699727 -0.490006847929 0.499530513057
40.0 -0.177711488056 -0.490005893144 0.499541380995
40.05 -0.177711282149 -0.490004921053 0.499552197242
40.1 -0.177711081825 -0.49000393225 0.499562961631
40.15 -0.177710886904 -0.49000292732 0.499573674001
40.2 -0.177710697213 -0.490001906841 0.49958433419
40.25 -0.177710512581 -0.490000871383 0.499594942045
40.3 -0.17771033284 -0.489999821508 0.499605497413
40.35 -0.177710157828 -0.489998757772 0.499616000148
40.4 -0.177709987386 -0.489997680723 0.499626450104
40.45 -0.177709821357 -0.4899965909 0.499636847144
40.5 -0.177709659591 -0.489995488836 0.499647191131
40.55 -0.177709501939 -0.489994375056 0.499657481934
40.6 -0.177709348257 -0.489993250079 0.499667719425
40.65 -0.177709198404 -0.489992114415 0.49967790348
40.7 -0.177709052243 -0.489990968567 0.49968803398
40.75 -0.177708909639 -0.489989813032 0.49969811081
40.8 -0.177708770464 -0.489988648299 0.499708133857
40.85 -0.17770863459 -0.489987474848 0.499718103015
40.9 -0.177708501894 -0.489986293155 0.49972801818
40.95 -0.177708372257 -0.489985103687 0.499737879252
41.0 -0.177708245562 -0.489983906905 0.499747686137
41.05 -0.177708121696 -0.489982703261 0.499757438743
41.1 -0.177708000549 -0.489981493203 0.499767136983
41.15 -0.177707882014 -0.489980277169 0.499776780773
41.2 -0.17770776599 -0.489979055592 0.499786370036
41.25 -0.177707652374 -0.489977828899 0.499795904694
41.3 -0.177707541072 -0.489976597507 0.499805384679
41.35 -0.177707431987 -0.489975361828 0.499814809922
41.4 -0.177707325031 -0.489974122269 0.499824180361
41.45 -0.177707220116 -0.489972879228 0.499833495937
41.5 -0.177707117155 -0.489971633097 0.499842756595
41.55 -0.177707016069 -0.489970384262 0.499851962284
41.6 -0.177706916777 -0.489969133101 0.499861112958
41.65 -0.177706819204 -0.489967879986 0.499870208574
41.7 -0.177706723277 -0.489966625285 0.499879249092
41.75 -0.177706628924 -0.489965369356 0.499888234479
41.8 -0.17770653608 -0.489964112552 0.499897164702
41.85 -0.177706444677 -0.489962855221 0.499906039736
41.9 -0.177706354655 -0.489961597703 0.499914859557
41.95 -0.177706265953 -0.489960340333 0.499923624147
42.0 -0.177706178513 -0.489959083438 0.49993233349
42.05 -0.177706092283 -0.489957827342 0.499940987574
42.1 -0.177706007208 -0.48995657236 0.499949586394
42.15 -0.17770592324 -0.489955318802 0.499958129944
42.2 -0.177705840331 -0.489954066972 0.499966618226
42.25 -0.177705758436 -0.489952817169 0.499975051244
42.3 -0.177705677513 -0.489951569685 0.499983429005
42.35 -0.17770559752 -0.489950324806 0.499991751522
42.4 -0.17770551842 -0.489949082813 0.500000018811
42.45 -0.177705440177 -0.489947843981 0.50000823089
42.5 -0.177705362756 -0.48994660858 0.500016387782
42.55 -0.177705286126 -0.489945376873 0.500024489515
42.6 -0.177705210257 -0.489944149118 0.50003253612
42.65 -0.177705135122 -0.489942925569 0.500040527629
42.7 -0.177705060694 -0.489941706472 0.500048464081
42.75 -0.17770498695 -0.489940492068 0.500056345518
42.8 -0.177704913868 -0.489939282596 0.500064171985
42.85 -0.177704841427 -0.489938078285 0.500071943529
42.9 -0.17770476961 -0.489936879362 0.500079660204
42.95 -0.177704698399 -0.489935686047 0.500087322065
43.0 -0.17770462778 -0.489934498556 0.500094929171
43.05 -0.17770455774 -0.489933317098 0.500102481585
43.1 -0.177704488268 -0.489932141881 0.500109979373
43.15 -0.177704419352 -0.489930973103 0.500117422604
43.2 -0.177704350985 -0.489929810961 0.500124811353
43.25 -0.177704283161 -0.489928655645 0.500132145694
43.3 -0.177704215873 -0.48992750734 0.500139425707
43.35 -0.177704149118 -0.489926366228 0.500146651476
43.4 -0.177704082893 -0.489925232484 0.500153823087
43.45 -0.177704017197 -0.489924106281 0.500160940629
43.5 -0.17770395203 -0.489922987784 0.500168004196
43.55 -0.177703887394 -0.489921877157 0.500175013882
43.6 -0.177703823291 -0.489920774557 0.500181969787
43.65 -0.177703759726 -0.489919680136 0.500188872014
43.7 -0.177703696703 -0.489918594045 0.500195720667
43.75 -0.177703634229 -0.489917516427 0.500202515855
43.8 -0.17770357231 -0.489916447423 0.50020925769
43.85 -0.177703510956 -0.489915387168 0.500215946286
43.9 -0.177703450176 -0.489914335793 0.50022258176
43.95 -0.17770338998 -0.489913293427 0.500229164233
44.0 -0.177703330379 -0.489912260192 0.500235693829
44.05 -0.177703271386 -0.489911236208 0.500242170673
44.1 -0.177703213014 -0.48991022159 0.500248594895
44.15 -0.177703155278 -0.489909216449 0.500254966626
44.2 -0.177703098191 -0.489908220892 0.500261286002
44.25 -0.17770304177 -0.489907235022 0.50026755316
44.3 -0.177702986031 -0.48990625894 0.500273768239
44.35 -0.177702930992 -0.489905292741 0.500279931383
44.4 -0.17770287667 -0.489904336517 0.500286042738
44.45 -0.177702823083 -0.489903390356 0.500292102451
44.5 -0.177702770251 -0.489902454343 0.500298110674
44.55 -0.177702718194 -0.489901528559 0.50030406756
44.6 -0.177702666932 -0.489900613082 0.500309973264
44.65 -0.177702616486 -0.489899707985 0.500315827945
44.7 -0.177702566877 -0.48989881334 0.500321631764
44.75 -0.177702518127 -0.489897929214 0.500327384885
44.8 -0.177702470259 -0.48989705567 0.500333087472
44.85 -0.177702423295 -0.48989619277 0.500338739694
44.9 -0.177702377259 -0.48989534057 0.500344341722
44.95 -0.177702332173 -0.489894499125 0.500349893727
45.0 -0.177702288063 -0.489893668485 0.500355395885
45.05 -0.177702244951 -0.489892848699 0.500360848373
45.1 -0.177702202864 -0.489892039811 0.500366251371
45.15 -0.177702161825 -0.489891241863 0.500371605059
45.2 -0.177702121859 -0.489890454894 0.500376909622
45.25 -0.177702082992 -0.48988967894 0.500382165245
45.3 -0.17770204525 -0.489888914034 0.500387372116
45.35 -0.177702008657 -0.489888160205 0.500392530425
45.4 -0.17770197324 -0.489887417482 0.500397640364
45.45 -0.177701939024 -0.489886685888 0.500402702125
45.5 -0.177701906037 -0.489885965445 0.500407715906
45.55 -0.177701874302 -0.489885256174 0.500412681903
45.6 -0.177701843848 -0.489884558089 0.500417600316
45.65 -0.1777018147 -0.489883871206 0.500422471347
45.7 -0.177701786884 -0.489883195535 0.500427295197
45.75 -0.177701760427 -0.489882531086 0.500432072073
45.8 -0.177701735354 -0.489881877865 0.50043680218
45.85 -0.177701711692 -0.489881235875 0.500441485726
45.9 -0.177701689467 -0.48988060512 0.500446122923
45.95 -0.177701668706 -0.489879985598 0.500450713979
46.0 -0.177701649433 -0.489879377305 0.50045525911
46.05 -0.177701631675 -0.489878780238 0.50045975853
46.1 -0.177701615457 -0.489878194387 0.500464212454
46.15 -0.177701600805 -0.489877619745 0.5004686211
46.2 -0.177701587745 -0.489877056299 0.500472984687
46.25 -0.177701576302 -0.489876504035 0.500477303437
46.3 -0.1777015665 -0.489875962937 0.500481577569
46.35 -0.177701558364 -0.489875432988 0.500485807309
46.4 -0.17770155192 -0.489874914167 0.500489992879
46.45 -0.17770154719 -0.489874406453 0.500494134507
46.5 -0.1777015442 -0.489873909822 0.500498232419
46.55 -0.177701542974 -0.489873424248 0.500502286843
46.6 -0.177701543534 -0.489872949705 0.500506298009
46.65 -0.177701545903 -0.489872486162 0.500510266148
46.7 -0.177701550106 -0.489872033588 0.500514191491
46.75 -0.177701556164 -0.489871591952 0.500518074271
46.8 -0.1777015641 -0.489871161218 0.500521914722
46.85 -0.177701573936 -0.48987074135 0.500525713079
46.9 -0.177701585693 -0.489870332312 0.500529469579
46.95 -0.177701599392 -0.489869934063 0.500533184457
47.0 -0.177701615055 -0.489869546563 0.500536857952
47.05 -0.177701632702 -0.489869169769 0.500540490302
47.1 -0.177701652352 -0.489868803638 0.500544081748
47.15 -0.177701674026 -0.489868448124 0.50054763253
47.2 -0.177701697742 -0.489868103181 0.500551142889
47.25 -0.177701723521 -0.489867768761 0.500554613067
47.3 -0.177701751379 -0.489867444814 0.500558043307
47.35 -0.177701781335 -0.48986713129 0.500561433853
47.4 -0.177701813406 -0.489866828136 0.500564784948
47.45 -0.17770184761 -0.4898665353 0.500568096839
47.5 -0.177701883964 -0.489866252726 0.500571369771
47.55 -0.177701922482 -0.48986598036 0.500574603989
47.6 -0.177701963182 -0.489865718144 0.500577799741
47.65 -0.177702006077 -0.48986546602 0.500580957274
47.7 -0.177702051183 -0.48986522393 0.500584076835
47.75 -0.177702098515 -0.489864991813 0.500587158674
47.8 -0.177702148085 -0.489864769607 0.500590203039
47.85 -0.177702199907 -0.489864557252 0.500593210179
47.9 -0.177702253995 -0.489864354683 0.500596180345
47.95 -0.177702310359 -0.489864161837 0.500599113785
48.0 -0.177702369011 -0.489863978648 0.500602010752
48.05 -0.177702429964 -0.48986380505 0.500604871494
48.1 -0.177702493227 -0.489863640977 0.500607696264
48.15 -0.177702558811 -0.48986348636 0.500610485313
48.2 -0.177702626725 -0.489863341132 0.500613238892
48.25 -0.177702696979 -0.489863205222 0.500615957254
48.3 -0.177702769581 -0.489863078562 0.50061864065
48.35 -0.177702844538 -0.489862961079 0.500621289332
48.4 -0.17770292186 -0.489862852702 0.500623903553
48.45 -0.177703001552 -0.48986275336 0.500626483565
48.5 -0.177703083621 -0.489862662978 0.500629029622
48.55 -0.177703168073 -0.489862581484 0.500631541975
48.6 -0.177703254914 -0.489862508804 0.500634020877
48.65 -0.177703344148 -0.489862444861 0.500636466581
48.7 -0.177703435779 -0.489862389582 0.50063887934
48.75 -0.177703529811 -0.48986234289 0.500641259406
48.8 -0.177703626248 -0.489862304708 0.500643607032
48.85 -0.177703725093 -0.48986227496 0.500645922471
48.9 -0.177703826346 -0.489862253568 0.500648205975
48.95 -0.177703930011 -0.489862240455 0.500650457797
49.0 -0.177704036088 -0.489862235541 0.500652678188
49.05 -0.177704144577 -0.489862238748 0.500654867401
49.1 -0.17770425548 -0.489862249997 0.500657025687
49.15 -0.177704368794 -0.489862269208 0.500659153299
49.2 -0.17770448452 -0.489862296302 0.500661250487
49.25 -0.177704602655 -0.489862331197 0.500663317503
49.3 -0.177704723198 -0.489862373814 0.500665354599
49.35 -0.177704846145 -0.489862424071 0.500667362023
49.4 -0.177704971495 -0.489862481888 0.500669340027
49.45 -0.177705099243 -0.489862547183 0.500671288861
49.5 -0.177705229385 -0.489862619874 0.500673208775
49.55 -0.177705361916 -0.489862699879 0.500675100017
49.6 -0.177705496831 -0.489862787116 0.500676962836
49.65 -0.177705634126 -0.489862881503 0.500678797481
49.7 -0.177705773792 -0.489862982958 0.5006806042
49.75 -0.177705915825 -0.489863091398 0.50068238324
49.8 -0.177706060216 -0.489863206739 0.500684134848
49.85 -0.177706206957 -0.4898633289 0.500685859272
