0.0 -0.618125936628 -0.10689103941 0.105331238522
0.05 -0.618125936628 -0.10689103941 0.105331238522
0.1 -0.616181176233 -0.110219422118 0.0804095031852
0.15 -0.609289280885 -0.117401443995 0.0666558150331
0.2 -0.599608937079 -0.127866742895 0.0612188897924
0.25 -0.587347518467 -0.140677172095 0.0627136486243
0.3 -0.572789506021 -0.15507966146 0.0697542942232
0.35 -0.556262544692 -0.170438672141 0.0811711502167
0.4 -0.538105745469 -0.186227013013 0.0959693525951
0.45 -0.518651865203 -0.202009069363 0.113302506876
0.5 -0.498223020844 -0.217427184135 0.132451392413
0.55 -0.477132084956 -0.232193215403 0.152805303659
0.6 -0.455685026226 -0.246085751745 0.173845709758
0.65 -0.434181128164 -0.258951924842 0.195132965772
0.7 -0.412909292937 -0.270711291866 0.216296664695
0.75 -0.392140137145 -0.281358081578 0.237029478225
0.8 -0.372115361982 -0.290957934083 0.25708346794
0.85 -0.353037279174 -0.299636757121 0.276267292628
0.9 -0.335061556483 -0.307562212015 0.294442780917
0.95 -0.318295014021 -0.31492123595 0.311519959816
1.0 -0.302798415762 -0.321898299122 0.327450491442
1.05 -0.288592753458 -0.328658282614 0.342220143822
1.1 -0.275667066326 -0.33533581292 0.355841170151
1.15 -0.2639861914 -0.342030888754 0.368345338437
1.2 -0.253497504111 -0.348809428422 0.379778040362
1.25 -0.244136315712 -0.355706994443 0.390193601024
1.3 -0.23582999703 -0.362734117825 0.399651703207
1.35 -0.228501092372 -0.369882038274 0.408214741569
1.4 -0.22206972489 -0.37712809976 0.415945902879
1.45 -0.216455538435 -0.384440398622 0.422907791113
1.5 -0.211579328302 -0.391781542992 0.429161452814
1.55 -0.207364426554 -0.399111549749 0.434765693942
1.6 -0.203737849778 -0.406389994239 0.439776608682
1.65 -0.200631193188 -0.413577559712 0.444247263019
1.7 -0.197981257569 -0.420637128702 0.448227492442
1.75 -0.195730412291 -0.427534535369 0.451763785188
1.8 -0.193826717243 -0.434239068979 0.454899231226
1.85 -0.192223841762 -0.440723792192 0.457673523196
1.9 -0.19088082664 -0.446965717095 0.460122999746
1.95 -0.189761736256 -0.452945867658 0.462280724378
2.0 -0.188835243721 -0.458649248433 0.464176594729
2.05 -0.188074184799 -0.464064734528 0.465837478356
2.1 -0.18745510815 -0.469184895523 0.467287371907
2.15 -0.186957841494 -0.474005765098 0.468547581167
2.2 -0.186565086346 -0.478526567743 0.469636919935
2.25 -0.186262048329 -0.482749413672 0.470571926125
2.3 -0.186036105831 -0.486678972627 0.471367093821
2.35 -0.185876516727 -0.490322136572 0.472035120273
2.4 -0.185774160931 -0.493687680325 0.472587166972
2.45 -0.185721315321 -0.496785928014 0.473033133876
2.5 -0.185711457017 -0.499628431896 0.473381945588
2.55 -0.185739090786 -0.502227668689 0.473641847744
2.6 -0.185799596474 -0.504596757154 0.473820710946
2.65 -0.185889092636 -0.506749199315 0.473926338373
2.7 -0.186004312959 -0.50869864655 0.47396677171
2.75 -0.186142492606 -0.510458690747 0.473950588358
2.8 -0.186301262192 -0.512042680024 0.473887181248
2.85 -0.186478547833 -0.513463557973 0.473787011259
2.9 -0.186672476438 -0.514733725151 0.473661821452
2.95 -0.186881286156 -0.51586492135 0.473524802524
3.0 -0.187103242596 -0.516868127104 0.473390700079
3.05 -0.187336561909 -0.517753482545 0.473275856744
3.1 -0.187579342063 -0.518530221193 0.47319818549
3.15 -0.187829503523 -0.519206615206 0.473177074467
3.2 -0.188084740053 -0.519789927094 0.473233227385
3.25 -0.188342479451 -0.52028636066 0.473388446244
3.3 -0.188599852616 -0.52070100078 0.473665363516
3.35 -0.188853666905 -0.521037726577 0.474087127128
3.4 -0.189100374933 -0.521299073764 0.474677030216
3.45 -0.189336019437 -0.52148600483 0.475458052328
3.5 -0.189556111818 -0.521597512271 0.476452225982
3.55 -0.189755354353 -0.521629917152 0.477679635933
3.6 -0.189927029614 -0.521575622651 0.479156654756
3.65 -0.190061763 -0.521420969976 0.480892677312
3.7 -0.190145334292 -0.521142914447 0.482884233421
3.75 -0.190155692352 -0.520705071851 0.485105565864
3.8 -0.190061053312 -0.520056132241 0.487497237224
3.85 -0.189823616478 -0.51913676994 0.489960310118
3.9 -0.189412558357 -0.517898620323 0.492367481005
3.95 -0.188820504574 -0.516325501365 0.494591641308
4.0 -0.188069280881 -0.514438589757 0.496533369809
4.05 -0.187199816862 -0.512282356627 0.498130896025
4.1 -0.186256451205 -0.509905864722 0.499355362352
4.15 -0.185276380224 -0.507351050103 0.500201876519
4.2 -0.184286099969 -0.50464871711 0.500681954922
4.25 -0.183301919458 -0.501818732535 0.500818202952
4.3 -0.182331900996 -0.498871751617 0.500640619639
4.35 -0.181377972966 -0.495811285399 0.500183923296
