0.0 -0.618125936628 -0.10689103941 0.105331238522
0.05 -0.618125936628 -0.10689103941 0.105331238522
0.1 -0.616181176233 -0.110219422118 0.0804095031852
0.15 -0.61319919146 -0.117546367478 0.0609051890976
0.2 -0.60981702124 -0.128340090281 0.0459480364178
0.25 -0.605936828422 -0.141879205033 0.0346688264817
0.3 -0.601254635324 -0.157515278128 0.0264837176514
0.35 -0.595438661669 -0.174653994336 0.0210278509173
0.4 -0.588223421581 -0.192749210491 0.0180687865203
0.45 -0.579450015343 -0.211304293462 0.0174451939329
0.5 -0.569074098876 -0.229878813673 0.0190260019946
0.55 -0.557155501839 -0.248096332568 0.0226850732475
0.6 -0.543838378121 -0.265650122786 0.0282870546155
0.65 -0.529327651618 -0.282305165453 0.0356810422541
0.7 -0.513865521925 -0.29789606723 0.0446995498709
0.75 -0.497710392808 -0.312321431007 0.0551608946478
0.8 -0.481119526508 -0.325535688319 0.0668735637717
0.85 -0.46433591664 -0.337539531627 0.0796414684324
0.9 -0.447579286514 -0.348369978214 0.0932692798941
0.95 -0.431040743301 -0.358090864108 0.107567295061
1.0 -0.414880424638 -0.366784296662 0.122355498865
1.05 -0.399227422285 -0.374543348287 0.137466671891
1.1 -0.384181311124 -0.381466081921 0.152748528715
1.15 -0.369814708575 -0.387650867719 0.168064964715
1.2 -0.356176406243 -0.393192873061 0.183296541434
1.25 -0.343294730291 -0.398181570898 0.198340360953
1.3 -0.33118088759 -0.402699101141 0.213109477968
1.35 -0.319832136472 -0.406819325246 0.227531983157
1.4 -0.309234683878 -0.410607427749 0.241549870351
1.45 -0.299366257162 -0.414119935517 0.255117777788
1.5 -0.290198331862 -0.417405043491 0.268201673272
1.55 -0.281698019384 -0.420503153301 0.280777535617
1.6 -0.273829633392 -0.423447547767 0.292830070601
1.65 -0.266555962691 -0.426265139609 0.30435148844
1.7 -0.259839283149 -0.428977246434 0.315340361053
1.75 -0.253642142908 -0.43160035617 0.32580057058
1.8 -0.247927954657 -0.434146857413 0.335740355303
1.85 -0.242661426849 -0.436625717717 0.345171455032
1.9 -0.237808862926 -0.439043099728 0.354108354855
1.95 -0.233338354343 -0.441402910393 0.362567623756
2.0 -0.229219889751 -0.443707282444 0.370567342939
2.05 -0.225425399308 -0.445956990164 0.378126617482
2.1 -0.22192874993 -0.448151803334 0.385265164267
2.15 -0.218705704441 -0.45029078439 0.392002968798
2.2 -0.215733855045 -0.452372534387 0.398360003475
2.25 -0.2129925394 -0.454395393554 0.404356000085
2.3 -0.21046274574 -0.4563576021 0.410010269624
2.35 -0.208127011998 -0.458257426637 0.41534156303
2.4 -0.205969322647 -0.460093257177 0.420367966919
2.45 -0.203975006003 -0.461863679207 0.425106828993
2.5 -0.202130633952 -0.463567524848 0.429574708339
2.55 -0.200423925457 -0.465203906665 0.433787346385
2.6 -0.198843654743 -0.466772237211 0.437759654803
2.65 -0.197379564678 -0.468272237011 0.441505717122
2.7 -0.196022285647 -0.469703933297 0.445038801268
2.75 -0.194763259971 -0.471067651478 0.448371380619
2.8 -0.19359467183 -0.472364001033 0.451515161552
2.85 -0.192509382516 -0.473593857253 0.454481115744
2.9 -0.191500870799 -0.474758340021 0.457279515789
2.95 -0.190563178137 -0.475858790645 0.459919972908
3.0 -0.189690858447 -0.47689674755 0.462411475777
3.05 -0.188878932132 -0.477873921521 0.46476242964
3.1 -0.188122844065 -0.478792171034 0.466980695067
3.15 -0.187418425251 -0.479653478118 0.469073625824
3.2 -0.186761857859 -0.480459925088 0.471048105467
3.25 -0.186149643382 -0.481213672409 0.472910582344
3.3 -0.185578573654 -0.481916937882 0.474667102787
3.35 -0.18504570449 -0.482571977284 0.476323342355
3.4 -0.184548331728 -0.483181066561 0.477884635023
3.45 -0.184083969476 -0.483746485588 0.4793560003
3.5 -0.183650330347 -0.484270503544 0.480742168253
3.55 -0.183245307543 -0.484755365851 0.482047602492
3.6 -0.182866958596 -0.48520328266 0.483276521168
3.65 -0.182513490635 -0.48561641882 0.484432916066
3.7 -0.18218324703 -0.485996885262 0.485520569891
3.75 -0.181874695301 -0.486346731718 0.486543071865
3.8 -0.181586416173 -0.486667940695 0.487503831729
3.85 -0.18131709366 -0.486962422601 0.488406092299
3.9 -0.18106550611 -0.487232011954 0.489252940671
3.95 -0.180830518086 -0.487478464556 0.490047318219
4.0 -0.180611073042 -0.487703455566 0.490792029483
4.05 -0.180406186695 -0.487908578364 0.491489750085
4.1 -0.180214941031 -0.488095344126 0.492143033758
4.15 -0.180036478891 -0.488265182045 0.492754318613
4.2 -0.17986999908 -0.488419440087 0.493325932726
4.25 -0.179714751943 -0.488559386243 0.493860099137
4.3 -0.179570035365 -0.488686210189 0.494358940358
