0.0 -0.199297248208 -0.149552971943 0.279322344537
0.05 -0.199297248208 -0.149552971943 0.279322344537
0.1 -0.199297248208 -0.149552971943 0.279322344537
0.15 -0.199297248208 -0.149552971943 0.279322344537
0.2 -0.199297248208 -0.149552971943 0.279322344537
0.25 -0.199297248208 -0.149552971943 0.279322344537
0.3 -0.199297248208 -0.149552971943 0.279322344537
0.35 -0.199297248208 -0.149552971943 0.279322344537
0.4 -0.199297248208 -0.149552971943 0.279322344537
0.45 -0.199297248208 -0.149552971943 0.279322344537
0.5 -0.199297248208 -0.149552971943 0.279322344537
0.55 -0.199297248208 -0.149552971943 0.279322344537
0.6 -0.199297248208 -0.149552971943 0.279322344537
0.65 -0.199297248208 -0.149552971943 0.279322344537
0.7 -0.199297248208 -0.149552971943 0.279322344537
0.75 -0.199297248208 -0.149552971943 0.279322344537
0.8 -0.199297248208 -0.149552971943 0.279322344537
0.85 -0.199297248208 -0.149552971943 0.279322344537
0.9 -0.199297248208 -0.149552971943 0.279322344537
0.95 -0.199297248208 -0.149552971943 0.279322344537
1.0 -0.199297248208 -0.149552971943 0.279322344537
1.05 -0.199297248208 -0.149552971943 0.279322344537
1.1 -0.199297248208 -0.149552971943 0.279322344537
1.15 -0.199297248208 -0.149552971943 0.279322344537
1.2 -0.199297248208 -0.149552971943 0.279322344537
1.25 -0.199297248208 -0.149552971943 0.279322344537
1.3 -0.199297248208 -0.149552971943 0.279322344537
1.35 -0.199297248208 -0.149552971943 0.279322344537
1.4 -0.199297248208 -0.149552971943 0.279322344537
1.45 -0.199297248208 -0.149552971943 0.279322344537
1.5 -0.199297248208 -0.149552971943 0.279322344537
1.55 -0.199297248208 -0.149552971943 0.279322344537
1.6 -0.199297248208 -0.149552971943 0.279322344537
1.65 -0.199297248208 -0.149552971943 0.279322344537
1.7 -0.199297248208 -0.149552971943 0.279322344537
1.75 -0.199297248208 -0.149552971943 0.279322344537
1.8 -0.199297248208 -0.149552971943 0.279322344537
1.85 -0.199297248208 -0.149552971943 0.279322344537
1.9 -0.199297248208 -0.149552971943 0.279322344537
1.95 -0.199297248208 -0.149552971943 0.279322344537
2.0 -0.199297248208 -0.149552971943 0.279322344537
2.05 -0.199297248208 -0.149552971943 0.279322344537
2.1 -0.199297248208 -0.149552971943 0.279322344537
2.15 -0.199297248208 -0.149552971943 0.279322344537
2.2 -0.199297248208 -0.149552971943 0.279322344537
2.25 -0.199297248208 -0.149552971943 0.279322344537
2.3 -0.199297248208 -0.149552971943 0.279322344537
2.35 -0.199297248208 -0.149552971943 0.279322344537
2.4 -0.199297248208 -0.149552971943 0.279322344537
2.45 -0.199297248208 -0.149552971943 0.279322344537
2.5 -0.199297248208 -0.149552971943 0.279322344537
2.55 -0.199297248208 -0.149552971943 0.279322344537
2.6 -0.199297248208 -0.149552971943 0.279322344537
2.65 -0.199297248208 -0.149552971943 0.279322344537
2.7 -0.199297248208 -0.149552971943 0.279322344537
2.75 -0.199297248208 -0.149552971943 0.279322344537
2.8 -0.199297248208 -0.149552971943 0.279322344537
2.85 -0.199297248208 -0.149552971943 0.279322344537
2.9 -0.199297248208 -0.149552971943 0.279322344537
2.95 -0.199297248208 -0.149552971943 0.279322344537
3.0 -0.199297248208 -0.149552971943 0.279322344537
3.05 -0.199297248208 -0.149552971943 0.279322344537
3.1 -0.199297248208 -0.149552971943 0.279322344537
3.15 -0.199297248208 -0.149552971943 0.279322344537
3.2 -0.199297248208 -0.149552971943 0.279322344537
3.25 -0.199297248208 -0.149552971943 0.279322344537
3.3 -0.199297248208 -0.149552971943 0.279322344537
3.35 -0.199297248208 -0.149552971943 0.279322344537
3.4 -0.199297248208 -0.149552971943 0.279322344537
3.45 -0.199297248208 -0.149552971943 0.279322344537
3.5 -0.199297248208 -0.149552971943 0.279322344537
3.55 -0.199297248208 -0.149552971943 0.279322344537
3.6 -0.199297248208 -0.149552971943 0.279322344537
3.65 -0.199297248208 -0.149552971943 0.279322344537
3.7 -0.199297248208 -0.149552971943 0.279322344537
3.75 -0.199297248208 -0.149552971943 0.279322344537
3.8 -0.199297248208 -0.149552971943 0.279322344537
3.85 -0.199297248208 -0.149552971943 0.279322344537
3.9 -0.199297248208 -0.149552971943 0.279322344537
3.95 -0.199297248208 -0.149552971943 0.279322344537
4.0 -0.199297248208 -0.149552971943 0.279322344537
4.05 -0.199297248208 -0.149552971943 0.279322344537
4.1 -0.199297248208 -0.149552971943 0.279322344537
4.15 -0.199297248208 -0.149552971943 0.279322344537
4.2 -0.199297248208 -0.149552971943 0.279322344537
4.25 -0.199297248208 -0.149552971943 0.279322344537
4.3 -0.199297248208 -0.149552971943 0.279322344537
4.35 -0.199297248208 -0.149552971943 0.279322344537
4.4 -0.199297248208 -0.149552971943 0.279322344537
4.45 -0.199297248208 -0.149552971943 0.279322344537
4.5 -0.199297248208 -0.149552971943 0.279322344537
4.55 -0.199297248208 -0.149552971943 0.279322344537
4.6 -0.199297248208 -0.149552971943 0.279322344537
4.65 -0.199297248208 -0.149552971943 0.279322344537
4.7 -0.199297248208 -0.149552971943 0.279322344537
4.75 -0.199297248208 -0.149552971943 0.279322344537
4.8 -0.199297248208 -0.149552971943 0.279322344537
4.85 -0.199297248208 -0.149552971943 0.279322344537
4.9 -0.199297248208 -0.149552971943 0.279322344537
4.95 -0.199297248208 -0.149552971943 0.279322344537
5.0 -0.199297248208 -0.149552971943 0.279322344537
5.05 -0.199297248208 -0.149552971943 0.279322344537
5.1 -0.199297248208 -0.149552971943 0.279322344537
5.15 -0.199297248208 -0.149552971943 0.279322344537
5.2 -0.199297248208 -0.149552971943 0.279322344537
5.25 -0.199297248208 -0.149552971943 0.279322344537
5.3 -0.199297248208 -0.149552971943 0.279322344537
5.35 -0.199297248208 -0.149552971943 0.279322344537
5.4 -0.199297248208 -0.149552971943 0.279322344537
5.45 -0.199297248208 -0.149552971943 0.279322344537
5.5 -0.199297248208 -0.149552971943 0.279322344537
5.55 -0.199297248208 -0.149552971943 0.279322344537
5.6 -0.199297248208 -0.149552971943 0.279322344537
5.65 -0.199297248208 -0.149552971943 0.279322344537
5.7 -0.199297248208 -0.149552971943 0.279322344537
5.75 -0.199297248208 -0.149552971943 0.279322344537
5.8 -0.199297248208 -0.149552971943 0.279322344537
5.85 -0.199297248208 -0.149552971943 0.279322344537
