0.0 -0.177761920641 -0.489942972083 0.50077407242
0.05 -0.177761920641 -0.489942972083 0.50077407242
0.1 -0.177761920641 -0.489942972083 0.50077407242
0.15 -0.177761920641 -0.489942972083 0.50077407242
0.2 -0.177761920641 -0.489942972083 0.50077407242
0.25 -0.177761920641 -0.489942972083 0.50077407242
0.3 -0.177761920641 -0.489942972083 0.50077407242
0.35 -0.177761920641 -0.489942972083 0.50077407242
0.4 -0.177761920641 -0.489942972083 0.50077407242
0.45 -0.177761920641 -0.489942972083 0.50077407242
0.5 -0.177761920641 -0.489942972083 0.50077407242
0.55 -0.177761920641 -0.489942972083 0.50077407242
0.6 -0.177761920641 -0.489942972083 0.50077407242
0.65 -0.177761920641 -0.489942972083 0.50077407242
0.7 -0.177761920641 -0.489942972083 0.50077407242
0.75 -0.177761920641 -0.489942972083 0.50077407242
0.8 -0.177761920641 -0.489942972083 0.50077407242
0.85 -0.177761920641 -0.489942972083 0.50077407242
0.9 -0.177761920641 -0.489942972083 0.50077407242
0.95 -0.177761920641 -0.489942972083 0.50077407242
1.0 -0.177761920641 -0.489942972083 0.50077407242
1.05 -0.177761920641 -0.489942972083 0.50077407242
1.1 -0.177761920641 -0.489942972083 0.50077407242
1.15 -0.177761920641 -0.489942972083 0.50077407242
1.2 -0.177761920641 -0.489942972083 0.50077407242
1.25 -0.177761920641 -0.489942972083 0.50077407242
1.3 -0.177761920641 -0.489942972083 0.50077407242
1.35 -0.177761920641 -0.489942972083 0.50077407242
1.4 -0.177761920641 -0.489942972083 0.50077407242
1.45 -0.177761920641 -0.489942972083 0.50077407242
1.5 -0.177761920641 -0.489942972083 0.50077407242
1.55 -0.177761920641 -0.489942972083 0.50077407242
1.6 -0.177761920641 -0.489942972083 0.50077407242
1.65 -0.177761920641 -0.489942972083 0.50077407242
1.7 -0.177761920641 -0.489942972083 0.50077407242
1.75 -0.177761920641 -0.489942972083 0.50077407242
1.8 -0.177761920641 -0.489942972083 0.50077407242
1.85 -0.177761920641 -0.489942972083 0.50077407242
1.9 -0.177761920641 -0.489942972083 0.50077407242
1.95 -0.177761920641 -0.489942972083 0.50077407242
2.0 -0.177761920641 -0.489942972083 0.50077407242
2.05 -0.177761920641 -0.489942972083 0.50077407242
2.1 -0.177761920641 -0.489942972083 0.50077407242
2.15 -0.177761920641 -0.489942972083 0.50077407242
2.2 -0.177761920641 -0.489942972083 0.50077407242
2.25 -0.177761920641 -0.489942972083 0.50077407242
2.3 -0.177761920641 -0.489942972083 0.50077407242
2.35 -0.177761920641 -0.489942972083 0.50077407242
2.4 -0.177761920641 -0.489942972083 0.50077407242
2.45 -0.177761920641 -0.489942972083 0.50077407242
2.5 -0.177761920641 -0.489942972083 0.50077407242
2.55 -0.177761920641 -0.489942972083 0.50077407242
2.6 -0.177761920641 -0.489942972083 0.50077407242
2.65 -0.177761920641 -0.489942972083 0.50077407242
2.7 -0.177761920641 -0.489942972083 0.50077407242
2.75 -0.177761920641 -0.489942972083 0.50077407242
2.8 -0.177761920641 -0.489942972083 0.50077407242
2.85 -0.177761920641 -0.489942972083 0.50077407242
2.9 -0.177761920641 -0.489942972083 0.50077407242
2.95 -0.177761920641 -0.489942972083 0.50077407242
3.0 -0.177761920641 -0.489942972083 0.50077407242
3.05 -0.177761920641 -0.489942972083 0.50077407242
3.1 -0.177761920641 -0.489942972083 0.50077407242
3.15 -0.177761920641 -0.489942972083 0.50077407242
3.2 -0.177761920641 -0.489942972083 0.50077407242
3.25 -0.177761920641 -0.489942972083 0.50077407242
3.3 -0.177761920641 -0.489942972083 0.50077407242
3.35 -0.177761920641 -0.489942972083 0.50077407242
3.4 -0.177761920641 -0.489942972083 0.50077407242
3.45 -0.177761920641 -0.489942972083 0.50077407242
3.5 -0.177761920641 -0.489942972083 0.50077407242
3.55 -0.177761920641 -0.489942972083 0.50077407242
3.6 -0.177761920641 -0.489942972083 0.50077407242
3.65 -0.177761920641 -0.489942972083 0.50077407242
3.7 -0.177761920641 -0.489942972083 0.50077407242
3.75 -0.177761920641 -0.489942972083 0.50077407242
3.8 -0.177761920641 -0.489942972083 0.50077407242
3.85 -0.177761920641 -0.489942972083 0.50077407242
3.9 -0.177761920641 -0.489942972083 0.50077407242
3.95 -0.177761920641 -0.489942972083 0.50077407242
4.0 -0.177761920641 -0.489942972083 0.50077407242
4.05 -0.177761920641 -0.489942972083 0.50077407242
4.1 -0.177761920641 -0.489942972083 0.50077407242
4.15 -0.177761920641 -0.489942972083 0.50077407242
4.2 -0.177761920641 -0.489942972083 0.50077407242
4.25 -0.177761920641 -0.489942972083 0.50077407242
4.3 -0.177761920641 -0.489942972083 0.50077407242
4.35 -0.177761920641 -0.489942972083 0.50077407242
4.4 -0.177761920641 -0.489942972083 0.50077407242
4.45 -0.177761920641 -0.489942972083 0.50077407242
4.5 -0.177761920641 -0.489942972083 0.50077407242
4.55 -0.177761920641 -0.489942972083 0.50077407242
4.6 -0.177761920641 -0.489942972083 0.50077407242
4.65 -0.177761920641 -0.489942972083 0.50077407242
4.7 -0.177761920641 -0.489942972083 0.50077407242
4.75 -0.177761920641 -0.489942972083 0.50077407242
4.8 -0.177761920641 -0.489942972083 0.50077407242
4.85 -0.177761920641 -0.489942972083 0.50077407242
4.9 -0.177761920641 -0.489942972083 0.50077407242
4.95 -0.177761920641 -0.489942972083 0.50077407242
5.0 -0.177761920641 -0.489942972083 0.50077407242
5.05 -0.177761920641 -0.489942972083 0.50077407242
5.1 -0.177761920641 -0.489942972083 0.50077407242
5.15 -0.177761920641 -0.489942972083 0.50077407242
5.2 -0.177761920641 -0.489942972083 0.50077407242
5.25 -0.177761920641 -0.489942972083 0.50077407242
5.3 -0.177761920641 -0.489942972083 0.50077407242
5.35 -0.177761920641 -0.489942972083 0.50077407242
5.4 -0.177761920641 -0.489942972083 0.50077407242
5.45 -0.177761920641 -0.489942972083 0.50077407242
5.5 -0.177761920641 -0.489942972083 0.50077407242
5.55 -0.177761920641 -0.489942972083 0.50077407242
5.6 -0.177761920641 -0.489942972083 0.50077407242
5.65 -0.177761920641 -0.489942972083 0.50077407242
5.7 -0.177761920641 -0.489942972083 0.50077407242
5.75 -0.177761920641 -0.489942972083 0.50077407242
5.8 -0.177761920641 -0.489942972083 0.50077407242
5.85 -0.177761920641 -0.489942972083 0.50077407242
5.9 -0.177761920641 -0.489942972083 0.50077407242
5.95 -0.177761920641 -0.489942972083 0.50077407242
6.0 -0.177761920641 -0.489942972083 0.50077407242
6.05 -0.177761920641 -0.489942972083 0.50077407242
6.1 -0.177761920641 -0.489942972083 0.50077407242
6.15 -0.177761920641 -0.489942972083 0.50077407242
6.2 -0.177761920641 -0.489942972083 0.50077407242
6.25 -0.177761920641 -0.489942972083 0.50077407242
6.3 -0.177761920641 -0.489942972083 0.50077407242
6.35 -0.177761920641 -0.489942972083 0.50077407242
6.4 -0.177761920641 -0.489942972083 0.50077407242
6.45 -0.177761920641 -0.489942972083 0.50077407242
6.5 -0.177761920641 -0.489942972083 0.50077407242
6.55 -0.177761920641 -0.489942972083 0.50077407242
6.6 -0.177761920641 -0.489942972083 0.50077407242
6.65 -0.177761920641 -0.489942972083 0.50077407242
6.7 -0.177761920641 -0.489942972083 0.50077407242
6.75 -0.177761920641 -0.489942972083 0.50077407242
6.8 -0.177761920641 -0.489942972083 0.50077407242
6.85 -0.177761920641 -0.489942972083 0.50077407242
6.9 -0.177761920641 -0.489942972083 0.50077407242
6.95 -0.177761920641 -0.489942972083 0.50077407242
7.0 -0.177761920641 -0.489942972083 0.50077407242
7.05 -0.177761920641 -0.489942972083 0.50077407242
7.1 -0.177761920641 -0.489942972083 0.50077407242
7.15 -0.177761920641 -0.489942972083 0.50077407242
7.2 -0.177761920641 -0.489942972083 0.50077407242
7.25 -0.177761920641 -0.489942972083 0.50077407242
7.3 -0.177761920641 -0.489942972083 0.50077407242
7.35 -0.177761920641 -0.489942972083 0.50077407242
7.4 -0.177761920641 -0.489942972083 0.50077407242
7.45 -0.177761920641 -0.489942972083 0.50077407242
7.5 -0.177761920641 -0.489942972083 0.50077407242
7.55 -0.177761920641 -0.489942972083 0.50077407242
7.6 -0.177761920641 -0.489942972083 0.50077407242
7.65 -0.177761920641 -0.489942972083 0.50077407242
7.7 -0.177761920641 -0.489942972083 0.50077407242
7.75 -0.177761920641 -0.489942972083 0.50077407242
7.8 -0.177761920641 -0.489942972083 0.50077407242
7.85 -0.177761920641 -0.489942972083 0.50077407242
7.9 -0.177761920641 -0.489942972083 0.50077407242
7.95 -0.177761920641 -0.489942972083 0.50077407242
8.0 -0.177761920641 -0.489942972083 0.50077407242
8.05 -0.177761920641 -0.489942972083 0.50077407242
8.1 -0.177761920641 -0.489942972083 0.50077407242
8.15 -0.177761920641 -0.489942972083 0.50077407242
8.2 -0.177761920641 -0.489942972083 0.50077407242
8.25 -0.177761920641 -0.489942972083 0.50077407242
8.3 -0.177761920641 -0.489942972083 0.50077407242
8.35 -0.177761920641 -0.489942972083 0.50077407242
8.4 -0.177761920641 -0.489942972083 0.50077407242
8.45 -0.177761920641 -0.489942972083 0.50077407242
8.5 -0.177761920641 -0.489942972083 0.50077407242
8.55 -0.177761920641 -0.489942972083 0.50077407242
8.6 -0.177761920641 -0.489942972083 0.50077407242
8.65 -0.177761920641 -0.489942972083 0.50077407242
8.7 -0.177761920641 -0.489942972083 0.50077407242
8.75 -0.177761920641 -0.489942972083 0.50077407242
8.8 -0.177761920641 -0.489942972083 0.50077407242
8.85 -0.177761920641 -0.489942972083 0.50077407242
8.9 -0.177761920641 -0.489942972083 0.50077407242
8.95 -0.177761920641 -0.489942972083 0.50077407242
9.0 -0.177761920641 -0.489942972083 0.50077407242
9.05 -0.177761920641 -0.489942972083 0.50077407242
9.1 -0.177761920641 -0.489942972083 0.50077407242
9.15 -0.177761920641 -0.489942972083 0.50077407242
9.2 -0.177761920641 -0.489942972083 0.50077407242
9.25 -0.177761920641 -0.489942972083 0.50077407242
9.3 -0.177761920641 -0.489942972083 0.50077407242
9.35 -0.177761920641 -0.489942972083 0.50077407242
9.4 -0.177761920641 -0.489942972083 0.50077407242
9.45 -0.177761920641 -0.489942972083 0.50077407242
9.5 -0.177761920641 -0.489942972083 0.50077407242
9.55 -0.177761920641 -0.489942972083 0.50077407242
9.6 -0.177761920641 -0.489942972083 0.50077407242
9.65 -0.177761920641 -0.489942972083 0.50077407242
9.7 -0.177761920641 -0.489942972083 0.50077407242
9.75 -0.177761920641 -0.489942972083 0.50077407242
9.8 -0.177761920641 -0.489942972083 0.50077407242
9.85 -0.177761920641 -0.489942972083 0.50077407242
9.9 -0.177761920641 -0.489942972083 0.50077407242
9.95 -0.177761920641 -0.489942972083 0.50077407242
10.0 -0.177761920641 -0.489942972083 0.50077407242
10.05 -0.177761920641 -0.489942972083 0.50077407242
10.1 -0.177761920641 -0.489942972083 0.50077407242
10.15 -0.177761920641 -0.489942972083 0.50077407242
10.2 -0.177761920641 -0.489942972083 0.50077407242
10.25 -0.177761920641 -0.489942972083 0.50077407242
10.3 -0.177761920641 -0.489942972083 0.50077407242
10.35 -0.177761920641 -0.489942972083 0.50077407242
10.4 -0.177761920641 -0.489942972083 0.50077407242
10.45 -0.177761920641 -0.489942972083 0.50077407242
10.5 -0.177761920641 -0.489942972083 0.50077407242
10.55 -0.177761920641 -0.489942972083 0.50077407242
10.6 -0.177761920641 -0.489942972083 0.50077407242
10.65 -0.177761920641 -0.489942972083 0.50077407242
10.7 -0.177761920641 -0.489942972083 0.50077407242
10.75 -0.177761920641 -0.489942972083 0.50077407242
10.8 -0.177761920641 -0.489942972083 0.50077407242
10.85 -0.177761920641 -0.489942972083 0.50077407242
10.9 -0.177761920641 -0.489942972083 0.50077407242
10.95 -0.177761920641 -0.489942972083 0.50077407242
11.0 -0.177761920641 -0.489942972083 0.50077407242
11.05 -0.177761920641 -0.489942972083 0.50077407242
11.1 -0.177761920641 -0.489942972083 0.50077407242
11.15 -0.177761920641 -0.489942972083 0.50077407242
11.2 -0.177761920641 -0.489942972083 0.50077407242
11.25 -0.177761920641 -0.489942972083 0.50077407242
11.3 -0.177761920641 -0.489942972083 0.50077407242
11.35 -0.177761920641 -0.489942972083 0.50077407242
11.4 -0.177761920641 -0.489942972083 0.50077407242
11.45 -0.177761920641 -0.489942972083 0.50077407242
11.5 -0.177761920641 -0.489942972083 0.50077407242
11.55 -0.177761920641 -0.489942972083 0.50077407242
11.6 -0.177761920641 -0.489942972083 0.50077407242
11.65 -0.177761920641 -0.489942972083 0.50077407242
11.7 -0.177761920641 -0.489942972083 0.50077407242
11.75 -0.177761920641 -0.489942972083 0.50077407242
11.8 -0.177761920641 -0.489942972083 0.50077407242
11.85 -0.177761920641 -0.489942972083 0.50077407242
11.9 -0.177761920641 -0.489942972083 0.50077407242
11.95 -0.177761920641 -0.489942972083 0.50077407242
12.0 -0.177761920641 -0.489942972083 0.50077407242
12.05 -0.177761920641 -0.489942972083 0.50077407242
12.1 -0.177761920641 -0.489942972083 0.50077407242
12.15 -0.177761920641 -0.489942972083 0.50077407242
12.2 -0.177761920641 -0.489942972083 0.50077407242
12.25 -0.177761920641 -0.489942972083 0.50077407242
12.3 -0.177761920641 -0.489942972083 0.50077407242
12.35 -0.177761920641 -0.489942972083 0.50077407242
12.4 -0.177761920641 -0.489942972083 0.50077407242
12.45 -0.177761920641 -0.489942972083 0.50077407242
12.5 -0.177761920641 -0.489942972083 0.50077407242
12.55 -0.177761920641 -0.489942972083 0.50077407242
12.6 -0.177761920641 -0.489942972083 0.50077407242
12.65 -0.177761920641 -0.489942972083 0.50077407242
12.7 -0.177761920641 -0.489942972083 0.50077407242
12.75 -0.177761920641 -0.489942972083 0.50077407242
12.8 -0.177761920641 -0.489942972083 0.50077407242
12.85 -0.177761920641 -0.489942972083 0.50077407242
12.9 -0.177761920641 -0.489942972083 0.50077407242
12.95 -0.177761920641 -0.489942972083 0.50077407242
13.0 -0.177761920641 -0.489942972083 0.50077407242
13.05 -0.177761920641 -0.489942972083 0.50077407242
13.1 -0.177761920641 -0.489942972083 0.50077407242
13.15 -0.177761920641 -0.489942972083 0.50077407242
13.2 -0.177761920641 -0.489942972083 0.50077407242
13.25 -0.177761920641 -0.489942972083 0.50077407242
13.3 -0.177761920641 -0.489942972083 0.50077407242
13.35 -0.177761920641 -0.489942972083 0.50077407242
13.4 -0.177761920641 -0.489942972083 0.50077407242
13.45 -0.177761920641 -0.489942972083 0.50077407242
13.5 -0.177761920641 -0.489942972083 0.50077407242
13.55 -0.177761920641 -0.489942972083 0.50077407242
13.6 -0.177761920641 -0.489942972083 0.50077407242
13.65 -0.177761920641 -0.489942972083 0.50077407242
13.7 -0.177761920641 -0.489942972083 0.50077407242
13.75 -0.177761920641 -0.489942972083 0.50077407242
13.8 -0.177761920641 -0.489942972083 0.50077407242
13.85 -0.177761920641 -0.489942972083 0.50077407242
13.9 -0.177761920641 -0.489942972083 0.50077407242
13.95 -0.177761920641 -0.489942972083 0.50077407242
14.0 -0.177761920641 -0.489942972083 0.50077407242
14.05 -0.177761920641 -0.489942972083 0.50077407242
14.1 -0.177761920641 -0.489942972083 0.50077407242
14.15 -0.177761920641 -0.489942972083 0.50077407242
14.2 -0.177761920641 -0.489942972083 0.50077407242
14.25 -0.177761920641 -0.489942972083 0.50077407242
14.3 -0.177761920641 -0.489942972083 0.50077407242
14.35 -0.177761920641 -0.489942972083 0.50077407242
14.4 -0.177761920641 -0.489942972083 0.50077407242
14.45 -0.177761920641 -0.489942972083 0.50077407242
14.5 -0.177761920641 -0.489942972083 0.50077407242
14.55 -0.177761920641 -0.489942972083 0.50077407242
14.6 -0.177761920641 -0.489942972083 0.50077407242
14.65 -0.177761920641 -0.489942972083 0.50077407242
14.7 -0.177761920641 -0.489942972083 0.50077407242
14.75 -0.177761920641 -0.489942972083 0.50077407242
14.8 -0.177761920641 -0.489942972083 0.50077407242
14.85 -0.177761920641 -0.489942972083 0.50077407242
14.9 -0.177761920641 -0.489942972083 0.50077407242
14.95 -0.177761920641 -0.489942972083 0.50077407242
15.0 -0.177761920641 -0.489942972083 0.50077407242
15.05 -0.177761920641 -0.489942972083 0.50077407242
15.1 -0.177761920641 -0.489942972083 0.50077407242
15.15 -0.177761920641 -0.489942972083 0.50077407242
15.2 -0.177761920641 -0.489942972083 0.50077407242
15.25 -0.177761920641 -0.489942972083 0.50077407242
15.3 -0.177761920641 -0.489942972083 0.50077407242
15.35 -0.177761920641 -0.489942972083 0.50077407242
15.4 -0.177761920641 -0.489942972083 0.50077407242
15.45 -0.177761920641 -0.489942972083 0.50077407242
15.5 -0.177761920641 -0.489942972083 0.50077407242
15.55 -0.177761920641 -0.489942972083 0.50077407242
15.6 -0.177761920641 -0.489942972083 0.50077407242
15.65 -0.177761920641 -0.489942972083 0.50077407242
15.7 -0.177761920641 -0.489942972083 0.50077407242
15.75 -0.177761920641 -0.489942972083 0.50077407242
15.8 -0.177761920641 -0.489942972083 0.50077407242
15.85 -0.177761920641 -0.489942972083 0.50077407242
15.9 -0.177761920641 -0.489942972083 0.50077407242
15.95 -0.177761920641 -0.489942972083 0.50077407242
16.0 -0.177761920641 -0.489942972083 0.50077407242
16.05 -0.177761920641 -0.489942972083 0.50077407242
16.1 -0.177761920641 -0.489942972083 0.50077407242
16.15 -0.177761920641 -0.489942972083 0.50077407242
16.2 -0.177761920641 -0.489942972083 0.50077407242
16.25 -0.177761920641 -0.489942972083 0.50077407242
16.3 -0.177761920641 -0.489942972083 0.50077407242
16.35 -0.177761920641 -0.489942972083 0.50077407242
16.4 -0.177761920641 -0.489942972083 0.50077407242
16.45 -0.177761920641 -0.489942972083 0.50077407242
16.5 -0.177761920641 -0.489942972083 0.50077407242
16.55 -0.177761920641 -0.489942972083 0.50077407242
16.6 -0.177761920641 -0.489942972083 0.50077407242
16.65 -0.177761920641 -0.489942972083 0.50077407242
16.7 -0.177761920641 -0.489942972083 0.50077407242
16.75 -0.177761920641 -0.489942972083 0.50077407242
16.8 -0.177761920641 -0.489942972083 0.50077407242
16.85 -0.177761920641 -0.489942972083 0.50077407242
16.9 -0.177761920641 -0.489942972083 0.50077407242
16.95 -0.177761920641 -0.489942972083 0.50077407242
17.0 -0.177761920641 -0.489942972083 0.50077407242
17.05 -0.177761920641 -0.489942972083 0.50077407242
17.1 -0.177761920641 -0.489942972083 0.50077407242
17.15 -0.177761920641 -0.489942972083 0.50077407242
17.2 -0.177761920641 -0.489942972083 0.50077407242
17.25 -0.177761920641 -0.489942972083 0.50077407242
17.3 -0.177761920641 -0.489942972083 0.50077407242
17.35 -0.177761920641 -0.489942972083 0.50077407242
17.4 -0.177761920641 -0.489942972083 0.50077407242
17.45 -0.177761920641 -0.489942972083 0.50077407242
17.5 -0.177761920641 -0.489942972083 0.50077407242
17.55 -0.177761920641 -0.489942972083 0.50077407242
17.6 -0.177761920641 -0.489942972083 0.50077407242
17.65 -0.177761920641 -0.489942972083 0.50077407242
17.7 -0.177761920641 -0.489942972083 0.50077407242
17.75 -0.177761920641 -0.489942972083 0.50077407242
17.8 -0.177761920641 -0.489942972083 0.50077407242
17.85 -0.177761920641 -0.489942972083 0.50077407242
17.9 -0.177761920641 -0.489942972083 0.50077407242
17.95 -0.177761920641 -0.489942972083 0.50077407242
18.0 -0.177761920641 -0.489942972083 0.50077407242
18.05 -0.177761920641 -0.489942972083 0.50077407242
18.1 -0.177761920641 -0.489942972083 0.50077407242
18.15 -0.177761920641 -0.489942972083 0.50077407242
18.2 -0.177761920641 -0.489942972083 0.50077407242
18.25 -0.177761920641 -0.489942972083 0.50077407242
18.3 -0.177761920641 -0.489942972083 0.50077407242
18.35 -0.177761920641 -0.489942972083 0.50077407242
18.4 -0.177761920641 -0.489942972083 0.50077407242
18.45 -0.177761920641 -0.489942972083 0.50077407242
18.5 -0.177761920641 -0.489942972083 0.50077407242
18.55 -0.177761920641 -0.489942972083 0.50077407242
18.6 -0.177761920641 -0.489942972083 0.50077407242
18.65 -0.177761920641 -0.489942972083 0.50077407242
18.7 -0.177761920641 -0.489942972083 0.50077407242
18.75 -0.177761920641 -0.489942972083 0.50077407242
18.8 -0.177761920641 -0.489942972083 0.50077407242
18.85 -0.177761920641 -0.489942972083 0.50077407242
18.9 -0.177761920641 -0.489942972083 0.50077407242
18.95 -0.177761920641 -0.489942972083 0.50077407242
19.0 -0.177761920641 -0.489942972083 0.50077407242
19.05 -0.177761920641 -0.489942972083 0.50077407242
19.1 -0.177761920641 -0.489942972083 0.50077407242
19.15 -0.177761920641 -0.489942972083 0.50077407242
19.2 -0.177761920641 -0.489942972083 0.50077407242
19.25 -0.177761920641 -0.489942972083 0.50077407242
19.3 -0.177761920641 -0.489942972083 0.50077407242
19.35 -0.177761920641 -0.489942972083 0.50077407242
19.4 -0.177761920641 -0.489942972083 0.50077407242
19.45 -0.177761920641 -0.489942972083 0.50077407242
19.5 -0.177761920641 -0.489942972083 0.50077407242
19.55 -0.177761920641 -0.489942972083 0.50077407242
19.6 -0.177761920641 -0.489942972083 0.50077407242
19.65 -0.177761920641 -0.489942972083 0.50077407242
19.7 -0.177761920641 -0.489942972083 0.50077407242
19.75 -0.177761920641 -0.489942972083 0.50077407242
19.8 -0.177761920641 -0.489942972083 0.50077407242
19.85 -0.177761920641 -0.489942972083 0.50077407242
19.9 -0.177761920641 -0.489942972083 0.50077407242
19.95 -0.177761920641 -0.489942972083 0.50077407242
20.0 -0.177761920641 -0.489942972083 0.50077407242
20.05 -0.177761920641 -0.489942972083 0.50077407242
20.1 -0.177761920641 -0.489942972083 0.50077407242
20.15 -0.177761920641 -0.489942972083 0.50077407242
20.2 -0.177761920641 -0.489942972083 0.50077407242
20.25 -0.177761920641 -0.489942972083 0.50077407242
20.3 -0.177761920641 -0.489942972083 0.50077407242
20.35 -0.177761920641 -0.489942972083 0.50077407242
20.4 -0.177761920641 -0.489942972083 0.50077407242
20.45 -0.177761920641 -0.489942972083 0.50077407242
20.5 -0.177761920641 -0.489942972083 0.50077407242
20.55 -0.177761920641 -0.489942972083 0.50077407242
20.6 -0.177761920641 -0.489942972083 0.50077407242
20.65 -0.177761920641 -0.489942972083 0.50077407242
20.7 -0.177761920641 -0.489942972083 0.50077407242
20.75 -0.177761920641 -0.489942972083 0.50077407242
20.8 -0.177761920641 -0.489942972083 0.50077407242
20.85 -0.177761920641 -0.489942972083 0.50077407242
20.9 -0.177761920641 -0.489942972083 0.50077407242
20.95 -0.177761920641 -0.489942972083 0.50077407242
21.0 -0.177761920641 -0.489942972083 0.50077407242
21.05 -0.177761920641 -0.489942972083 0.50077407242
21.1 -0.177761920641 -0.489942972083 0.50077407242
21.15 -0.177761920641 -0.489942972083 0.50077407242
21.2 -0.177761920641 -0.489942972083 0.50077407242
21.25 -0.177761920641 -0.489942972083 0.50077407242
21.3 -0.177761920641 -0.489942972083 0.50077407242
21.35 -0.177761920641 -0.489942972083 0.50077407242
21.4 -0.177761920641 -0.489942972083 0.50077407242
21.45 -0.177761920641 -0.489942972083 0.50077407242
21.5 -0.177761920641 -0.489942972083 0.50077407242
21.55 -0.177761920641 -0.489942972083 0.50077407242
21.6 -0.177761920641 -0.489942972083 0.50077407242
21.65 -0.177761920641 -0.489942972083 0.50077407242
21.7 -0.177761920641 -0.489942972083 0.50077407242
21.75 -0.177761920641 -0.489942972083 0.50077407242
21.8 -0.177761920641 -0.489942972083 0.50077407242
21.85 -0.177761920641 -0.489942972083 0.50077407242
21.9 -0.177761920641 -0.489942972083 0.50077407242
21.95 -0.177761920641 -0.489942972083 0.50077407242
22.0 -0.177761920641 -0.489942972083 0.50077407242
22.05 -0.177761920641 -0.489942972083 0.50077407242
22.1 -0.177761920641 -0.489942972083 0.50077407242
22.15 -0.177761920641 -0.489942972083 0.50077407242
22.2 -0.177761920641 -0.489942972083 0.50077407242
22.25 -0.177761920641 -0.489942972083 0.50077407242
22.3 -0.177761920641 -0.489942972083 0.50077407242
22.35 -0.177761920641 -0.489942972083 0.50077407242
22.4 -0.177761920641 -0.489942972083 0.50077407242
22.45 -0.177761920641 -0.489942972083 0.50077407242
22.5 -0.177761920641 -0.489942972083 0.50077407242
22.55 -0.177761920641 -0.489942972083 0.50077407242
22.6 -0.177761920641 -0.489942972083 0.50077407242
22.65 -0.177761920641 -0.489942972083 0.50077407242
22.7 -0.177761920641 -0.489942972083 0.50077407242
22.75 -0.177761920641 -0.489942972083 0.50077407242
22.8 -0.177761920641 -0.489942972083 0.50077407242
22.85 -0.177761920641 -0.489942972083 0.50077407242
22.9 -0.177761920641 -0.489942972083 0.50077407242
22.95 -0.177761920641 -0.489942972083 0.50077407242
23.0 -0.177761920641 -0.489942972083 0.50077407242
23.05 -0.177761920641 -0.489942972083 0.50077407242
23.1 -0.177761920641 -0.489942972083 0.50077407242
23.15 -0.177761920641 -0.489942972083 0.50077407242
23.2 -0.177761920641 -0.489942972083 0.50077407242
23.25 -0.177761920641 -0.489942972083 0.50077407242
23.3 -0.177761920641 -0.489942972083 0.50077407242
23.35 -0.177761920641 -0.489942972083 0.50077407242
23.4 -0.177761920641 -0.489942972083 0.50077407242
23.45 -0.177761920641 -0.489942972083 0.50077407242
23.5 -0.177761920641 -0.489942972083 0.50077407242
23.55 -0.177761920641 -0.489942972083 0.50077407242
23.6 -0.177761920641 -0.489942972083 0.50077407242
23.65 -0.177761920641 -0.489942972083 0.50077407242
23.7 -0.177761920641 -0.489942972083 0.50077407242
23.75 -0.177761920641 -0.489942972083 0.50077407242
23.8 -0.177761920641 -0.489942972083 0.50077407242
23.85 -0.177761920641 -0.489942972083 0.50077407242
23.9 -0.177761920641 -0.489942972083 0.50077407242
23.95 -0.177761920641 -0.489942972083 0.50077407242
24.0 -0.177761920641 -0.489942972083 0.50077407242
24.05 -0.177761920641 -0.489942972083 0.50077407242
24.1 -0.177761920641 -0.489942972083 0.50077407242
24.15 -0.177761920641 -0.489942972083 0.50077407242
24.2 -0.177761920641 -0.489942972083 0.50077407242
24.25 -0.177761920641 -0.489942972083 0.50077407242
24.3 -0.177761920641 -0.489942972083 0.50077407242
24.35 -0.177761920641 -0.489942972083 0.50077407242
24.4 -0.177761920641 -0.489942972083 0.50077407242
24.45 -0.177761920641 -0.489942972083 0.50077407242
24.5 -0.177761920641 -0.489942972083 0.50077407242
24.55 -0.177761920641 -0.489942972083 0.50077407242
24.6 -0.177761920641 -0.489942972083 0.50077407242
24.65 -0.177761920641 -0.489942972083 0.50077407242
24.7 -0.177761920641 -0.489942972083 0.50077407242
24.75 -0.177761920641 -0.489942972083 0.50077407242
24.8 -0.177761920641 -0.489942972083 0.50077407242
24.85 -0.177761920641 -0.489942972083 0.50077407242
24.9 -0.177761920641 -0.489942972083 0.50077407242
24.95 -0.177761920641 -0.489942972083 0.50077407242
25.0 -0.177761920641 -0.489942972083 0.50077407242
25.05 -0.177761920641 -0.489942972083 0.50077407242
25.1 -0.177761920641 -0.489942972083 0.50077407242
25.15 -0.177761920641 -0.489942972083 0.50077407242
25.2 -0.177761920641 -0.489942972083 0.50077407242
25.25 -0.177761920641 -0.489942972083 0.50077407242
25.3 -0.177761920641 -0.489942972083 0.50077407242
25.35 -0.177761920641 -0.489942972083 0.50077407242
25.4 -0.177761920641 -0.489942972083 0.50077407242
25.45 -0.177761920641 -0.489942972083 0.50077407242
25.5 -0.177761920641 -0.489942972083 0.50077407242
25.55 -0.177761920641 -0.489942972083 0.50077407242
25.6 -0.177761920641 -0.489942972083 0.50077407242
25.65 -0.177761920641 -0.489942972083 0.50077407242
25.7 -0.177761920641 -0.489942972083 0.50077407242
25.75 -0.177761920641 -0.489942972083 0.50077407242
25.8 -0.177761920641 -0.489942972083 0.50077407242
25.85 -0.177761920641 -0.489942972083 0.50077407242
25.9 -0.177761920641 -0.489942972083 0.50077407242
25.95 -0.177761920641 -0.489942972083 0.50077407242
26.0 -0.177761920641 -0.489942972083 0.50077407242
26.05 -0.177761920641 -0.489942972083 0.50077407242
26.1 -0.177761920641 -0.489942972083 0.50077407242
26.15 -0.177761920641 -0.489942972083 0.50077407242
26.2 -0.177761920641 -0.489942972083 0.50077407242
26.25 -0.177761920641 -0.489942972083 0.50077407242
26.3 -0.177761920641 -0.489942972083 0.50077407242
26.35 -0.177761920641 -0.489942972083 0.50077407242
26.4 -0.177761920641 -0.489942972083 0.50077407242
26.45 -0.177761920641 -0.489942972083 0.50077407242
26.5 -0.177761920641 -0.489942972083 0.50077407242
26.55 -0.177761920641 -0.489942972083 0.50077407242
26.6 -0.177761920641 -0.489942972083 0.50077407242
26.65 -0.177761920641 -0.489942972083 0.50077407242
26.7 -0.177761920641 -0.489942972083 0.50077407242
26.75 -0.177761920641 -0.489942972083 0.50077407242
26.8 -0.177761920641 -0.489942972083 0.50077407242
26.85 -0.177761920641 -0.489942972083 0.50077407242
26.9 -0.177761920641 -0.489942972083 0.50077407242
26.95 -0.177761920641 -0.489942972083 0.50077407242
27.0 -0.177761920641 -0.489942972083 0.50077407242
27.05 -0.177761920641 -0.489942972083 0.50077407242
27.1 -0.177761920641 -0.489942972083 0.50077407242
27.15 -0.177761920641 -0.489942972083 0.50077407242
27.2 -0.177761920641 -0.489942972083 0.50077407242
27.25 -0.177761920641 -0.489942972083 0.50077407242
27.3 -0.177761920641 -0.489942972083 0.50077407242
27.35 -0.177761920641 -0.489942972083 0.50077407242
27.4 -0.177761920641 -0.489942972083 0.50077407242
27.45 -0.177761920641 -0.489942972083 0.50077407242
27.5 -0.177761920641 -0.489942972083 0.50077407242
27.55 -0.177761920641 -0.489942972083 0.50077407242
27.6 -0.177761920641 -0.489942972083 0.50077407242
27.65 -0.177761920641 -0.489942972083 0.50077407242
27.7 -0.177761920641 -0.489942972083 0.50077407242
27.75 -0.177761920641 -0.489942972083 0.50077407242
27.8 -0.177761920641 -0.489942972083 0.50077407242
27.85 -0.177761920641 -0.489942972083 0.50077407242
27.9 -0.177761920641 -0.489942972083 0.50077407242
27.95 -0.177761920641 -0.489942972083 0.50077407242
28.0 -0.177761920641 -0.489942972083 0.50077407242
28.05 -0.177761920641 -0.489942972083 0.50077407242
28.1 -0.177761920641 -0.489942972083 0.50077407242
28.15 -0.177761920641 -0.489942972083 0.50077407242
28.2 -0.177761920641 -0.489942972083 0.50077407242
28.25 -0.177761920641 -0.489942972083 0.50077407242
28.3 -0.177761920641 -0.489942972083 0.50077407242
28.35 -0.177761920641 -0.489942972083 0.50077407242
28.4 -0.177761920641 -0.489942972083 0.50077407242
28.45 -0.177761920641 -0.489942972083 0.50077407242
28.5 -0.177761920641 -0.489942972083 0.50077407242
28.55 -0.177761920641 -0.489942972083 0.50077407242
28.6 -0.177761920641 -0.489942972083 0.50077407242
28.65 -0.177761920641 -0.489942972083 0.50077407242
28.7 -0.177761920641 -0.489942972083 0.50077407242
28.75 -0.177761920641 -0.489942972083 0.50077407242
28.8 -0.177761920641 -0.489942972083 0.50077407242
28.85 -0.177761920641 -0.489942972083 0.50077407242
28.9 -0.177761920641 -0.489942972083 0.50077407242
28.95 -0.177761920641 -0.489942972083 0.50077407242
29.0 -0.177761920641 -0.489942972083 0.50077407242
29.05 -0.177761920641 -0.489942972083 0.50077407242
29.1 -0.177761920641 -0.489942972083 0.50077407242
29.15 -0.177761920641 -0.489942972083 0.50077407242
29.2 -0.177761920641 -0.489942972083 0.50077407242
29.25 -0.177761920641 -0.489942972083 0.50077407242
29.3 -0.177761920641 -0.489942972083 0.50077407242
29.35 -0.177761920641 -0.489942972083 0.50077407242
29.4 -0.177761920641 -0.489942972083 0.50077407242
29.45 -0.177761920641 -0.489942972083 0.50077407242
29.5 -0.177761920641 -0.489942972083 0.50077407242
29.55 -0.177761920641 -0.489942972083 0.50077407242
29.6 -0.177761920641 -0.489942972083 0.50077407242
29.65 -0.177761920641 -0.489942972083 0.50077407242
29.7 -0.177761920641 -0.489942972083 0.50077407242
29.75 -0.177761920641 -0.489942972083 0.50077407242
29.8 -0.177761920641 -0.489942972083 0.50077407242
29.85 -0.177761920641 -0.489942972083 0.50077407242
29.9 -0.177761920641 -0.489942972083 0.50077407242
29.95 -0.177761920641 -0.489942972083 0.50077407242
30.0 -0.177761920641 -0.489942972083 0.50077407242
30.05 -0.177761920641 -0.489942972083 0.50077407242
30.1 -0.177761920641 -0.489942972083 0.50077407242
30.15 -0.177761920641 -0.489942972083 0.50077407242
30.2 -0.177761920641 -0.489942972083 0.50077407242
30.25 -0.177761920641 -0.489942972083 0.50077407242
30.3 -0.177761920641 -0.489942972083 0.50077407242
30.35 -0.177761920641 -0.489942972083 0.50077407242
30.4 -0.177761920641 -0.489942972083 0.50077407242
30.45 -0.177761920641 -0.489942972083 0.50077407242
30.5 -0.177761920641 -0.489942972083 0.50077407242
30.55 -0.177761920641 -0.489942972083 0.50077407242
30.6 -0.177761920641 -0.489942972083 0.50077407242
30.65 -0.177761920641 -0.489942972083 0.50077407242
30.7 -0.177761920641 -0.489942972083 0.50077407242
30.75 -0.177761920641 -0.489942972083 0.50077407242
30.8 -0.177761920641 -0.489942972083 0.50077407242
30.85 -0.177761920641 -0.489942972083 0.50077407242
30.9 -0.177761920641 -0.489942972083 0.50077407242
30.95 -0.177761920641 -0.489942972083 0.50077407242
31.0 -0.177761920641 -0.489942972083 0.50077407242
31.05 -0.177761920641 -0.489942972083 0.50077407242
31.1 -0.177761920641 -0.489942972083 0.50077407242
31.15 -0.177761920641 -0.489942972083 0.50077407242
31.2 -0.177761920641 -0.489942972083 0.50077407242
31.25 -0.177761920641 -0.489942972083 0.50077407242
31.3 -0.177761920641 -0.489942972083 0.50077407242
31.35 -0.177761920641 -0.489942972083 0.50077407242
31.4 -0.177761920641 -0.489942972083 0.50077407242
31.45 -0.177761920641 -0.489942972083 0.50077407242
31.5 -0.177761920641 -0.489942972083 0.50077407242
31.55 -0.177761920641 -0.489942972083 0.50077407242
31.6 -0.177761920641 -0.489942972083 0.50077407242
31.65 -0.177761920641 -0.489942972083 0.50077407242
31.7 -0.177761920641 -0.489942972083 0.50077407242
31.75 -0.177761920641 -0.489942972083 0.50077407242
31.8 -0.177761920641 -0.489942972083 0.50077407242
31.85 -0.177761920641 -0.489942972083 0.50077407242
31.9 -0.177761920641 -0.489942972083 0.50077407242
31.95 -0.177761920641 -0.489942972083 0.50077407242
32.0 -0.177761920641 -0.489942972083 0.50077407242
32.05 -0.177761920641 -0.489942972083 0.50077407242
32.1 -0.177761920641 -0.489942972083 0.50077407242
32.15 -0.177761920641 -0.489942972083 0.50077407242
32.2 -0.177761920641 -0.489942972083 0.50077407242
32.25 -0.177761920641 -0.489942972083 0.50077407242
32.3 -0.177761920641 -0.489942972083 0.50077407242
32.35 -0.177761920641 -0.489942972083 0.50077407242
32.4 -0.177761920641 -0.489942972083 0.50077407242
32.45 -0.177761920641 -0.489942972083 0.50077407242
32.5 -0.177761920641 -0.489942972083 0.50077407242
32.55 -0.177761920641 -0.489942972083 0.50077407242
32.6 -0.177761920641 -0.489942972083 0.50077407242
32.65 -0.177761920641 -0.489942972083 0.50077407242
32.7 -0.177761920641 -0.489942972083 0.50077407242
32.75 -0.177761920641 -0.489942972083 0.50077407242
32.8 -0.177761920641 -0.489942972083 0.50077407242
32.85 -0.177761920641 -0.489942972083 0.50077407242
32.9 -0.177761920641 -0.489942972083 0.50077407242
32.95 -0.177761920641 -0.489942972083 0.50077407242
33.0 -0.177761920641 -0.489942972083 0.50077407242
33.05 -0.177761920641 -0.489942972083 0.50077407242
33.1 -0.177761920641 -0.489942972083 0.50077407242
33.15 -0.177761920641 -0.489942972083 0.50077407242
33.2 -0.177761920641 -0.489942972083 0.50077407242
33.25 -0.177761920641 -0.489942972083 0.50077407242
33.3 -0.177761920641 -0.489942972083 0.50077407242
33.35 -0.177761920641 -0.489942972083 0.50077407242
33.4 -0.177761920641 -0.489942972083 0.50077407242
33.45 -0.177761920641 -0.489942972083 0.50077407242
33.5 -0.177761920641 -0.489942972083 0.50077407242
33.55 -0.177761920641 -0.489942972083 0.50077407242
33.6 -0.177761920641 -0.489942972083 0.50077407242
33.65 -0.177761920641 -0.489942972083 0.50077407242
33.7 -0.177761920641 -0.489942972083 0.50077407242
33.75 -0.177761920641 -0.489942972083 0.50077407242
33.8 -0.177761920641 -0.489942972083 0.50077407242
33.85 -0.177761920641 -0.489942972083 0.50077407242
33.9 -0.177761920641 -0.489942972083 0.50077407242
33.95 -0.177761920641 -0.489942972083 0.50077407242
34.0 -0.177761920641 -0.489942972083 0.50077407242
34.05 -0.177761920641 -0.489942972083 0.50077407242
34.1 -0.177761920641 -0.489942972083 0.50077407242
34.15 -0.177761920641 -0.489942972083 0.50077407242
34.2 -0.177761920641 -0.489942972083 0.50077407242
34.25 -0.177761920641 -0.489942972083 0.50077407242
34.3 -0.177761920641 -0.489942972083 0.50077407242
34.35 -0.177761920641 -0.489942972083 0.50077407242
34.4 -0.177761920641 -0.489942972083 0.50077407242
34.45 -0.177761920641 -0.489942972083 0.50077407242
34.5 -0.177761920641 -0.489942972083 0.50077407242
34.55 -0.177761920641 -0.489942972083 0.50077407242
34.6 -0.177761920641 -0.489942972083 0.50077407242
34.65 -0.177761920641 -0.489942972083 0.50077407242
34.7 -0.177761920641 -0.489942972083 0.50077407242
34.75 -0.177761920641 -0.489942972083 0.50077407242
34.8 -0.177761920641 -0.489942972083 0.50077407242
34.85 -0.177761920641 -0.489942972083 0.50077407242
34.9 -0.177761920641 -0.489942972083 0.50077407242
34.95 -0.177761920641 -0.489942972083 0.50077407242
35.0 -0.177761920641 -0.489942972083 0.50077407242
35.05 -0.177761920641 -0.489942972083 0.50077407242
35.1 -0.177761920641 -0.489942972083 0.50077407242
35.15 -0.177761920641 -0.489942972083 0.50077407242
35.2 -0.177761920641 -0.489942972083 0.50077407242
35.25 -0.177761920641 -0.489942972083 0.50077407242
35.3 -0.177761920641 -0.489942972083 0.50077407242
35.35 -0.177761920641 -0.489942972083 0.50077407242
35.4 -0.177761920641 -0.489942972083 0.50077407242
35.45 -0.177761920641 -0.489942972083 0.50077407242
35.5 -0.177761920641 -0.489942972083 0.50077407242
35.55 -0.177761920641 -0.489942972083 0.50077407242
35.6 -0.177761920641 -0.489942972083 0.50077407242
35.65 -0.177761920641 -0.489942972083 0.50077407242
35.7 -0.177761920641 -0.489942972083 0.50077407242
35.75 -0.177761920641 -0.489942972083 0.50077407242
35.8 -0.177761920641 -0.489942972083 0.50077407242
35.85 -0.177761920641 -0.489942972083 0.50077407242
35.9 -0.177761920641 -0.489942972083 0.50077407242
35.95 -0.177761920641 -0.489942972083 0.50077407242
36.0 -0.177761920641 -0.489942972083 0.50077407242
36.05 -0.177761920641 -0.489942972083 0.50077407242
36.1 -0.177761920641 -0.489942972083 0.50077407242
36.15 -0.177761920641 -0.489942972083 0.50077407242
36.2 -0.177761920641 -0.489942972083 0.50077407242
36.25 -0.177761920641 -0.489942972083 0.50077407242
36.3 -0.177761920641 -0.489942972083 0.50077407242
36.35 -0.177761920641 -0.489942972083 0.50077407242
36.4 -0.177761920641 -0.489942972083 0.50077407242
36.45 -0.177761920641 -0.489942972083 0.50077407242
36.5 -0.177761920641 -0.489942972083 0.50077407242
36.55 -0.177761920641 -0.489942972083 0.50077407242
36.6 -0.177761920641 -0.489942972083 0.50077407242
36.65 -0.177761920641 -0.489942972083 0.50077407242
36.7 -0.177761920641 -0.489942972083 0.50077407242
36.75 -0.177761920641 -0.489942972083 0.50077407242
36.8 -0.177761920641 -0.489942972083 0.50077407242
36.85 -0.177761920641 -0.489942972083 0.50077407242
36.9 -0.177761920641 -0.489942972083 0.50077407242
36.95 -0.177761920641 -0.489942972083 0.50077407242
37.0 -0.177761920641 -0.489942972083 0.50077407242
37.05 -0.177761920641 -0.489942972083 0.50077407242
37.1 -0.177761920641 -0.489942972083 0.50077407242
37.15 -0.177761920641 -0.489942972083 0.50077407242
37.2 -0.177761920641 -0.489942972083 0.50077407242
37.25 -0.177761920641 -0.489942972083 0.50077407242
37.3 -0.177761920641 -0.489942972083 0.50077407242
37.35 -0.177761920641 -0.489942972083 0.50077407242
37.4 -0.177761920641 -0.489942972083 0.50077407242
37.45 -0.177761920641 -0.489942972083 0.50077407242
37.5 -0.177761920641 -0.489942972083 0.50077407242
37.55 -0.177761920641 -0.489942972083 0.50077407242
37.6 -0.177761920641 -0.489942972083 0.50077407242
37.65 -0.177761920641 -0.489942972083 0.50077407242
37.7 -0.177761920641 -0.489942972083 0.50077407242
37.75 -0.177761920641 -0.489942972083 0.50077407242
37.8 -0.177761920641 -0.489942972083 0.50077407242
37.85 -0.177761920641 -0.489942972083 0.50077407242
37.9 -0.177761920641 -0.489942972083 0.50077407242
37.95 -0.177761920641 -0.489942972083 0.50077407242
38.0 -0.177761920641 -0.489942972083 0.50077407242
38.05 -0.177761920641 -0.489942972083 0.50077407242
38.1 -0.177761920641 -0.489942972083 0.50077407242
38.15 -0.177761920641 -0.489942972083 0.50077407242
38.2 -0.177761920641 -0.489942972083 0.50077407242
38.25 -0.177761920641 -0.489942972083 0.50077407242
38.3 -0.177761920641 -0.489942972083 0.50077407242
38.35 -0.177761920641 -0.489942972083 0.50077407242
38.4 -0.177761920641 -0.489942972083 0.50077407242
38.45 -0.177761920641 -0.489942972083 0.50077407242
38.5 -0.177761920641 -0.489942972083 0.50077407242
38.55 -0.177761920641 -0.489942972083 0.50077407242
38.6 -0.177761920641 -0.489942972083 0.50077407242
38.65 -0.177761920641 -0.489942972083 0.50077407242
38.7 -0.177761920641 -0.489942972083 0.50077407242
38.75 -0.177761920641 -0.489942972083 0.50077407242
38.8 -0.177761920641 -0.489942972083 0.50077407242
38.85 -0.177761920641 -0.489942972083 0.50077407242
38.9 -0.177761920641 -0.489942972083 0.50077407242
38.95 -0.177761920641 -0.489942972083 0.50077407242
39.0 -0.177761920641 -0.489942972083 0.50077407242
39.05 -0.177761920641 -0.489942972083 0.50077407242
39.1 -0.177761920641 -0.489942972083 0.50077407242
39.15 -0.177761920641 -0.489942972083 0.50077407242
39.2 -0.177761920641 -0.489942972083 0.50077407242
39.25 -0.177761920641 -0.489942972083 0.50077407242
39.3 -0.177761920641 -0.489942972083 0.50077407242
39.35 -0.177761920641 -0.489942972083 0.50077407242
39.4 -0.177761920641 -0.489942972083 0.50077407242
39.45 -0.177761920641 -0.489942972083 0.50077407242
39.5 -0.177761920641 -0.489942972083 0.50077407242
39.55 -0.177761920641 -0.489942972083 0.50077407242
39.6 -0.177761920641 -0.489942972083 0.50077407242
39.65 -0.177761920641 -0.489942972083 0.50077407242
39.7 -0.177761920641 -0.489942972083 0.50077407242
39.75 -0.177761920641 -0.489942972083 0.50077407242
39.8 -0.177761920641 -0.489942972083 0.50077407242
39.85 -0.177761920641 -0.489942972083 0.50077407242
39.9 -0.177761920641 -0.489942972083 0.50077407242
39.95 -0.177761920641 -0.489942972083 0.50077407242
40.0 -0.177761920641 -0.489942972083 0.50077407242
40.05 -0.177761920641 -0.489942972083 0.50077407242
40.1 -0.177761920641 -0.489942972083 0.50077407242
40.15 -0.177761920641 -0.489942972083 0.50077407242
40.2 -0.177761920641 -0.489942972083 0.50077407242
40.25 -0.177761920641 -0.489942972083 0.50077407242
40.3 -0.177761920641 -0.489942972083 0.50077407242
40.35 -0.177761920641 -0.489942972083 0.50077407242
40.4 -0.177761920641 -0.489942972083 0.50077407242
40.45 -0.177761920641 -0.489942972083 0.50077407242
40.5 -0.177761920641 -0.489942972083 0.50077407242
40.55 -0.177761920641 -0.489942972083 0.50077407242
40.6 -0.177761920641 -0.489942972083 0.50077407242
40.65 -0.177761920641 -0.489942972083 0.50077407242
40.7 -0.177761920641 -0.489942972083 0.50077407242
40.75 -0.177761920641 -0.489942972083 0.50077407242
40.8 -0.177761920641 -0.489942972083 0.50077407242
40.85 -0.177761920641 -0.489942972083 0.50077407242
40.9 -0.177761920641 -0.489942972083 0.50077407242
40.95 -0.177761920641 -0.489942972083 0.50077407242
41.0 -0.177761920641 -0.489942972083 0.50077407242
41.05 -0.177761920641 -0.489942972083 0.50077407242
41.1 -0.177761920641 -0.489942972083 0.50077407242
41.15 -0.177761920641 -0.489942972083 0.50077407242
41.2 -0.177761920641 -0.489942972083 0.50077407242
41.25 -0.177761920641 -0.489942972083 0.50077407242
41.3 -0.177761920641 -0.489942972083 0.50077407242
41.35 -0.177761920641 -0.489942972083 0.50077407242
41.4 -0.177761920641 -0.489942972083 0.50077407242
41.45 -0.177761920641 -0.489942972083 0.50077407242
41.5 -0.177761920641 -0.489942972083 0.50077407242
41.55 -0.177761920641 -0.489942972083 0.50077407242
41.6 -0.177761920641 -0.489942972083 0.50077407242
41.65 -0.177761920641 -0.489942972083 0.50077407242
41.7 -0.177761920641 -0.489942972083 0.50077407242
41.75 -0.177761920641 -0.489942972083 0.50077407242
41.8 -0.177761920641 -0.489942972083 0.50077407242
41.85 -0.177761920641 -0.489942972083 0.50077407242
41.9 -0.177761920641 -0.489942972083 0.50077407242
41.95 -0.177761920641 -0.489942972083 0.50077407242
42.0 -0.177761920641 -0.489942972083 0.50077407242
42.05 -0.177761920641 -0.489942972083 0.50077407242
42.1 -0.177761920641 -0.489942972083 0.50077407242
42.15 -0.177761920641 -0.489942972083 0.50077407242
42.2 -0.177761920641 -0.489942972083 0.50077407242
42.25 -0.177761920641 -0.489942972083 0.50077407242
42.3 -0.177761920641 -0.489942972083 0.50077407242
42.35 -0.177761920641 -0.489942972083 0.50077407242
42.4 -0.177761920641 -0.489942972083 0.50077407242
42.45 -0.177761920641 -0.489942972083 0.50077407242
42.5 -0.177761920641 -0.489942972083 0.50077407242
42.55 -0.177761920641 -0.489942972083 0.50077407242
42.6 -0.177761920641 -0.489942972083 0.50077407242
42.65 -0.177761920641 -0.489942972083 0.50077407242
42.7 -0.177761920641 -0.489942972083 0.50077407242
42.75 -0.177761920641 -0.489942972083 0.50077407242
42.8 -0.177761920641 -0.489942972083 0.50077407242
42.85 -0.177761920641 -0.489942972083 0.50077407242
42.9 -0.177761920641 -0.489942972083 0.50077407242
42.95 -0.177761920641 -0.489942972083 0.50077407242
43.0 -0.177761920641 -0.489942972083 0.50077407242
43.05 -0.177761920641 -0.489942972083 0.50077407242
43.1 -0.177761920641 -0.489942972083 0.50077407242
43.15 -0.177761920641 -0.489942972083 0.50077407242
43.2 -0.177761920641 -0.489942972083 0.50077407242
43.25 -0.177761920641 -0.489942972083 0.50077407242
43.3 -0.177761920641 -0.489942972083 0.50077407242
43.35 -0.177761920641 -0.489942972083 0.50077407242
43.4 -0.177761920641 -0.489942972083 0.50077407242
43.45 -0.177761920641 -0.489942972083 0.50077407242
43.5 -0.177761920641 -0.489942972083 0.50077407242
43.55 -0.177761920641 -0.489942972083 0.50077407242
43.6 -0.177761920641 -0.489942972083 0.50077407242
43.65 -0.177761920641 -0.489942972083 0.50077407242
43.7 -0.177761920641 -0.489942972083 0.50077407242
43.75 -0.177761920641 -0.489942972083 0.50077407242
43.8 -0.177761920641 -0.489942972083 0.50077407242
43.85 -0.177761920641 -0.489942972083 0.50077407242
43.9 -0.177761920641 -0.489942972083 0.50077407242
43.95 -0.177761920641 -0.489942972083 0.50077407242
44.0 -0.177761920641 -0.489942972083 0.50077407242
44.05 -0.177761920641 -0.489942972083 0.50077407242
44.1 -0.177761920641 -0.489942972083 0.50077407242
44.15 -0.177761920641 -0.489942972083 0.50077407242
44.2 -0.177761920641 -0.489942972083 0.50077407242
44.25 -0.177761920641 -0.489942972083 0.50077407242
44.3 -0.177761920641 -0.489942972083 0.50077407242
44.35 -0.177761920641 -0.489942972083 0.50077407242
44.4 -0.177761920641 -0.489942972083 0.50077407242
44.45 -0.177761920641 -0.489942972083 0.50077407242
44.5 -0.177761920641 -0.489942972083 0.50077407242
44.55 -0.177761920641 -0.489942972083 0.50077407242
44.6 -0.177761920641 -0.489942972083 0.50077407242
44.65 -0.177761920641 -0.489942972083 0.50077407242
44.7 -0.177761920641 -0.489942972083 0.50077407242
44.75 -0.177761920641 -0.489942972083 0.50077407242
44.8 -0.177761920641 -0.489942972083 0.50077407242
44.85 -0.177761920641 -0.489942972083 0.50077407242
44.9 -0.177761920641 -0.489942972083 0.50077407242
44.95 -0.177761920641 -0.489942972083 0.50077407242
45.0 -0.177761920641 -0.489942972083 0.50077407242
45.05 -0.177761920641 -0.489942972083 0.50077407242
45.1 -0.177761920641 -0.489942972083 0.50077407242
45.15 -0.177761920641 -0.489942972083 0.50077407242
45.2 -0.177761920641 -0.489942972083 0.50077407242
45.25 -0.177761920641 -0.489942972083 0.50077407242
45.3 -0.177761920641 -0.489942972083 0.50077407242
45.35 -0.177761920641 -0.489942972083 0.50077407242
45.4 -0.177761920641 -0.489942972083 0.50077407242
45.45 -0.177761920641 -0.489942972083 0.50077407242
45.5 -0.177761920641 -0.489942972083 0.50077407242
45.55 -0.177761920641 -0.489942972083 0.50077407242
45.6 -0.177761920641 -0.489942972083 0.50077407242
45.65 -0.177761920641 -0.489942972083 0.50077407242
45.7 -0.177761920641 -0.489942972083 0.50077407242
45.75 -0.177761920641 -0.489942972083 0.50077407242
45.8 -0.177761920641 -0.489942972083 0.50077407242
45.85 -0.177761920641 -0.489942972083 0.50077407242
45.9 -0.177761920641 -0.489942972083 0.50077407242
45.95 -0.177761920641 -0.489942972083 0.50077407242
46.0 -0.177761920641 -0.489942972083 0.50077407242
46.05 -0.177761920641 -0.489942972083 0.50077407242
46.1 -0.177761920641 -0.489942972083 0.50077407242
46.15 -0.177761920641 -0.489942972083 0.50077407242
46.2 -0.177761920641 -0.489942972083 0.50077407242
46.25 -0.177761920641 -0.489942972083 0.50077407242
46.3 -0.177761920641 -0.489942972083 0.50077407242
46.35 -0.177761920641 -0.489942972083 0.50077407242
46.4 -0.177761920641 -0.489942972083 0.50077407242
46.45 -0.177761920641 -0.489942972083 0.50077407242
46.5 -0.177761920641 -0.489942972083 0.50077407242
46.55 -0.177761920641 -0.489942972083 0.50077407242
46.6 -0.177761920641 -0.489942972083 0.50077407242
46.65 -0.177761920641 -0.489942972083 0.50077407242
46.7 -0.177761920641 -0.489942972083 0.50077407242
46.75 -0.177761920641 -0.489942972083 0.50077407242
46.8 -0.177761920641 -0.489942972083 0.50077407242
46.85 -0.177761920641 -0.489942972083 0.50077407242
46.9 -0.177761920641 -0.489942972083 0.50077407242
46.95 -0.177761920641 -0.489942972083 0.50077407242
47.0 -0.177761920641 -0.489942972083 0.50077407242
47.05 -0.177761920641 -0.489942972083 0.50077407242
47.1 -0.177761920641 -0.489942972083 0.50077407242
47.15 -0.177761920641 -0.489942972083 0.50077407242
47.2 -0.177761920641 -0.489942972083 0.50077407242
47.25 -0.177761920641 -0.489942972083 0.50077407242
47.3 -0.177761920641 -0.489942972083 0.50077407242
47.35 -0.177761920641 -0.489942972083 0.50077407242
47.4 -0.177761920641 -0.489942972083 0.50077407242
47.45 -0.177761920641 -0.489942972083 0.50077407242
47.5 -0.177761920641 -0.489942972083 0.50077407242
47.55 -0.177761920641 -0.489942972083 0.50077407242
47.6 -0.177761920641 -0.489942972083 0.50077407242
47.65 -0.177761920641 -0.489942972083 0.50077407242
47.7 -0.177761920641 -0.489942972083 0.50077407242
47.75 -0.177761920641 -0.489942972083 0.50077407242
47.8 -0.177761920641 -0.489942972083 0.50077407242
47.85 -0.177761920641 -0.489942972083 0.50077407242
47.9 -0.177761920641 -0.489942972083 0.50077407242
47.95 -0.177761920641 -0.489942972083 0.50077407242
48.0 -0.177761920641 -0.489942972083 0.50077407242
48.05 -0.177761920641 -0.489942972083 0.50077407242
48.1 -0.177761920641 -0.489942972083 0.50077407242
48.15 -0.177761920641 -0.489942972083 0.50077407242
48.2 -0.177761920641 -0.489942972083 0.50077407242
48.25 -0.177761920641 -0.489942972083 0.50077407242
48.3 -0.177761920641 -0.489942972083 0.50077407242
48.35 -0.177761920641 -0.489942972083 0.50077407242
48.4 -0.177761920641 -0.489942972083 0.50077407242
48.45 -0.177761920641 -0.489942972083 0.50077407242
48.5 -0.177761920641 -0.489942972083 0.50077407242
48.55 -0.177761920641 -0.489942972083 0.50077407242
48.6 -0.177761920641 -0.489942972083 0.50077407242
48.65 -0.177761920641 -0.489942972083 0.50077407242
48.7 -0.177761920641 -0.489942972083 0.50077407242
48.75 -0.177761920641 -0.489942972083 0.50077407242
48.8 -0.177761920641 -0.489942972083 0.50077407242
48.85 -0.177761920641 -0.489942972083 0.50077407242
48.9 -0.177761920641 -0.489942972083 0.50077407242
48.95 -0.177761920641 -0.489942972083 0.50077407242
49.0 -0.177761920641 -0.489942972083 0.50077407242
49.05 -0.177761920641 -0.489942972083 0.50077407242
49.1 -0.177761920641 -0.489942972083 0.50077407242
49.15 -0.177761920641 -0.489942972083 0.50077407242
49.2 -0.177761920641 -0.489942972083 0.50077407242
49.25 -0.177761920641 -0.489942972083 0.50077407242
49.3 -0.177761920641 -0.489942972083 0.50077407242
49.35 -0.177761920641 -0.489942972083 0.50077407242
49.4 -0.177761920641 -0.489942972083 0.50077407242
49.45 -0.177761920641 -0.489942972083 0.50077407242
49.5 -0.177761920641 -0.489942972083 0.50077407242
49.55 -0.177761920641 -0.489942972083 0.50077407242
49.6 -0.177761920641 -0.489942972083 0.50077407242
49.65 -0.177761920641 -0.489942972083 0.50077407242
49.7 -0.177761920641 -0.489942972083 0.50077407242
49.75 -0.177761920641 -0.489942972083 0.50077407242
49.8 -0.177761920641 -0.489942972083 0.50077407242
49.85 -0.177761920641 -0.489942972083 0.50077407242
