0 0 0 0.0
5 -1.86213961019e-05 3.45419941145e-06 0.00770637287113
5 -1.86213961019e-05 3.45419941145e-06 0.00770637287113
5 -1.86247206355e-05 3.47378132652e-06 0.00770637471983
5 -1.86311741609e-05 3.51179327476e-06 0.00770637834378
5 -1.86344987139e-05 3.53137518511e-06 0.00770638022886
6 -1.86409522768e-05 3.56938712418e-06 0.00770638392345
6 -1.86442768492e-05 3.58896902982e-06 0.00770638584492
6 -1.86475036463e-05 3.60797499551e-06 0.0077063877217
6 0.000445374260531 3.85428857069e-06 0.00769547487633
6 0.00392776762168 4.18358715682e-06 0.00769555758672
6 0.00705232363485 4.45507663492e-06 0.00769562176994
6 0.0157004125346 5.25747978496e-06 0.00769570565202
6 0.0214860822325 5.86056137242e-06 0.00769583701369
6 0.0279668228553 6.61729882007e-06 0.00769594811371
6 0.0437466459353 8.90767858728e-06 0.00769650920311
6 0.0627261185299 1.27927885858e-05 0.00769771268393
6 0.0738340170458 1.58429234477e-05 0.00769901260485
6 0.0854804511573 1.98548222451e-05 0.0077010617249
6 0.0979791850466 2.53353769808e-05 0.00770466915687
6 0.141059063541 5.90818818223e-05 0.00774650531876
6 0.157489193038 8.17313986443e-05 0.00779337246514
6 0.17430294975 0.000113189644493 0.00788278679355
6 0.21107410294 0.000219167352406 0.00837921429525
6 0.250748232588 0.000415125545877 0.00993714453764
7 0.293321226978 0.000840335922088 0.0168785727693
7 0.314203262344 0.00120615921673 0.0215890272638
7 0.335460364425 0.00168943501521 0.0266137122458
7 0.355935261084 0.0022621495888 0.031547004724
7 0.397354816616 0.00374151145702 0.0416774337303
7 0.437759255695 0.00560031607746 0.0516993603499
7 0.458327213866 0.0067039665623 0.0568625713767
7 0.478035059399 0.00786248428609 0.0618467558949
7 0.497590122273 0.00911136055027 0.0668088199437
7 0.556433976139 0.0134629021532 0.0818189089069
7 0.576295064477 0.0151339858783 0.0869092756265
7 0.596003630087 0.0169361631894 0.0919633252078
7 0.635356335462 0.0206092700842 0.0965941971862
7 0.672622882324 0.0243895984855 0.106338465449
7 0.709670722433 0.0285105614114 0.111364061672
7 0.727757112081 0.030660036245 0.121023718426
7 0.74614363964 0.03293343053 0.125983956759
7 0.763862049794 0.0352147620535 0.130760343847
7 0.799680022208 0.0400902498694 0.1404401375
7 0.834575078314 0.045181933289 0.149929654734
7 0.852315407038 0.0478979300782 0.15478884454
8 0.869297368712 0.0505808264816 0.159473010461
8 0.886246486568 0.0533431313014 0.164153931889
8 0.920285996244 0.0591368923624 0.173613148606
8 0.954040262097 0.0652115913529 0.183039560591
8 0.970388530399 0.0682694940813 0.187648411354
8 1.00329146066 0.0746646369427 0.196971967041
8 1.03520269149 0.0811761425169 0.206090498293
8 1.0514149124 0.0845977541083 0.210763360403
8 1.0824067544 0.0913639339659 0.219769166586
8 1.09823451906 0.0949336320612 0.224389069876
8 1.11339162728 0.0984218532668 0.228850616801
8 1.12851696028 0.101977262231 0.233304210099
8 1.15887526864 0.109327695763 0.242300908184
8 1.18895965783 0.116899354608 0.251267177118
8 1.20351941056 0.12066439472 0.255648836927
8 1.21804716417 0.124492481009 0.260027867458
8 1.26110777062 0.136238102204 0.273164936975
8 1.27560679514 0.140332175196 0.27761660545
8 1.28941339851 0.144288136606 0.281902916487
8 1.31722976398 0.152468625411 0.290573143969
9 1.34411717771 0.160623776428 0.299044802542
9 1.37097576964 0.169021340331 0.303393020896
9 1.3840828714 0.173212771126 0.311779236746
9 1.39739203865 0.177527812419 0.31608432624
9 1.41020317864 0.181744179011 0.320235244411
9 1.43606846164 0.190437511789 0.328646205865
9 1.46122211756 0.199125640183 0.336890790855
9 1.47398734858 0.20362146346 0.341111214714
9 1.48619400442 0.2079775612 0.345179376338
9 1.4983726227 0.212382360138 0.349246969722
9 1.52279835372 0.221385379327 0.35746286976
9 1.54690387448 0.23049628259 0.365638329635
9 1.55859847644 0.234995516036 0.369639099092
9 1.58211427593 0.24420899847 0.377733429719
9 1.60489137382 0.253346353856 0.385652397211
9 1.62749551611 0.262618756083 0.389705488333
9 1.6385181549 0.267219476673 0.397520234797
9 1.64970808405 0.271939539705 0.401531944403
9 1.66047687004 0.276534124505 0.405399406587
9 1.68220991809 0.285957717296 0.413238054272
10 1.70320139751 0.295251464369 0.420896944306
10 1.71391049856 0.300068642849 0.424828448894
10 1.72415718949 0.304723533775 0.428619330085
10 1.73437968247 0.309416212801 0.432410110735
10 1.76484432281 0.323680815254 0.443818118915
10 1.7750952567 0.328577025014 0.447684827999
10 1.78484550535 0.333275211803 0.451402898503
10 1.80449065513 0.34288614499 0.458932165822
10 1.82358175241 0.352403164203 0.466312162768
10 1.83326459144 0.357296199292 0.470088955381
10 1.85175825236 0.366772060766 0.477371552424
10 1.86119295391 0.371672532394 0.481109405505
10 1.87021853922 0.376401522836 0.484714586017
10 1.88841990758 0.386067777557 0.492019708001
10 1.90610670528 0.395625497508 0.499180018664
10 1.91507663133 0.400534367501 0.502844686451
10 1.92365335954 0.405268291865 0.50637800983
10 1.93220907886 0.410031492553 0.509910710724
10 1.95775462873 0.424490769722 0.520554735064
10 1.9663308161 0.429426019415 0.524157467685
11 1.98261543918 0.438909423088 0.527621985803
11 1.99091927157 0.443804765047 0.534638335121
11 2.00678358586 0.453268648498 0.541515657133
11 2.01487789304 0.458154824628 0.545034585373
11 2.03034563122 0.467600662392 0.551820775572
11 2.03823597637 0.472475152553 0.555304104175
11 2.04578430826 0.477173510609 0.558663333705
11 2.06095651149 0.486725943649 0.565459312532
11 2.07574524684 0.496176722767 0.572131750162
11 2.0832452807 0.501022367343 0.575546191755
11 2.09041782209 0.505690605322 0.578838320222
11 2.09757239658 0.510381490196 0.582130215015
11 2.11191426311 0.519886771439 0.588779053832
11 2.12610221799 0.529426286863 0.595405168672
11 2.13296037191 0.534086166302 0.598641884943
11 2.146746695 0.543553025912 0.605191165943
11 2.16009678618 0.552848854664 0.611598991605
11 2.16686690611 0.557611271248 0.614878318766
11 2.17976053564 0.566774511915 0.621190326635
11 2.18635797546 0.571511082852 0.624436630243
12 2.19267080398 0.576073561353 0.627567182633
12 2.20539992023 0.58536601911 0.633909774358
12 2.21769266254 0.594458263163 0.640106089355
12 2.2239632624 0.599142111948 0.643287391996
12 2.22996341987 0.603652994706 0.646354716561
12 2.24202476358 0.612808936491 0.652560326877
12 2.25377943235 0.621846554775 0.658653211989
12 2.25974125261 0.626473996421 0.661771182039
12 2.26544465518 0.63092890857 0.664777405746
12 2.27109856951 0.635372706164 0.667772758545
12 2.2825030308 0.644420176142 0.673845053245
12 2.29378409195 0.653481720705 0.679896971514
12 2.299238632 0.65790354579 0.682853146226
12 2.31020404182 0.666874438289 0.688834567347
12 2.32082491992 0.675669059765 0.694686958383
12 2.32621184867 0.680169924547 0.69768179646
12 2.33650698098 0.68884870574 0.703456717408
12 2.34175875458 0.69331539224 0.706420870148
12 2.35176822018 0.701903495024 0.71212755043
12 2.35688945406 0.706336125222 0.715062596364
13 2.36668025057 0.714884251789 0.720722439026
13 2.3716748599 0.719282799202 0.723627512865
13 2.37645534974 0.723517017826 0.726429119034
13 2.38606596932 0.732102405699 0.732097008699
13 2.39543159772 0.740563995835 0.737661819489
13 2.40018286925 0.744893063531 0.740509654431
13 2.40473003156 0.749059323754 0.74325655518
13 2.41389833923 0.7575303389 0.748821204718
13 2.4228069008 0.765852832254 0.754275306921
13 2.42732644319 0.770109947573 0.75706743026
13 2.43165220288 0.774206960179 0.759759666374
13 2.44034910915 0.782511639057 0.765204282437
13 2.44877682356 0.790646340936 0.770532820508
13 2.45307647433 0.794830207901 0.773268309616
13 2.45719285833 0.798857277222 0.77590674472
13 2.46129819736 0.802894845519 0.778544181611
13 2.46953064283 0.81105610648 0.783870911719
13 2.47765103788 0.81919231592 0.789171301388
13 2.48159036546 0.823170642815 0.791765515173
13 2.48951104656 0.831232628223 0.797013367134
14 2.49718641871 0.839126476411 0.802147280108
14 2.50108092974 0.843163120045 0.804774900501
14 2.50852807557 0.850941528027 0.80984008481
14 2.51232760974 0.854940683287 0.812440276124
14 2.51596580533 0.858789654471 0.814946873007
14 2.52330156013 0.866609604339 0.820028387327
14 2.53043056262 0.874286210054 0.825009046308
14 2.53404837415 0.878211445835 0.827556954136
14 2.53751258429 0.881988948983 0.830013484189
14 2.5409483356 0.885753914431 0.832461981326
14 2.55126677787 0.897173519275 0.839866269335
14 2.55473099926 0.901045849536 0.842372301736
14 2.56132099017 0.908466895047 0.844780765338
14 2.56468307277 0.912280760821 0.849661358024
14 2.57111444227 0.919629914625 0.854444693638
14 2.57439582506 0.923407038941 0.856892260831
14 2.58067290331 0.930684947543 0.86161183727
14 2.58387575182 0.934425392964 0.864034803884
14 2.58694360135 0.938025481111 0.866370593046
14 2.59311282935 0.945317004607 0.871097769608
15 2.5991249843 0.952490760225 0.875738971458
15 2.60217699064 0.956158497234 0.878113306946
15 2.6051003844 0.95968838037 0.880402490914
15 2.60801551776 0.963224740162 0.882692343246
15 2.61386335168 0.970368937397 0.88731728908
15 2.61964779051 0.977502636768 0.89192700388
15 2.6224483514 0.980980774139 0.894177981558
15 2.62524090999 0.984465001432 0.896429613223
15 2.63354040762 0.994916267866 0.903190802617
15 2.63632695235 0.998458067598 0.905479353505
15 2.63898273502 1.00184972456 0.907678810951
15 2.64433725932 1.00873409642 0.912135838313
15 2.64951590999 1.01545319939 0.916489064982
15 2.65215859358 1.01890545422 0.918724526482
15 2.65721584931 1.02555695727 0.923034614136
15 2.65979658357 1.02897431817 0.925247353502
15 2.66226954271 1.03226380273 0.927380504996
15 2.66725563437 1.03894097221 0.931704787818
15 2.67210276226 1.04549035907 0.935943253654
15 2.67456418297 1.04883858198 0.938111572425
16 2.67692283505 1.05206136657 0.94020212884
16 2.6792746113 1.05528889274 0.942293236318
16 2.68399344689 1.06180805577 0.946516829881
16 2.6886614337 1.06831455609 0.950726478614
16 2.69092254702 1.07148716274 0.952782139326
16 2.69544794161 1.07787865414 0.956928106352
16 2.69985833491 1.08416230357 0.960998883643
16 2.7020983789 1.08737475076 0.96308146096
16 2.70638581866 1.09356349985 0.967097744356
16 2.70857391103 1.09674252112 0.969159657184
16 2.71276237955 1.10286733999 0.973135681744
16 2.71489999056 1.10601345322 0.975176925179
16 2.71899197728 1.11207488325 0.979113090675
16 2.72108037507 1.11518836952 0.981133871288
16 2.72308231352 1.11818579813 0.983081987182
16 2.72711871712 1.12426809885 0.987031099711
16 2.73104335238 1.13023247194 0.990901840213
16 2.73303700444 1.1332816683 0.992882070523
16 2.73494813505 1.13621709799 0.994791283778
16 2.73685355358 1.13915600967 0.996700952928
17 2.74254822057 1.14801360038 1.00245495902
17 2.74446078068 1.15101377297 1.00440254825
17 2.74628560587 1.1538884122 1.00627341641
17 2.74810489877 1.15676621959 1.00814494359
17 2.75353409674 1.16542601302 1.01377757813
17 2.75536028344 1.16836341801 1.01568645769
17 2.75710299488 1.17117828895 1.01751996643
17 2.76061661274 1.1768889088 1.02123712419
17 2.76403330615 1.18248806987 1.02488048856
17 2.76743382317 1.18810675609 1.02854148685
17 2.76909330097 1.19086569165 1.03033896556
17 2.77078231753 1.19368533295 1.03217805269
17 2.77240924575 1.19641250207 1.03395732061
17 2.7756896905 1.20194521019 1.03756369608
17 2.77887989745 1.20736978794 1.04109851388
17 2.78050098044 1.21014318322 1.04290691312
17 2.78205549154 1.21281355839 1.04465045668
17 2.78360526219 1.21548649673 1.04639438066
17 2.7867162177 1.22088476362 1.04991682495
17 2.7897941133 1.22626934365 1.05342758589
18 2.79128627214 1.22889568515 1.05514201482
18 2.79428804254 1.23421110033 1.05861127009
18 2.79720082058 1.23941053437 1.06200620328
18 2.79868109113 1.24206885648 1.06374302927
18 2.80151608556 1.24719063418 1.06709245867
18 2.802963245 1.24982082345 1.06881202103
18 2.80573509122 1.25488877541 1.07212787024
18 2.80715003256 1.25749129726 1.07383019199
18 2.80986025048 1.26250598092 1.07711279514
18 2.81124374818 1.26508112243 1.07879804862
18 2.81257083204 1.26756109537 1.08042272716
18 2.81524662453 1.27259113738 1.08371609322
18 2.81784920917 1.27752227572 1.08694409419
18 2.81917206841 1.28004359197 1.08859554734
18 2.82044098668 1.28247166131 1.09018777317
18 2.82170597199 1.28490162071 1.09178031888
18 2.82424573649 1.28980912608 1.09499703059
18 2.82675869635 1.29470327566 1.09820305505
18 2.82797741313 1.29709080888 1.09976868826
18 2.83042935264 1.30192248866 1.10293681633
19 2.8327989769 1.30662838891 1.10602629292
19 2.83400869424 1.30904484826 1.10761268415
19 2.83632634078 1.31370142852 1.11067144695
19 2.83750953099 1.31609253474 1.11224178266
19 2.83864471771 1.31839555929 1.11375568193
19 2.84093361788 1.32306614263 1.11682446073
19 2.84316015461 1.32764462405 1.11983233033
19 2.84429209669 1.32998578345 1.12137117627
19 2.84537811094 1.33224064002 1.12285483396
19 2.84645608117 1.33448729924 1.1243335572
19 2.84862997154 1.33904414489 1.12733105043
19 2.85078108197 1.34358817973 1.13031845674
19 2.85182458178 1.34580521733 1.13177735012
19 2.853915379 1.35027284412 1.13471961032
19 2.85594513051 1.35464311137 1.13759847609
19 2.85698143196 1.35688716103 1.13907672586
19 2.85896719637 1.36121178311 1.14192699294
19 2.85998102741 1.36343233377 1.14339028734
19 2.86095391351 1.36557133555 1.14480100032
19 2.86291558948 1.36990884828 1.14766058505
20 2.86481616233 1.37414308618 1.15045371597
20 2.86578653003 1.37631723313 1.15188792796
20 2.86671777893 1.37841165603 1.15327048583
20 2.86764608516 1.38050725791 1.15465328936
20 2.87042232205 1.38682171533 1.15881987229
20 2.87135514323 1.38895954788 1.16023016619
20 2.87224661771 1.39101035485 1.16158496754
20 2.87404408949 1.39516867055 1.16433145642
20 2.87579285747 1.39924471184 1.16702341406
20 2.87668214986 1.40132917735 1.16840065385
20 2.87838635275 1.40534617951 1.17105657452
20 2.87925648831 1.40740870873 1.17242009325
20 2.88009162666 1.4093957079 1.17373462277
20 2.88177557776 1.41342465633 1.17639921848
20 2.88341398212 1.4173738824 1.1790109238
20 2.8842472073 1.41939355284 1.18034710988
20 2.88504691156 1.42133920868 1.18163537474
20 2.88584406964 1.4232857958 1.18292385575
20 2.88744513376 1.42721724045 1.18552643772
20 2.88902954166 1.43113690839 1.18812035
21 2.88979845567 1.43304974675 1.18938709381
21 2.8913457462 1.43692035892 1.1919503617
21 2.89284225943 1.44069161963 1.19445000932
21 2.8936063947 1.44262793999 1.19573350313
21 2.89507108431 1.44635999133 1.19820827726
21 2.89581897249 1.44827616565 1.19947879665
21 2.89653689115 1.45012235309 1.20070367403
21 2.89798450228 1.4538655281 1.2031865239
21 2.89939308284 1.4575345646 1.20562008966
21 2.90010953178 1.45941106334 1.20686514511
21 2.9007972617 1.46121897256 1.20806554736
21 2.90148005112 1.46302038608 1.20926193751
21 2.90353065962 1.46847007508 1.21287960894
21 2.90421978695 1.47031503847 1.21410409412
21 2.90487869397 1.47208557792 1.21528041425
21 2.90620727841 1.47567512818 1.21766503616
21 2.90750009067 1.47919352606 1.22000231018
21 2.90878900924 1.48272687721 1.22235101271
21 2.90941828358 1.48446135179 1.22350409796
21 2.91005952969 1.48623527818 1.22468395301
22 2.91067751216 1.48795107345 1.22582539078
22 2.91192366721 1.49142979143 1.22813891507
22 2.91313632883 1.49483959189 1.23040652731
22 2.91375320612 1.4965836108 1.23156668435
22 2.91434543534 1.49826403274 1.23268523232
22 2.91493575645 1.49994503402 1.23380394912
22 2.91612161383 1.50334022286 1.23606364232
22 2.91729523192 1.5067248772 1.23831579705
22 2.91786498293 1.50837695235 1.23941565525
22 2.9190116164 1.51171979932 1.24164120856
22 2.92012531317 1.51499006762 1.24381903958
22 2.92069187666 1.51666274846 1.24493325266
22 2.92177804673 1.51988677532 1.24708191537
22 2.92233271366 1.52154205737 1.24818501228
22 2.92339409709 1.52472656673 1.25030840334
22 2.92393715117 1.52636468682 1.25140051176
22 2.92497837689 1.52952243623 1.25350630508
22 2.92551009933 1.53114368541 1.25458739294
22 2.92652957503 1.53426881501 1.25667206052
23 2.92755010342 1.53741952567 1.2587741057
23 2.92804839425 1.5389661777 1.25980605666
23 2.9285562612 1.54054821204 1.26086197505
23 2.92904574298 1.542078434 1.2618835062
23 2.93003279518 1.54518068248 1.26395399248
23 2.93099342167 1.54822143731 1.26598338848
23 2.93148217405 1.54977683108 1.26702167598
23 2.93195148275 1.55127568998 1.26802272502
23 2.9324174859 1.55276922331 1.26902041922
23 2.93381707033 1.5572867387 1.2720372497
23 2.93428748515 1.55881603961 1.27305837061
23 2.93473748767 1.56028421174 1.2740393427
23 2.93518430895 1.56174711419 1.27501709582
23 2.9365262873 1.56617191438 1.27797362725
23 2.93697734654 1.56766982283 1.2789743388
23 2.93740885264 1.56910790871 1.27993570522
23 2.93827894863 1.572023085 1.28188452856
23 2.93912578137 1.57488042598 1.28379465394
23 2.93955667235 1.57634206077 1.28477192247
23 2.94038289451 1.57915956261 1.28665648816
23 2.94080484757 1.58060610213 1.28762400035
24 2.94121007454 1.58200022843 1.28855676575
24 2.94202721092 1.58482634676 1.29044746282
24 2.94282252515 1.58759641502 1.29230062599
24 2.94322721743 1.58901343399 1.29324875258
24 2.94361585845 1.59037906422 1.29416287409
24 2.94400323301 1.59174498408 1.29507711888
24 2.94516232738 1.59586081293 1.29783189983
24 2.94555192641 1.59725408063 1.29876433429
24 2.94629622923 1.59992987365 1.30055608439
24 2.94667634554 1.60130361546 1.30147597032
24 2.94740529705 1.60395192136 1.30324979127
24 2.94777758513 1.60531158704 1.30416044775
24 2.94849153257 1.60793277249 1.30591647059
24 2.94885615953 1.60927851331 1.30681798977
24 2.94920636288 1.61057556974 1.30768713421
24 2.94991255182 1.61320483371 1.30944886652
24 2.95059991712 1.61578194961 1.31117562475
24 2.95094970827 1.6171003193 1.312059082
24 2.95128565382 1.61837095137 1.31291085346
24 2.95161926475 1.61963710831 1.31375976505
25 2.95229208988 1.62220406926 1.31548055054
25 2.95295806432 1.62476280767 1.31719553975
25 2.95328152415 1.62601211256 1.31803308506
25 2.95393258882 1.62853991487 1.31972783217
25 2.95456515993 1.63101307428 1.32138622767
25 2.95519626362 1.63349769764 1.32305274277
25 2.95550443927 1.63471731644 1.32387088985
25 2.95581863011 1.63596509001 1.32470805052
25 2.95612148588 1.63717204356 1.32551794094
25 2.95673222185 1.63961867286 1.3271594581
25 2.95732670997 1.64201679291 1.32876839644
25 2.95762925876 1.64324363974 1.32959157639
25 2.95791985337 1.64442612358 1.33038523247
25 2.9585058477 1.64682306089 1.33199394561
25 2.95907625555 1.64917245895 1.33357072281
25 2.95964538925 1.65153287869 1.33437744878
25 2.95992330994 1.65269152757 1.33593313104
25 2.96020666833 1.65387696444 1.33673173714
25 2.96047980785 1.65502362932 1.33750178595
25 2.96103062185 1.65734800997 1.33906252388
26 2.9615667982 1.65962630651 1.34059227766
26 2.96183968328 1.66079188122 1.34137494597
26 2.96210179866 1.66191534554 1.3421295434
26 2.96236305435 1.66303895484 1.34288423449
26 2.96288805029 1.66530858273 1.34440864947
26 2.96340771272 1.66757082735 1.34592796783
26 2.9636601445 1.66867546218 1.34666995355
26 2.96416646521 1.67090258083 1.34816632078
26 2.96466021742 1.6730894101 1.34963549415
26 2.96491152259 1.67420822427 1.35038717788
26 2.96539352134 1.67636518787 1.35183671402
26 2.96563970659 1.67747258277 1.35258088656
26 2.96587619723 1.6785400524 1.35329833875
26 2.96635309512 1.68070379079 1.35475258375
26 2.96681733437 1.68282461917 1.35617795866
26 2.96705362098 1.68390966626 1.35690722544
26 2.9672805958 1.68495555565 1.35761033634
26 2.967506825 1.68600155582 1.35831353223
26 2.96818387036 1.68915348386 1.36043239312
26 2.96841147237 1.69022043304 1.36114958335
27 2.9686293264 1.69124521908 1.36183859108
27 2.96906863105 1.69332235284 1.36323526809
27 2.96949628064 1.69535828242 1.36460420999
27 2.96992304872 1.69740396926 1.36530460465
27 2.97013145951 1.69840812254 1.3666552339
27 2.97034397174 1.69943556966 1.3673485784
27 2.97054883194 1.70042943489 1.36801712721
27 2.97096196048 1.70244400567 1.36937214217
27 2.97136413945 1.7044186405 1.37070025633
27 2.97156884938 1.70542892015 1.37137976304
27 2.97176550223 1.70640277581 1.37203489864
27 2.97196150827 1.70737671512 1.37269011116
27 2.97235541443 1.70934406872 1.37401359062
27 2.97274533476 1.71130497026 1.37533264295
27 2.97293476831 1.71226254276 1.37597682841
27 2.97331609896 1.71420004854 1.37728030886
27 2.97368667309 1.71609580051 1.37855582487
27 2.97387529875 1.71706572293 1.3792084142
27 2.97423711547 1.71893573545 1.38046685438
27 2.97442192489 1.71989580551 1.38111292016
28 2.9745994746 1.7208213265 1.3817357906
28 2.97495752034 1.72269728081 1.38299831557
28 2.97530608502 1.72453603881 1.38423577616
28 2.97548351321 1.72547682238 1.38486890307
28 2.975653966 1.72638371654 1.38547932224
28 2.9758238576 1.72729067291 1.38608981139
28 2.97633233626 1.73002365446 1.38792933213
28 2.9765032806 1.7309487823 1.38855197194
28 2.97666692775 1.73183745684 1.38915014807
28 2.97699692915 1.73363865745 1.3903626935
28 2.97731819524 1.73540413443 1.39155116024
28 2.97748173163 1.73630743554 1.39215922098
28 2.97779543594 1.73804904016 1.39333179141
28 2.97795567349 1.73894318447 1.39393377278
28 2.97810962301 1.73980517682 1.39451414244
28 2.97842007913 1.74155234279 1.3956905185
28 2.97872232282 1.74326486932 1.39684354065
28 2.97887617869 1.74414108613 1.39743346724
28 2.97902399191 1.7449857631 1.39800223543
28 2.97917131816 1.74583048539 1.39857106763
29 2.97961227334 1.74837594839 1.40028506942
29 2.97976052062 1.74923759872 1.40086522393
29 2.9799024482 1.75006533707 1.40142258558
29 2.98018865342 1.75174301168 1.40255239379
29 2.98046729005 1.75338741586 1.40365976647
29 2.98074540568 1.75503988407 1.4042263377
29 2.98088123047 1.7558510186 1.40531889951
29 2.98101974528 1.75668103773 1.40587976743
29 2.98115328127 1.75748394876 1.4064205752
29 2.98142258087 1.75911139384 1.407516683
29 2.98168476504 1.76070658585 1.4085910303
29 2.98181823359 1.76152278341 1.40914070486
29 2.98194646483 1.76230962092 1.40967066455
29 2.98207427343 1.76309649048 1.41020068313
29 2.98245682205 1.76546763419 1.4117977329
29 2.98258543607 1.76627027559 1.4123383017
29 2.98270857394 1.76704136004 1.41285763424
29 2.9829568905 1.76860419314 1.41391035177
29 2.98319864628 1.77013603622 1.41494216458
29 2.98332171778 1.77091982802 1.41547007709
30 2.98355781678 1.77243106788 1.41648808998
30 2.98367841824 1.77320694162 1.41701072363
30 2.98379429515 1.7739549515 1.41751459511
30 2.98402797715 1.77547105808 1.41853591112
30 2.98425471034 1.7769520129 1.41953352389
30 2.98437052959 1.77771234647 1.4200457499
30 2.98448181508 1.77844539553 1.42053956032
30 2.98459273371 1.77917846615 1.42103342463
30 2.98481566739 1.78065932097 1.42203099625
30 2.98503635966 1.78213527099 1.42302522927
30 2.98514359789 1.78285610927 1.42351078593
30 2.98535948403 1.78431461602 1.42449328249
30 2.98556859295 1.78573686674 1.42545139173
30 2.98567540971 1.78646705666 1.42594332855
30 2.98588034548 1.78787506278 1.42689187294
30 2.98598503007 1.78859793609 1.42737883907
30 2.98608561657 1.78929486237 1.42784831979
30 2.98618587154 1.78999180427 1.42831785037
30 2.98648562921 1.79208964374 1.42973104888
30 2.98658652265 1.79280054365 1.43020994271
31 2.98677941836 1.79416656901 1.43113013571
31 2.98687795097 1.79486787229 1.43160255582
31 2.98706699179 1.79622015557 1.43251351851
31 2.98716355777 1.79691442057 1.432981191
31 2.98734882626 1.79825313504 1.43388299854
31 2.98744346545 1.79894043377 1.43434597099
31 2.98762503792 1.80026571785 1.43523871528
31 2.98771778929 1.80094612139 1.43569703497
31 2.98780691175 1.80160211187 1.43613889781
31 2.98798633399 1.80292940331 1.43703300755
31 2.98816132751 1.80423263044 1.43791084282
31 2.98825041896 1.80489947634 1.4383599766
31 2.98833602157 1.80554236988 1.43879299833
31 2.98842134209 1.80618527136 1.43922606578
31 2.98859283309 1.80748399319 1.44010082639
31 2.9887623222 1.80877624273 1.44097122238
31 2.98884482311 1.80940844067 1.44139699469
31 2.98901091487 1.81068760432 1.44225852163
31 2.98917235359 1.81193928759 1.44310155971
31 2.98925454337 1.81257974837 1.44353288055
32 2.98941222772 1.81381467575 1.44436461991
32 2.98949277757 1.81444868977 1.44479162069
32 2.98957017775 1.81505996442 1.44520328988
32 2.9897262695 1.81629890465 1.44603771172
32 2.98987824854 1.81751329151 1.44685556123
32 2.989955624 1.81813467859 1.44727399998
32 2.99002997116 1.81873375478 1.4476774279
32 2.99017990622 1.81994796898 1.44849514534
32 2.99032589156 1.82113812018 1.44929662235
32 2.99040021601 1.82174710795 1.4497066846
32 2.99047163201 1.82233423228 1.45010203653
32 2.99054281281 1.82292135828 1.45049742946
32 2.99068588687 1.82410741628 1.45129609148
32 2.99082752875 1.8252895287 1.45209207452
32 2.99089636185 1.82586689243 1.45248080845
32 2.99103447168 1.82703114928 1.45326475646
32 2.99116917294 1.82817426316 1.45403444838
32 2.99130365229 1.829323126 1.45480793128
32 2.99136933355 1.82988705915 1.45518764832
32 2.9914363259 1.83046418079 1.45557619594
33 2.99150091454 1.83102245824 1.4559520799
33 2.99163117432 1.83215400782 1.45671392921
33 2.99175757798 1.8332593901 1.4574580952
33 2.99182215083 1.83382690147 1.4578401851
33 2.99194604925 1.83492126085 1.45857692712
33 2.99200934163 1.83548310707 1.45895515789
33 2.99213078086 1.83656651843 1.45968449728
33 2.9921928171 1.8371227439 1.46005892773
33 2.99231184649 1.83819531798 1.46078093908
33 2.99243108187 1.83927690432 1.46115160745
33 2.99248931971 1.83980782598 1.46186636449
33 2.99254871982 1.84035115852 1.46223328435
33 2.99266307238 1.84140237379 1.46294088371
33 2.99272149007 1.84194208212 1.46330414129
33 2.99283357751 1.84298280978 1.46400460798
33 2.99294585991 1.84403228442 1.46436421576
33 2.99300070201 1.8445474433 1.46505764494
33 2.99305663904 1.84507464676 1.46541361633
33 2.9931643253 1.84609465647 1.46610010165
33 2.99321933775 1.84661834343 1.4664525201
34 2.99332489233 1.84762818005 1.46713208601
34 2.99337881467 1.84814663213 1.46748096372
34 2.99348227786 1.849146375 1.46815370242
34 2.99353513191 1.84965964492 1.46849907519
34 2.9936365456 1.85064939592 1.46916505537
34 2.99368835275 1.851157536 1.46950695845
34 2.99378758823 1.85213571865 1.47016510134
34 2.99383836891 1.85263876921 1.47050358742
34 2.99393580805 1.85360884896 1.47115626151
34 2.99398558498 1.85410688983 1.47149133344
34 2.99408109517 1.85506727706 1.47213745077
34 2.99412988677 1.85556034173 1.47246915665
34 2.9942235066 1.85651113407 1.4731087833
34 2.99427133258 1.85699927271 1.47343715699
34 2.99436309983 1.85794056688 1.47407035826
34 2.99445502933 1.85888977844 1.47470883774
34 2.99449993121 1.85935572086 1.47502227381
34 2.9945457316 1.85983257324 1.47534300026
34 2.99463390409 1.86075514681 1.47596356082
34 2.99467894851 1.86122880856 1.47628214146
35 2.99476537922 1.86214218908 1.47689645885
35 2.99480953292 1.86261112042 1.47721183924
35 2.99489425472 1.86351537966 1.47781998582
35 2.99493753547 1.86397962812 1.47813219825
35 2.99502058248 1.86487485791 1.47873423609
35 2.99506300772 1.86533447064 1.4790433124
35 2.99514441337 1.86622076187 1.47963930293
35 2.99522596427 1.86711451083 1.47994527467
35 2.99526579724 1.86755322815 1.48053527872
35 2.99530642695 1.86800221106 1.48083815753
35 2.99538464666 1.86887088423 1.48142225441
35 2.99542460692 1.86931687293 1.48172211049
35 2.99550128334 1.87017689456 1.48230032156
35 2.99554045436 1.87061843136 1.48259716565
35 2.99561561653 1.87146986862 1.48316956902
35 2.99565401404 1.8719069982 1.48346343155
35 2.99572769215 1.87274993741 1.48403008561
35 2.99576533159 1.87318270408 1.48432099655
35 2.99583755523 1.87401723066 1.48488195911
35 2.99587445169 1.87444567827 1.48516994814
36 2.99594524985 1.87527187678 1.48572527642
36 2.99598141814 1.87569604875 1.48601037291
36 2.99605081923 1.87651400286 1.48656012356
36 2.99608615627 1.87693254776 1.48684233849
36 2.99615418737 1.87774233112 1.48738658529
36 2.99618894296 1.87815808499 1.48766598377
36 2.99625563362 1.87895980731 1.48820474681
36 2.99628970369 1.87937141316 1.488481339
36 2.99635507908 1.88016513694 1.48901469094
36 2.99642057299 1.88096554371 1.48928850517
36 2.9964525636 1.88135844188 1.48981650039
36 2.9964851948 1.8817605374 1.49008754726
36 2.99654801701 1.88253849537 1.49061025657
36 2.99661095484 1.8833230222 1.49099764205
36 2.99664169703 1.88370812538 1.49139604127
36 2.99670329005 1.88448351103 1.49191739312
36 2.99673342657 1.88486477306 1.49217352884
36 2.99679380749 1.88563243911 1.49268917726
36 2.99682335092 1.88600990285 1.49294274191
36 2.99685348713 1.88639621714 1.49320220816
37 2.99691150575 1.8871436252 1.49370423843
37 2.9969696317 1.88789734509 1.49421044701
37 2.99699802371 1.88826732599 1.4944589498
37 2.99702698518 1.88864597828 1.49471323348
37 2.99708274233 1.88937856249 1.49520523626
37 2.99711122788 1.88975468116 1.49545781884
37 2.99716588848 1.89047997697 1.49594487323
37 2.99719381325 1.89085234534 1.4961949191
37 2.99724739787 1.89157040938 1.4966770821
37 2.99730108099 1.89229452219 1.49716326541
37 2.99732730302 1.89264996973 1.4974019376
37 2.99735405118 1.89301374911 1.49764616211
37 2.99740554757 1.89371755844 1.49811870176
37 2.99743185654 1.89407890372 1.49836129248
37 2.99748234092 1.89477571241 1.49882907967
37 2.99750813234 1.89513345545 1.49906923409
37 2.9975576237 1.89582331786 1.49953232352
37 2.99760720651 1.89651899241 1.4997700662
37 2.99763142588 1.89686048038 1.50022850508
37 2.99765613084 1.89720996562 1.50046384539
38 2.99770369437 1.89788613585 1.50091769503
38 2.99775134709 1.89856801886 1.50137531447
38 2.99777462376 1.89890273698 1.5015999643
38 2.9978212613 1.89957668675 1.50205222395
38 2.99784408072 1.89990806876 1.50227461779
38 2.99786735853 1.90024722387 1.50250218807
38 2.99791217422 1.90090339235 1.50294250399
38 2.99795707427 1.901565105 1.50316855188
38 2.99797900647 1.90188992203 1.5036044397
38 2.99802294977 1.90254392937 1.50382820346
38 2.99804445113 1.90286550944 1.50425972789
38 2.99808753181 1.90351300708 1.50448124473
38 2.99810861111 1.90383138624 1.5049084358
38 2.99813011355 1.90415722647 1.50512772818
38 2.99817151187 1.90478764953 1.50555062944
38 2.99821298853 1.90542340018 1.50576773334
38 2.99823324866 1.90573547316 1.5061863745
38 2.99827384216 1.90636382235 1.50660850642
38 2.99829370459 1.9066727859 1.50681573522
38 2.99831396624 1.906988998 1.50702778521
39 2.99835297552 1.90760077826 1.5074380715
39 2.99837290541 1.90791487458 1.50764870293
39 2.99841115007 1.90852057337 1.50805486337
39 2.99843068892 1.90883154043 1.50826337954
39 2.99846818322 1.90943120491 1.50866545822
39 2.99848733874 1.90973907395 1.50887187648
39 2.99852403528 1.91033175777 1.50926921206
39 2.99854281492 1.91063655291 1.50947356177
39 2.99857885363 1.91122433583 1.50986758651
39 2.99861496036 1.91181707361 1.51006987009
39 2.99863259768 1.91210803272 1.51045992638
39 2.99866793658 1.91269387205 1.51085322656
39 2.99868522815 1.91298193288 1.51104629977
39 2.99871987533 1.91356195082 1.5114349821
39 2.99873682839 1.91384714561 1.51162611093
39 2.99875412236 1.91413903242 1.51182168536
39 2.99878741859 1.9147037502 1.51220008969
39 2.99882077872 1.91527324167 1.51239435145
39 2.99883707452 1.91555278981 1.51276893972
39 2.99885369756 1.9158388875 1.5129612325
40 2.99888570239 1.91639241846 1.51333206051
40 2.99891776885 1.91695062896 1.51370596196
40 2.99893343277 1.91722463959 1.51388951182
40 2.9989494116 1.91750507716 1.51407732895
40 2.998980176 1.91804764385 1.51444072435
40 2.99901099979 1.91859479744 1.51462728107
40 2.99902605674 1.91886338052 1.51498701219
40 2.99905622605 1.9194041683 1.51534973564
40 2.99907098833 1.9196700767 1.51552779866
40 2.99908604763 1.91994222543 1.51571000154
40 2.99911504182 1.92046875563 1.51606253427
40 2.9991298554 1.92073908344 1.51624351447
40 2.99915828297 1.92126038227 1.51659249277
40 2.99917280677 1.92152801825 1.51677165078
40 2.99920067831 1.92204412619 1.51711711556
40 2.99922860343 1.92256458616 1.51729446984
40 2.99924224457 1.92282006604 1.51763645657
40 2.99925615984 1.92308153244 1.51781201383
40 2.99928295179 1.92358740783 1.51815056837
41 2.99930979598 1.92409756077 1.5184919295
41 2.99932290914 1.92434798124 1.51865950529
41 2.99933628613 1.92460427623 1.51883097727
41 2.99936204159 1.92510013391 1.51916274769
41 2.99937520062 1.92535471404 1.51933306924
41 2.99940045339 1.9258456459 1.51966149512
41 2.99942575505 1.92634071793 1.51983010207
41 2.99943811478 1.92658373555 1.52015522187
41 2.99946288028 1.92707304961 1.52032212071
41 2.99947499862 1.92731364781 1.520643978
41 2.99948736075 1.92755988707 1.52080919692
41 2.99951116263 1.92803630171 1.52112781442
41 2.99952332363 1.9282808996 1.52129138092
41 2.99954666135 1.92875258218 1.52160678136
41 2.99955858496 1.92899474509 1.5217687014
41 2.99958146717 1.92946173206 1.5220809272
41 2.99960439399 1.92993265764 1.52224121747
41 2.99961559375 1.93016382242 1.52255030068
41 2.99962701875 1.93040040468 1.52270896734
41 2.99964901647 1.9308581353 1.52301494933
41 2.99966025578 1.93131973711 1.52317202929
42 2.99968182488 1.93154632513 1.52347492212
42 2.99969280866 1.93177822349 1.52363041098
42 2.99971395689 1.93222689192 1.52393026364
42 2.99973514706 1.93267935502 1.52408419603
42 2.99974549855 1.93290145711 1.52438101656
42 2.99976624048 1.93334865922 1.52453338703
42 2.9997763902 1.93356855057 1.52482722483
42 2.99978674424 1.93379359805 1.52497805947
42 2.99980668013 1.93422901171 1.52526893541
42 2.99982665574 1.93466810813 1.5254182596
42 2.99983641398 1.93488364886 1.52570619455
42 2.99984636858 1.93510424132 1.52585400377
42 2.99986553547 1.93553103553 1.52613904556
42 2.99988474066 1.9359614397 1.52628537477
42 2.99989412259 1.93617271365 1.52656753475
42 2.99991292196 1.93659811393 1.5267123795
42 2.99992212121 1.93680728513 1.5269917043
42 2.99994055477 1.93722845646 1.52713508792
42 2.99994957505 1.93743554826 1.52741159276
42 2.999958777 1.93764749637 1.52755352886
43 2.99997649487 1.93805756589 1.52782724232
43 2.99999424834 1.93847110413 1.52796775515
43 3.00000292119 1.93867409905 1.52823869697
43 3.00001176863 1.93888185193 1.52837778185
43 3.00002880399 1.93928380465 1.52864599715
43 3.00003750813 1.93949017278 1.5287836875
43 3.00005421255 1.93988813446 1.52904918707
43 3.00007095033 1.94028945344 1.52918548754
43 3.00007912705 1.94048645023 1.52944830728
43 3.00008746843 1.94068806452 1.52958322289
43 3.00010352949 1.94107814054 1.52984339816
43 3.00011173588 1.941278411 1.52997696119
43 3.00012748515 1.94166461409 1.53023450248
43 3.00013553207 1.94186289165 1.53036671745
43 3.00015097535 1.94224525159 1.53062165956
43 3.00016644967 1.94263083737 1.53087871894
43 3.00017400925 1.94282011115 1.53100490948
43 3.0001891576 1.94320122011 1.53125894391
43 3.00019657046 1.94338861046 1.53138386101
43 3.00020413283 1.94358040037 1.53151168124
44 3.00021869409 1.94395145919 1.53175898873
44 3.00022613423 1.9441419659 1.53188594736
44 3.00024038896 1.94450871997 1.53213032385
44 3.00024768466 1.94469732685 1.53225600559
44 3.00026168679 1.9450610503 1.53249833818
44 3.0002757173 1.9454278426 1.53274268072
44 3.00028257163 1.94560789116 1.53286262789
44 3.00029630692 1.94597042524 1.5329853609
44 3.00030302839 1.94614868231 1.53322282585
44 3.00031649743 1.94650760854 1.53334472339
44 3.00032308865 1.94668409396 1.53357979076
44 3.00032981277 1.94686471853 1.53370045444
44 3.00034276023 1.94721418449 1.53393314202
44 3.0003493759 1.9473936052 1.53405259261
44 3.0003620727 1.94773960202 1.53428291739
44 3.00036856018 1.94791723761 1.53440115873
44 3.00038101098 1.94825979194 1.534629152
44 3.00038737279 1.94843566014 1.53474619645
44 3.00039958243 1.94877480627 1.53497188195
45 3.00041181707 1.94911681407 1.53508774169
45 3.00041779421 1.9492846966 1.53531114058
45 3.00042977169 1.94962272995 1.53553638618
45 3.00043563312 1.9497889422 1.53564695808
45 3.00044737906 1.95012362072 1.53576009586
45 3.00045312719 1.95028818122 1.53597899334
45 3.00045899127 1.95045660134 1.53609135774
45 3.00047028291 1.95078245461 1.53630803723
45 3.00047605262 1.95094975224 1.53641926862
45 3.00048712607 1.95127237107 1.53663374067
45 3.0004982224 1.95159771226 1.53674384233
45 3.00050364352 1.95175741359 1.53695613498
45 3.00050917394 1.95192085883 1.53706510874
45 3.00051982322 1.95223708686 1.53727524807
45 3.00052526475 1.95239944277 1.53738312111
45 3.00053570841 1.95271253203 1.53759111288
45 3.00054104479 1.95287327282 1.5376978863
45 3.00055128665 1.95318324744 1.53790375576
45 3.00055651993 1.95334238916 1.53800943885
45 3.00056656395 1.95364928016 1.53821320328
46 3.00057662884 1.95395876096 1.53831780444
46 3.0005815462 1.95411067686 1.5385194795
46 3.00059140005 1.95441656181 1.53867129641
46 3.00059622248 1.95456696652 1.53882260481
46 3.00060588627 1.95486981411 1.53892489074
46 3.00061061573 1.95501872438 1.53912243662
46 3.00061544056 1.95517112747 1.5392238295
46 3.00062473142 1.95546599166 1.53941933072
46 3.00062947892 1.95561737911 1.53951968138
46 3.00063859073 1.95590931693 1.53971314406
46 3.00064772159 1.95620371855 1.53981245025
46 3.00065218281 1.95634823251 1.54000389536
46 3.00066112251 1.9566392138 1.54010215413
46 3.00066549777 1.95678229032 1.54029160193
46 3.00066996121 1.95692872292 1.5403888311
46 3.00067855637 1.95721203566 1.54057629046
46 3.00068716971 1.957497746 1.54076524457
46 3.00069137819 1.95763799365 1.54085798748
46 3.0006998115 1.95792038861 1.54104462013
46 3.00070393905 1.95805924133 1.54113638323
47 3.00071221025 1.9583388307 1.54132104174
47 3.0007162585 1.95847630394 1.54141183366
47 3.0007203882 1.95861700552 1.54150470532
47 3.00072834131 1.95888922311 1.541684361
47 3.00073240529 1.95902898346 1.54177656969
47 3.00074020547 1.95929849969 1.54195430625
47 3.00074802222 1.95957029035 1.54204553055
47 3.00075184169 1.95970370505 1.54222136573
47 3.00075949529 1.95997233682 1.54239857924
47 3.00076324142 1.96010442388 1.54248555661
47 3.00077074822 1.96037038904 1.54257451785
47 3.00077442255 1.96050116318 1.54274660126
47 3.00077817083 1.96063500441 1.54283490679
47 3.00078538928 1.96089395542 1.54300513518
47 3.00078907799 1.96102690432 1.54309249837
47 3.00079615808 1.96128328437 1.54326087742
47 3.00079977609 1.96141491033 1.54334729339
47 3.0008067205 1.96166873919 1.54351384297
47 3.0008102692 1.96179905536 1.5435993191
47 3.00081708061 1.96205035843 1.5437640533
47 3.00082056137 1.96217937787 1.54384859664
48 3.00082724241 1.96242818031 1.54401152946
48 3.00083065657 1.96255591592 1.54409514687
48 3.00083720982 1.96280224264 1.54425629201
48 3.00084377727 1.96305064763 1.54433899061
48 3.00084698667 1.96317258287 1.54449836124
48 3.00085026058 1.96329737662 1.54458013493
48 3.00085656582 1.96353882288 1.54473775
48 3.00086288483 1.96378231178 1.54481863218
48 3.00086597292 1.96390183386 1.54497449412
48 3.00086912305 1.9640241579 1.54505446466
48 3.00087519004 1.96426082586 1.54520859781
48 3.00088127033 1.96449949606 1.54532482076
48 3.00088424185 1.96461665277 1.54544009701
48 3.00088727293 1.96473655753 1.54551815778
48 3.00089311114 1.96496854182 1.54566886125
48 3.0008989621 1.96520248871 1.54582069126
48 3.00090182164 1.96531732688 1.54589519481
48 3.00090473833 1.96543486029 1.54597137082
48 3.00091035679 1.96566225364 1.54611869679
49 3.00091598743 1.96589157071 1.54619429237
49 3.00091873939 1.96600413623 1.54633994381
49 3.00092154658 1.96611934067 1.54641466624
49 3.00092695343 1.9663422339 1.54655866518
49 3.00093237233 1.96656701286 1.54670372195
49 3.00093502091 1.96667735074 1.54677489786
49 3.00093772232 1.96679027827 1.54684766277
49 3.00094292647 1.96700876055 1.54698838343
49 3.000948142 1.96722909118 1.54706058467
49 3.00095069128 1.96733724549 1.54719968003
49 3.00095329167 1.96744793535 1.54727103291
49 3.00095830044 1.96766209388 1.54740852487
49 3.00096332051 1.96787806427 1.5475470089
49 3.00096577436 1.96798407825 1.54761495579
49 3.00097069122 1.96819754171 1.54768441058
49 3.00097309878 1.96830250086 1.54781872188
49 3.00097555461 1.96840992186 1.54788761399
49 3.00098028511 1.96861775594 1.54802035324
49 3.00098502638 1.96882734836 1.54815403726
49 3.0009873441 1.96893023156 1.54821962614
49 3.00098970788 1.96903552947 1.54828666341
50 3.00099426229 1.9692392506 1.54841629485
50 3.00099882678 1.9694446952 1.54848279715
50 3.0010010582 1.96954554235 1.54861088634
50 3.00100552925 1.96974859952 1.54867658294
50 3.00100771877 1.96984844323 1.54880315201
50 3.00100995212 1.96995062885 1.54886806506
50 3.00101425438 1.97014833366 1.54899312087
50 3.00101645335 1.97024983792 1.54905727251
50 3.00102067486 1.97044558 1.54918082178
50 3.00102283262 1.9705460743 1.54924420165
50 3.00102697508 1.97073986869 1.54936626139
50 3.00102909246 1.97083936305 1.54942887568
50 3.00103315743 1.97103122914 1.54954945717
50 3.00103523523 1.97112973349 1.54961131207
50 3.00103922425 1.97131969044 1.54973042696
50 3.00104322276 1.97151125007 1.54982032549
50 3.00104517784 1.97160528142 1.54990918877
50 3.00104717176 1.97170151847 1.54996941641
50 3.00105101375 1.97188771178 1.55008564003
51 3.00105485809 1.97207516337 1.55014523704
51 3.00105674111 1.97216733375 1.55026002957
51 3.00105866173 1.97226166606 1.55031889123
51 3.00106236203 1.97244417645 1.55043226471
51 3.00106607117 1.97262823082 1.55054639202
51 3.00106788497 1.97271857805 1.5506023752
51 3.00106973449 1.97281104573 1.55065956733
51 3.00107329927 1.97298994395 1.55077014026
51 3.00107512128 1.97308179261 1.55082685042
51 3.00107861951 1.97325891457 1.55093603313
51 3.00108212634 1.97343753083 1.55099203222
51 3.00108384135 1.97352520861 1.55109984231
51 3.00108727747 1.97370174897 1.55120834611
51 3.00108896085 1.97378855423 1.55126157366
51 3.0010906773 1.97387739778 1.5513159429
51 3.00109398599 1.97404928434 1.55142105126
51 3.00109567717 1.9741375331 1.55147495475
51 3.00109892436 1.97430771289 1.5515787196
51 3.00110058443 1.97439508341 1.5516319362
51 3.00110377191 1.97456356951 1.55173437541
51 3.00110540148 1.97465007048 1.55178691123
52 3.00110853043 1.97481687971 1.55188803673
52 3.00111013011 1.97490251976 1.55193989791
52 3.00111319566 1.97506738991 1.55203950329
52 3.00111627582 1.97523393099 1.5521148767
52 3.00111778218 1.97531568275 1.55218924047
52 3.00111931824 1.97539935208 1.5522396578
52 3.00112080014 1.97548029184 1.5522882901
52 3.00112379257 1.97564434001 1.55238679837
52 3.00112669812 1.97580460493 1.55248277797
52 3.00112818477 1.97588688593 1.55253201224
52 3.00112961271 1.97596622512 1.55257937867
52 3.0011310382 1.97604556084 1.55262675204
52 3.00113390453 1.97620583248 1.55272228283
52 3.00113674157 1.97636530656 1.55281718596
52 3.00113812268 1.97644333085 1.55286350824
52 3.00114090716 1.97660120168 1.55295714044
52 3.00114360688 1.97675517398 1.5530481705
52 3.00114498839 1.97683422382 1.55309486337
52 3.00114764006 1.97698666749 1.55318470144
52 3.00114899591 1.97706493217 1.55323076655
53 3.00115029879 1.97714039684 1.55327508465
53 3.00115292646 1.97729308707 1.55336467064
53 3.00115548248 1.97744250646 1.55345211963
53 3.00115679059 1.97751921967 1.55349697508
53 3.00115804691 1.97759319004 1.55354011783
53 3.00115929626 1.97766690732 1.55358307167
53 3.00116181954 1.97781633161 1.55367008063
53 3.00116432108 1.97796525727 1.55375667829
53 3.00116553677 1.97803800226 1.55379884808
53 3.00116797976 1.9781847019 1.5538837132
53 3.00117036658 1.97832873357 1.55396692805
53 3.00117158188 1.97840243859 1.55400939831
53 3.0011739172 1.9785445654 1.55409112478
53 3.00117511145 1.97861753333 1.55413302624
53 3.00117625901 1.97868789067 1.55417332982
53 3.00117857806 1.97883048626 1.55425497381
53 3.00118083003 1.9789697921 1.55433447716
53 3.00118198281 1.97904131246 1.55437525404
53 3.00118308985 1.97911027559 1.55441446451
53 3.00118419554 1.97917923567 1.55445368396
54 3.00118641899 1.97931854647 1.55453274417
54 3.00118862435 1.9794573899 1.55461143089
54 3.00118969607 1.9795252096 1.55464973732
54 3.00119185766 1.97966243196 1.55472715403
54 3.00119396259 1.97979671146 1.55480272539
54 3.00119503436 1.97986542441 1.55484128601
54 3.00119709426 1.97999792468 1.55491548198
54 3.00119814782 1.98006595027 1.55495352143
54 3.00119916021 1.98013154198 1.55499010736
54 3.00120120652 1.98026447884 1.55506422101
54 3.00120320219 1.98039478162 1.55513672228
54 3.0012042184 1.98046146029 1.55517371935
54 3.00120519548 1.98052575042 1.55520930873
54 3.00120717058 1.9806560493 1.55528140521
54 3.00120909692 1.98078376632 1.55535193647
54 3.00121007786 1.98084912178 1.55538793025
54 3.00121102107 1.98091213608 1.55542255752
54 3.00121292773 1.98103984918 1.5554571933
54 3.00121478739 1.98116503161 1.55556133287
54 3.00121573491 1.98122908859 1.55559650546
55 3.00121755474 1.98135261329 1.55566389845
55 3.00121848586 1.98141603079 1.55569845334
55 3.00121938066 1.98147717919 1.55573169077
55 3.00122118953 1.98160111062 1.55579902355
55 3.00122295395 1.98172258627 1.55586489794
55 3.00122385251 1.98178474781 1.55589851744
55 3.00122471654 1.98184468257 1.55593086125
55 3.00122557973 1.98190461468 1.55596321318
55 3.00122731594 1.98202568714 1.5560284358
55 3.00122903868 1.9821463532 1.55609335653
55 3.00123071259 1.98226423158 1.55614054448
55 3.00123156536 1.98232455023 1.55618885711
55 3.00123238558 1.9823827074 1.5562199694
55 3.00123320486 1.98244086201 1.55625108803
55 3.00123485257 1.98255834432 1.55631369472
55 3.00123648783 1.98267543189 1.55637601417
55 3.00123728266 1.98273262391 1.55640635814
55 3.00123888632 1.98284834228 1.55646768891
55 3.00124044855 1.9829615778 1.55652756854
55 3.00124124419 1.98301952159 1.55655812831
56 3.00124277044 1.98313106535 1.55661679867
56 3.00124355351 1.98318842737 1.55664695767
56 3.00124430558 1.98324373834 1.55667596137
56 3.00124582626 1.98335583865 1.55673471856
56 3.0012473099 1.98346571694 1.55679220452
56 3.00124806554 1.98352194339 1.5568215428
56 3.00124879217 1.98357615521 1.55684976742
56 3.00124951825 1.98363036466 1.55687799976
56 3.00125169514 1.98379372248 1.5569628885
56 3.00125242849 1.98384901872 1.55699157246
56 3.00125313016 1.98390215437 1.55701903314
56 3.0012538318 1.98395528647 1.55704650756
56 3.00125593551 1.98411539584 1.55712911687
56 3.00125664422 1.98416959247 1.55715703028
56 3.00125732231 1.98422167145 1.55718375246
56 3.00125936209 1.98437876778 1.55726426907
56 3.00126003116 1.98443049424 1.55729075792
56 3.0012607103 1.98448325924 1.55731767263
56 3.00126136662 1.9845343 1.55734368913
56 3.0012626931 1.98463774837 1.5573963851
57 3.00126398748 1.98473914603 1.55744794124
57 3.00126464677 1.98479103228 1.55747425334
57 3.00126591438 1.98489108339 1.55752488666
57 3.00126656304 1.98494244906 1.5575508483
57 3.00126718642 1.9849919759 1.55757581974
57 3.00126844723 1.98509235312 1.55762640928
57 3.00126967227 1.98519041185 1.55767567575
57 3.00127029983 1.9852407552 1.55770094623
57 3.00127090255 1.9852892974 1.55772524776
57 3.00127150492 1.9853378375 1.55774955618
57 3.00127271681 1.98543589487 1.55779856313
57 3.00127391993 1.98553362218 1.55784734529
57 3.00127450477 1.98558135688 1.55787109659
57 3.00127568516 1.9856779394 1.55791910345
57 3.00127683046 1.98577213287 1.55796575855
57 3.00127741722 1.98582049151 1.55798968962
57 3.00127854148 1.98591358834 1.55803561421
57 3.00127911853 1.98596146381 1.55805922206
57 3.00127967272 1.98600762688 1.55808192449
57 3.00128079168 1.98610102909 1.55812781642
58 3.00128188583 1.98619273354 1.55817281481
58 3.00128244316 1.98623966012 1.55819577995
58 3.00128297914 1.98628490478 1.55821787278
58 3.0012835149 1.98633014749 1.55823997247
58 3.00128459286 1.98642154358 1.5582845265
58 3.00128566319 1.986512632 1.55832887674
58 3.0012861835 1.98655712388 1.55835047011
58 3.00128669899 1.98660131603 1.55837186938
58 3.00128825138 1.98673478951 1.55843643953
58 3.00128877555 1.98678001822 1.55845829402
58 3.00128927667 1.98682348034 1.55847921075
58 3.00129029123 1.98691156345 1.55852159644
58 3.00129128156 1.98699789929 1.55856306492
58 3.00129227115 1.98708467348 1.55858422747
58 3.00129275615 1.98712726701 1.55862495043
58 3.00129325084 1.9871708581 1.5586458226
58 3.0012942052 1.98725519466 1.55868599751
58 3.00129469365 1.98729849348 1.55870659561
58 3.00129563235 1.98738198905 1.55874622533
58 3.00129611282 1.98742485514 1.55876654489
59 3.00129657457 1.98746618657 1.55878608846
59 3.00129750884 1.98754995388 1.55882568305
59 3.00129842088 1.98763205996 1.55886442091
59 3.00129888547 1.98767407436 1.55888418997
59 3.00129933226 1.98771458283 1.55890320752
59 3.00129977897 1.98775508956 1.55892223146
59 3.00130111892 1.98787715345 1.55897943235
59 3.00130157057 1.98791847141 1.55899876064
59 3.0013020026 1.98795817417 1.55901726236
59 3.00130287751 1.9880386383 1.55905475532
59 3.00130373165 1.9881175062 1.55909143734
59 3.00130458518 1.98819677376 1.5591101573
59 3.00130500357 1.98823568241 1.5591461798
59 3.00130543031 1.98827550188 1.55916464293
59 3.00130584203 1.98831402182 1.55918240954
59 3.0013066751 1.98839209299 1.55921840093
59 3.00130748472 1.98846836 1.55925345088
59 3.00130789967 1.98850751524 1.55927142986
59 3.00130829814 1.98854526907 1.55928871869
59 3.00130869657 1.9885830213 1.55930601321
60 3.00130949831 1.98865928493 1.55934087915
60 3.00131029469 1.98873529134 1.55937558623
60 3.00131068182 1.98877241587 1.55939248387
60 3.00131146348 1.98884753012 1.55942663869
60 3.00131222552 1.98892103091 1.55945998557
60 3.00131261371 1.98895864104 1.55947700328
60 3.00131336034 1.98903116279 1.55950975035
60 3.00131374257 1.98906839475 1.55952654124
60 3.00131410989 1.98910429334 1.55954269079
60 3.00131485187 1.98917692683 1.55957533746
60 3.0013155744 1.98924800166 1.55960720077
60 3.00131594475 1.98928449143 1.55962354527
60 3.00131630038 1.98931967517 1.55963926208
60 3.00131665601 1.98935485741 1.5596549843
60 3.00131737166 1.98942592933 1.55968668043
60 3.00131808262 1.98949676153 1.55971823218
60 3.0013184282 1.98953135871 1.55973359297
60 3.00131912339 1.9896011258 1.55976450479
60 3.00131980382 1.98966962277 1.55979481885
60 3.00132015043 1.9897046732 1.55981028914
61 3.00132081712 1.98977225918 1.55984005896
61 3.00132115845 1.98980695715 1.55985532352
61 3.00132148645 1.98984041246 1.55987000481
61 3.00132215037 1.98990821688 1.55989974953
61 3.00132279867 1.98997467599 1.55992885079
61 3.00132312891 1.99000868324 1.55994370156
61 3.00132344648 1.99004147078 1.55995798754
61 3.00132376412 1.99007425695 1.55997227888
61 3.00132440332 1.99014048793 1.56000109026
61 3.00132503839 1.99020649513 1.56002977091
61 3.00132534708 1.99023873511 1.56004373434
61 3.00132597048 1.99030396603 1.56007195869
61 3.0013265783 1.990367795 1.5600995154
61 3.00132688791 1.99040045564 1.56011357783
61 3.00132748344 1.99046343276 1.56014063814
61 3.00132778837 1.99049576439 1.56015451334
61 3.00132808136 1.99052693773 1.56016785824
61 3.00132867448 1.99059011709 1.56019489586
61 3.00132925369 1.99065204237 1.56022134907
61 3.00132954873 1.99068372927 1.56023484865
62 3.00132983243 1.99071427966 1.56024783481
62 3.00133011622 1.99074482877 1.56026082599
62 3.00133096769 1.99083688422 1.56028701604
62 3.0013312548 1.99086804399 1.56031308723
62 3.00133152949 1.99089798401 1.56032577476
62 3.0013320855 1.99095866256 1.56035142799
62 3.00133262866 1.9910181368 1.56037647658
62 3.00133317136 1.99107791065 1.56038925929
62 3.00133343749 1.99110725058 1.56041385743
62 3.00133370889 1.99113727693 1.56042646555
62 3.00133397074 1.9911663231 1.56043859785
62 3.00133450081 1.99122519288 1.56046317648
62 3.00133501847 1.99128289442 1.56048722414
62 3.00133528213 1.99131242002 1.56049949585
62 3.00133553566 1.9913408866 1.56051130059
62 3.00133578929 1.991369352 1.56052311006
62 3.00133629969 1.99142685455 1.56054691776
62 3.0013368069 1.99148416274 1.56057061773
62 3.0013370534 1.9915121538 1.56058215583
62 3.0013373 1.99154014366 1.56059369854
63 3.00133803673 1.9916242046 1.56062824894
63 3.00133828523 1.99165265765 1.56063992469
63 3.00133852276 1.99167999732 1.56065110015
63 3.00133900413 1.99173540535 1.56067374842
63 3.00133947426 1.99178971316 1.56069590752
63 3.00133994392 1.99184429378 1.56070721578
63 3.00134017426 1.99187108446 1.56072897662
63 3.00134040912 1.99189850156 1.56074013053
63 3.00134086238 1.99195154488 1.56076159942
63 3.00134131741 1.99200503323 1.56078319427
63 3.00134154047 1.99203128836 1.56079378556
63 3.00134176773 1.99205815779 1.56080459504
63 3.00134220683 1.99211014075 1.5608254907
63 3.00134243158 1.99213682851 1.56083620405
63 3.00134286349 1.99218829007 1.56085681606
63 3.00134308465 1.99221470958 1.56086738518
63 3.00134329711 1.99224018224 1.56087755048
63 3.00134372731 1.9922918078 1.56089814658
63 3.00134414745 1.99234240808 1.56091829763
63 3.00134436142 1.99236829963 1.56092858088
64 3.00134456712 1.99239326219 1.56093847288
64 3.00134477295 1.99241822372 1.56094836898
64 3.00134539051 1.99249344088 1.56097812543
64 3.00134559876 1.99251890082 1.56098818064
64 3.00134579775 1.99254336399 1.56099780474
64 3.00134620022 1.99259285797 1.56101726552
64 3.00134659213 1.99264128848 1.56103625951
64 3.00134679307 1.99266615236 1.56104600299
64 3.0013471789 1.99271409791 1.56106474449
64 3.00134737647 1.99273871236 1.56107435435
64 3.00134756623 1.99276244462 1.56108359684
64 3.00134795051 1.9928105429 1.56110232345
64 3.0013483258 1.99285768593 1.56112064584
64 3.0013485169 1.99288180843 1.56112999607
64 3.0013487006 1.99290506539 1.56113899068
64 3.00134888443 1.99292832141 1.56114798917
64 3.00134943596 1.99299839924 1.56116613056
64 3.00134962195 1.99302211957 1.56118419066
64 3.00134979976 1.9930449109 1.56119297987
64 3.00135015978 1.99309110123 1.5612107518
65 3.0013505115 1.99313637426 1.56122810562
65 3.00135069059 1.9931595397 1.56123696173
65 3.00135103498 1.9932042067 1.56125400454
65 3.00135121134 1.99322713783 1.56126274373
65 3.0013513807 1.99324924682 1.56127114916
65 3.00135172293 1.99329397901 1.56128814219
65 3.00135205789 1.99333789693 1.56130480621
65 3.00135222843 1.99336036913 1.56131331026
65 3.00135239233 1.99338203472 1.56132149031
65 3.00135255636 1.99340369944 1.56132967391
65 3.00135304846 1.99346898144 1.56135428004
65 3.00135321439 1.99349107827 1.56136259463
65 3.00135337285 1.99351230952 1.5613705519
65 3.00135369408 1.99355533771 1.56138667854
65 3.00135400779 1.99359751064 1.56140245639
65 3.00135416749 1.9936190897 1.56141050759
65 3.00135447373 1.9936606267 1.56142596259
65 3.00135463112 1.99368198703 1.56143390833
65 3.0013547821 1.99370258217 1.56144154825
65 3.0013549332 1.99372317648 1.56144919133
66 3.00135523719 1.99376477786 1.56146459947
66 3.00135553932 1.99380623808 1.56147993823
66 3.00135568603 1.99382648777 1.56148740535
66 3.00135598237 1.99386745824 1.56150249894
66 3.00135626966 1.9939074119 1.56151716612
66 3.00135655827 1.99394770001 1.56152469029
66 3.00135669969 1.99396747576 1.56153916479
66 3.00135684379 1.99398771363 1.56154658455
66 3.00135698278 1.99400729054 1.56155372487
66 3.00135726425 1.9940469681 1.56156819162
66 3.0013575391 1.99408585745 1.56158234759
66 3.00135767899 1.99410575637 1.56158957248
66 3.00135781339 1.99412494102 1.56159652336
66 3.00135794792 1.99414412489 1.56160347743
66 3.00135821853 1.99418287713 1.5616174984
66 3.00135848749 1.99422149787 1.56163145768
66 3.00135874875 1.99425922279 1.56163825465
66 3.00135888177 1.99427852517 1.56165199508
66 3.00135913676 1.99431567893 1.56166534854
66 3.00135926782 1.99433478527 1.56167220019
67 3.00135951927 1.99437162782 1.56168538091
67 3.00135964801 1.9943905419 1.56169214005
67 3.00135977156 1.99440877759 1.56169864157
67 3.00136002182 1.99444573572 1.56171181559
67 3.00136026615 1.99448195911 1.56172470685
67 3.00136039047 1.99450049363 1.5617312861
67 3.00136050988 1.9945183626 1.56173761411
67 3.00136062872 1.99453616976 1.56174391372
67 3.00136086924 1.99457226407 1.5617566757
67 3.00136110762 1.99460817752 1.56176934822
67 3.00136122356 1.99462574715 1.56177552897
67 3.00136133963 1.99464331606 1.56178171241
67 3.0013616859 1.99469607906 1.56180021275
67 3.00136180268 1.99471393808 1.56180646337
67 3.00136191403 1.99473109766 1.56181244264
67 3.00136213931 1.99476581481 1.56182453154
67 3.00136235977 1.99479990004 1.56183638437
67 3.0013625796 1.99483415613 1.5618482457
67 3.00136268742 1.99485097051 1.56185406298
67 3.0013627971 1.99486817812 1.56185999786
68 3.00136290305 1.99488482355 1.5618657328
68 3.00136311746 1.99491855973 1.56187734921
68 3.00136332674 1.99495162584 1.56188871219
68 3.00136343318 1.99496854519 1.56189450887
68 3.00136353538 1.9949848573 1.5619000831
68 3.00136363709 1.99500111299 1.56190563214
68 3.00136384294 1.99503406256 1.56191687372
68 3.0013640469 1.99506684702 1.56192803663
68 3.00136414606 1.99508288587 1.56193348123
68 3.00136434632 1.99511533694 1.56194448581
68 3.00136454141 1.99514708996 1.56195523044
68 3.00136464062 1.99516333726 1.56196071704
68 3.00136483124 1.99519466504 1.56197128243
68 3.00136492881 1.99521074813 1.56197670203
68 3.00136502239 1.99522625462 1.56198191764
68 3.00136521192 1.99525768154 1.56199248799
68 3.00136539691 1.99528848382 1.56200283579
68 3.00136549096 1.99530424462 1.56200811985
68 3.00136558124 1.9953194396 1.56201320624
68 3.00136576411 1.99535023517 1.56202351484
69 3.00136594257 1.99538041866 1.56203360647
69 3.00136603329 1.99539586284 1.56203875978
69 3.00136612037 1.99541075255 1.56204372035
69 3.00136620755 1.99542564167 1.56204868347
69 3.00136638278 1.99545571816 1.56205869442
69 3.00136655689 1.99548569248 1.56206866453
69 3.00136664129 1.99550033218 1.56207352235
69 3.00136672578 1.99551497129 1.56207838266
69 3.00136697759 1.9955589343 1.5620929441
69 3.00136706246 1.99557381461 1.56209786751
69 3.00136722429 1.9956024088 1.56210730422
69 3.00136730715 1.99561708824 1.56211214547
69 3.00136738658 1.99563124153 1.5621168045
69 3.00136754745 1.99565992606 1.56212624686
69 3.0013677044 1.99568804086 1.56213549043
69 3.00136778415 1.99570242684 1.56214021062
69 3.00136786066 1.9957162966 1.56214475422
69 3.00136793727 1.9957301658 1.56214930019
69 3.0013680912 1.99575818242 1.56215846963
69 3.00136824412 1.99578610414 1.56216760166
70 3.00136839238 1.99581337863 1.56217650256
70 3.00136846773 1.99582733415 1.56218104654
70 3.00136853995 1.99584078886 1.56218541192
70 3.00136861231 1.99585424301 1.56218977922
70 3.00136875761 1.99588142114 1.56219856946
70 3.00136890195 1.99590850713 1.56220731037
70 3.00136904178 1.99593496513 1.56221579939
70 3.0013691128 1.99594850282 1.56222012213
70 3.00136924911 1.99597460599 1.56222842184
70 3.0013693856 1.99600092737 1.56223675218
70 3.00136945249 1.99601384733 1.56224083315
70 3.00136952036 1.9960270695 1.56224498887
70 3.00136958589 1.99603985971 1.56224900066
70 3.00136971849 1.99606578231 1.56225712255
70 3.00136984776 1.99609118996 1.56226505573
70 3.00136991334 1.99610419048 1.56226909507
70 3.00136997618 1.99611672429 1.56227297199
70 3.00137003917 1.99612925759 1.56227685049
70 3.00137022766 1.99616702383 1.56228849086
70 3.00137029112 1.99617980699 1.56229241847
71 3.00137035135 1.99619208931 1.56229616491
71 3.0013704732 1.99621693869 1.56230373157
71 3.00137059143 1.99624125365 1.56231110029
71 3.0013707099 1.99626577227 1.56231849836
71 3.00137076791 1.99627780741 1.56232212218
71 3.00137082672 1.99629012387 1.56232581228
71 3.00137094029 1.99631395167 1.56233293745
71 3.00137105382 1.99633797885 1.56233658641
71 3.00137110944 1.99634977264 1.56234359098
71 3.00137116589 1.99636184198 1.56234717577
71 3.00137122023 1.99637351706 1.56235061881
71 3.0013713303 1.99639717952 1.56235758997
71 3.00137143754 1.99642037181 1.56236439903
71 3.00137149191 1.99643223879 1.56236787322
71 3.00137154403 1.99644367977 1.56237122224
71 3.00137159622 1.99645512028 1.56237457322
71 3.00137170097 1.99647823056 1.56238134399
71 3.00137180462 1.99650122441 1.56238808541
71 3.0013718549 1.99651247341 1.56239138425
71 3.00137195629 1.99653523319 1.56239806333
72 3.00137205481 1.99655750322 1.5624046045
72 3.00137210477 1.99656889819 1.56240795233
72 3.00137220013 1.99659083202 1.5624144032
72 3.00137224911 1.99660211144 1.56241772282
72 3.00137229591 1.99661298678 1.56242092379
72 3.00137239032 1.99663499036 1.56242740556
72 3.00137248258 1.99665659338 1.56243377173
72 3.00137252935 1.99666764733 1.56243703003
72 3.0013725741 1.99667830449 1.56244017354
72 3.00137261891 1.99668896121 1.56244331894
72 3.0013727529 1.99672107293 1.56245280076
72 3.00137284067 1.99674238562 1.56245601144
72 3.00137288349 1.99675282841 1.56246218648
72 3.00137292691 1.99676351501 1.56246535822
72 3.00137296869 1.99677385252 1.56246841789
72 3.00137305326 1.99679480402 1.56247462223
72 3.00137313557 1.99681533915 1.56248070658
72 3.00137317725 1.99682584645 1.5624838206
72 3.0013732171 1.99683597649 1.56248682493
72 3.00137325702 1.99684610612 1.56248983105
73 3.001373337 1.99686656823 1.56249590499
73 3.00137341633 1.9968869608 1.5625019615
73 3.00137345458 1.99689692064 1.56250492076
73 3.0013734929 1.99690688009 1.56250788179
73 3.00137360642 1.99693678934 1.56251677998
73 3.00137364458 1.99694691281 1.56251979329
73 3.00137368068 1.99695663955 1.56252268975
73 3.0013737538 1.99697635214 1.56252856562
73 3.00137382491 1.99699567276 1.56253432787
73 3.00137389522 1.99701508954 1.56254012229
73 3.00137392962 1.99702462007 1.56254296924
73 3.0013739644 1.99703437335 1.56254588304
73 3.0013739979 1.99704380793 1.56254870344
73 3.00137406535 1.99706289705 1.56255441296
73 3.00137413116 1.99708163861 1.56256002052
73 3.00137416442 1.99709122839 1.56256289049
73 3.00137419616 1.99710047397 1.5625656593
73 3.00137422795 1.99710971917 1.56256842976
73 3.00137429156 1.9971283949 1.56257402747
73 3.00137435459 1.99714700726 1.56257960906
74 3.00137438489 1.9971560978 1.56258233622
74 3.0013744459 1.99717449037 1.56258785773
74 3.00137450494 1.99719248715 1.56259326505
74 3.00137453474 1.99720169565 1.5625960325
74 3.0013745916 1.99721945127 1.56260137391
74 3.0013746206 1.99722856665 1.5626041171
74 3.00137467584 1.99724614344 1.56260941025
74 3.00137473081 1.99726386707 1.56261475054
74 3.00137475766 1.99727256677 1.56261737395
74 3.00137478473 1.9972814699 1.56262005893
74 3.00137481078 1.9972900821 1.56262265783
74 3.00137486338 1.99730753686 1.56262792695
74 3.00137491441 1.99732464477 1.56263309401
74 3.00137494011 1.99733339845 1.5626357385
74 3.00137496456 1.99734183783 1.56263828976
74 3.00137501402 1.99735894187 1.5626434638
74 3.00137506195 1.99737570589 1.56264853767
74 3.00137508608 1.99738428361 1.56265113446
74 3.001375132 1.99740082277 1.56265614642
74 3.00137515539 1.99740931358 1.56265872041
75 3.00137517759 1.99741749992 1.56266120299
75 3.00137522245 1.99743409116 1.56266623768
75 3.0013752659 1.99745035274 1.56267117485
75 3.00137528773 1.99745867348 1.56267370165
75 3.00137530846 1.99746669557 1.56267613934
75 3.00137532924 1.99747471734 1.56267857847
75 3.00137539091 1.99749888924 1.56268593097
75 3.00137541153 1.99750707101 1.56268842057
75 3.00137543079 1.99751493232 1.56269081352
75 3.00137546979 1.99753086437 1.56269566786
75 3.00137548863 1.99753867215 1.56269804767
75 3.0013755264 1.99755446987 1.5627028645
75 3.00137556271 1.99756992783 1.56270758162
75 3.00137558089 1.99757783728 1.5627099958
75 3.00137559811 1.99758546285 1.56271232485
75 3.00137563289 1.99760091756 1.56271704821
75 3.00137566646 1.9976160652 1.56272168009
75 3.00137568325 1.99762381597 1.56272405065
75 3.00137571478 1.99763873526 1.56272861815
75 3.00137573095 1.99764640747 1.56273096853
76 3.00137574616 1.99765380487 1.5627332348
76 3.00137577687 1.99766879716 1.56273783076
76 3.00137580645 1.99768349156 1.56274233758
76 3.0013758212 1.99769101041 1.56274464405
76 3.0013758351 1.9976982594 1.56274686911
76 3.00137584905 1.99770550808 1.56274909547
76 3.00137589016 1.99772735049 1.56275580643
76 3.00137590383 1.99773474377 1.56275807874
76 3.00137591642 1.99774184744 1.56276026267
76 3.00137594191 1.99775624401 1.56276469294
76 3.00137596638 1.99777035435 1.5627690372
76 3.00137597851 1.99777757427 1.5627712604
76 3.00137600132 1.99779149538 1.56277555102
76 3.00137601285 1.99779864215 1.56277775447
76 3.00137602362 1.99780553261 1.56277987952
76 3.00137603444 1.99781242279 1.56278200581
76 3.00137605573 1.99782634114 1.5627863017
76 3.00137607661 1.99784021218 1.56279058502
76 3.00137608636 1.99784698688 1.56279267763
76 3.00137609616 1.9978537613 1.56279477148
77 3.00137612397 1.99787408324 1.56280105592
77 3.00137613325 1.9978809691 1.5628031869
77 3.00137614161 1.99788758532 1.56280523441
77 3.00137615005 1.99789420114 1.56280728371
77 3.00137617435 1.99791411422 1.56281345396
77 3.00137618965 1.99792734489 1.56281755615
77 3.00137619693 1.99793382773 1.56281956802
77 3.00137620401 1.99794046199 1.56282162694
77 3.00137621744 1.99795329681 1.56282561324
77 3.00137622414 1.99795988604 1.5628276601
77 3.00137623642 1.99797259163 1.56283160934
77 3.00137624255 1.99797911439 1.56283363746
77 3.00137624812 1.99798540321 1.56283559344
77 3.0013762593 1.99799814872 1.5628395601
77 3.00137626976 1.99801064088 1.56284344975
77 3.00137627473 1.99801703279 1.56284544033
77 3.00137627921 1.99802319521 1.56284736061
77 3.00137628819 1.99803568454 1.56285125488
77 3.0013762965 1.99804792561 1.56285507356
77 3.00137630037 1.99805418905 1.56285702782
78 3.00137630726 1.99806626592 1.56286079938
78 3.00137631062 1.9980724659 1.56286273626
78 3.00137631353 1.99807844353 1.56286460425
78 3.0013763193 1.99809055835 1.56286839245
78 3.00137632447 1.99810243235 1.5628721071
78 3.00137632674 1.99810850798 1.56287400812
78 3.00137632861 1.99811436541 1.56287584193
78 3.00137633034 1.99812020251 1.56287767049
78 3.00137633528 1.9981378515 1.56288320168
78 3.0013763367 1.9981438254 1.56288507427
78 3.00137633755 1.9981495651 1.5628868739
78 3.00137633921 1.99816119736 1.56289052451
78 3.00137634035 1.99817259822 1.56289410414
78 3.00137634045 1.99818405559 1.56289593598
78 3.00137634039 1.99818967929 1.56289947113
78 3.00137633997 1.99819543427 1.56290128642
78 3.00137633938 1.99820100123 1.56290303742
78 3.00137633793 1.99821226485 1.56290658238
78 3.00137633617 1.9982233233 1.56291006382
78 3.0013763349 1.99822898162 1.56291184542
79 3.00137633336 1.9982344367 1.56291356401
79 3.00137633187 1.99823989157 1.56291528361
79 3.00137632831 1.99825091044 1.56291875773
79 3.00137632444 1.9982618918 1.56292222161
79 3.0013763195 1.99827258179 1.56292559542
79 3.00137631684 1.99827806971 1.56292732905
79 3.00137631105 1.99828865186 1.56293067282
79 3.0013763079 1.99829408449 1.56293238995
79 3.00137630121 1.99830455987 1.56293570283
79 3.0013762976 1.99830993769 1.5629374041
79 3.00137629379 1.99831512264 1.56293904477
79 3.00137628596 1.99832563094 1.56294237194
79 3.0013762778 1.99833593035 1.56294563439
79 3.00137627326 1.9983412003 1.5629473039
79 3.00137626857 1.99834628103 1.56294891436
79 3.00137626392 1.99835136156 1.56295052576
79 3.00137624907 1.99836667051 1.5629553827
79 3.00137624381 1.99837185229 1.56295702715
79 3.00137623824 1.99837683101 1.5629586075
79 3.0013762269 1.99838692107 1.56296181328
80 3.0013762153 1.9983968105 1.5629649567
80 3.00137620263 1.99840674911 1.5629665653
80 3.00137619629 1.99841162737 1.56296966951
80 3.00137618945 1.99841661952 1.56297126345
80 3.00137618267 1.99842144858 1.56297280089
80 3.0013761688 1.99843123583 1.56297591833
80 3.00137615473 1.99844082851 1.56297897502
80 3.00137614717 1.99844573679 1.56298053918
80 3.00137613957 1.99845046878 1.56298204795
80 3.00137613201 1.99845520059 1.5629835576
80 3.00137610838 1.99846945859 1.56298660744
80 3.00137610015 1.99847428459 1.5629896482
80 3.00137609176 1.99847892132 1.56299113345
80 3.00137607462 1.99848831833 1.56299414078
80 3.00137605737 1.99849752846 1.56299708516
80 3.00137603901 1.99850678425 1.56300004513
80 3.00137602989 1.99851132734 1.56300149928
80 3.00137602018 1.99851597653 1.56300298731
80 3.00137601066 1.99852047378 1.56300442752
80 3.0013759912 1.99852958852 1.56300734733
81 3.00137597166 1.99853852204 1.56301021024
81 3.0013759613 1.99854309303 1.56301167523
81 3.00137594061 1.99855189137 1.56301449734
81 3.00137592991 1.99855641587 1.5630159495
81 3.00137590863 1.99856514034 1.56301875028
81 3.00137589753 1.99856961925 1.56302018853
81 3.00137587552 1.99857825552 1.56302296324
81 3.00137586405 1.99858268915 1.5630243881
81 3.00137584132 1.99859123811 1.56302713699
81 3.00137582949 1.99859562692 1.56302854859
81 3.00137581775 1.99859985828 1.56302990985
81 3.00137579384 1.99860843391 1.56303267037
81 3.00137576994 1.99861683899 1.56303537708
81 3.00137574491 1.99862528575 1.56303676214
81 3.00137573251 1.99862943173 1.56303943493
81 3.00137571947 1.99863367449 1.56304080733
81 3.00137570669 1.99863777864 1.56304213106
81 3.00137568067 1.99864609664 1.56304481513
81 3.00137565469 1.9986542492 1.5630474468
81 3.00137564104 1.99865842056 1.56304879341
82 3.00137562758 1.99866244205 1.56305009227
82 3.00137561415 1.99866646339 1.5630513919
82 3.00137557286 1.99867858048 1.56305530885
82 3.00137555865 1.99868268182 1.56305663496
82 3.00137554451 1.99868662227 1.56305790921
82 3.00137551576 1.99869460812 1.56306049402
82 3.00137548712 1.99870243502 1.56306302837
82 3.00137545733 1.99871030055 1.56306557597
82 3.00137544259 1.99871416123 1.56306682752
82 3.00137542715 1.99871811201 1.56306810815
82 3.00137541207 1.99872193365 1.56306934761
82 3.00137538136 1.99872967909 1.56307186038
82 3.0013753508 1.99873727046 1.56307432411
82 3.00137533481 1.99874115466 1.56307558477
82 3.00137531908 1.9987448993 1.56307680074
82 3.0013752871 1.9987524885 1.56307926662
82 3.00137527119 1.99875620763 1.56308047531
82 3.00137523866 1.99876373258 1.5630829215
82 3.00137520624 1.9987710955 1.56308531656
82 3.0013751893 1.99877486283 1.56308654208
83 3.00137517266 1.99877849484 1.56308772416
83 3.00137513882 1.9987858558 1.56309012129
83 3.00137510519 1.99879307036 1.56309247163
83 3.0013750704 1.99880032068 1.56309483429
83 3.0013750532 1.99880387942 1.56309599497
83 3.00137503525 1.99880752127 1.56309718265
83 3.00137500025 1.99881456685 1.56309948195
83 3.0013749643 1.99882167126 1.5631006625
83 3.00137494653 1.99882515845 1.56310293995
83 3.00137492799 1.99882872702 1.56310410928
83 3.00137489184 1.99883563089 1.56310636547
83 3.00137487311 1.99883917521 1.56310752394
83 3.00137483638 1.99884600933 1.56310975872
83 3.00137481737 1.99884951777 1.56311090627
83 3.00137478008 1.9988562827 1.56311312
83 3.00137476078 1.99885975561 1.56311425674
83 3.00137472283 1.99886644054 1.56311644574
83 3.00137470326 1.99886987823 1.5631175721
83 3.00137466488 1.99887650695 1.56311974433
83 3.00137464501 1.99887990994 1.56312085976
84 3.00137460609 1.99888647152 1.5631230115
84 3.00137458594 1.99888984004 1.5631241164
84 3.00137454648 1.99889633516 1.56312624783
84 3.00137450605 1.99890288428 1.56312734231
84 3.00137448607 1.99890609888 1.56312945363
84 3.00137444502 1.99891257057 1.56313105639
84 3.00137442478 1.99891575261 1.56313262916
84 3.0013743832 1.99892215883 1.56313473694
84 3.0013743627 1.99892530868 1.56313577308
84 3.00137434137 1.99892853208 1.56313683325
84 3.00137429985 1.99893476809 1.56313888568
84 3.00137425732 1.99894105607 1.56314095554
84 3.00137423631 1.9989441425 1.56314197222
84 3.00137421446 1.99894730097 1.56314301249
84 3.00137417193 1.99895341135 1.56314502638
84 3.00137414992 1.9989565483 1.56314606036
84 3.00137410688 1.99896259692 1.56314805497
84 3.00137408462 1.9989657021 1.56314907919
84 3.00137404108 1.99897168945 1.56315105497
85 3.00137399654 1.99897772658 1.56315304782
85 3.00137397455 1.99898068988 1.56315402667
85 3.00137392944 1.99898665561 1.56315599749
85 3.00137390721 1.99898958885 1.56315696706
85 3.0013738841 1.99899259056 1.5631579591
85 3.00137383915 1.99899839765 1.56315987958
85 3.00137381589 1.99900137888 1.56316086558
85 3.00137377045 1.99900712718 1.56316276757
85 3.00137374695 1.99901007817 1.56316374421
85 3.00137370104 1.99901576815 1.56316562813
85 3.00137367731 1.9990186892 1.5631665955
85 3.00137363094 1.99902432146 1.56316846154
85 3.00137358354 1.99903000048 1.56317034363
85 3.00137356015 1.99903278799 1.56317126805
85 3.00137353585 1.99903564052 1.56317221389
85 3.00137348859 1.99904115901 1.56317404492
85 3.00137346416 1.99904399207 1.563174985
85 3.00137341644 1.99904945465 1.56317679836
85 3.00137339177 1.99905225895 1.5631777295
85 3.00137334361 1.99905766609 1.56317952563
86 3.00137329441 1.99906311811 1.56318133718
86 3.00137327012 1.99906579418 1.56318222696
86 3.00137322041 1.99907118164 1.56318401841
86 3.00137319591 1.99907383055 1.56318489974
86 3.00137317049 1.99907654129 1.56318580148
86 3.00137312105 1.99908178545 1.56318754714
86 3.0013730955 1.99908447768 1.56318844338
86 3.00137304554 1.99908965977 1.56319016913
86 3.00137299462 1.99909489388 1.56319191307
86 3.00137296949 1.99909746304 1.56319276952
86 3.00137294342 1.99910009212 1.56319364579
86 3.00137289273 1.99910517833 1.56319534216
86 3.00137286653 1.99910778946 1.56319621308
86 3.00137281542 1.99911282406 1.56319789299
86 3.00137278901 1.99911540865 1.56319875558
86 3.00137273749 1.99912039207 1.56320041942
86 3.00137271088 1.99912295037 1.56320127376
86 3.00137265895 1.99912788313 1.56320292168
86 3.00137263213 1.99913041543 1.56320376784
86 3.00137257982 1.99913529804 1.5632054
86 3.00137255279 1.99913780459 1.56320623807
87 3.00137250008 1.99914263757 1.56320785463
87 3.0013724463 1.9991475106 1.56320948502
87 3.00137241976 1.99914990248 1.5632102858
87 3.00137239226 1.99915235012 1.56321110511
87 3.00137233879 1.99915708528 1.56321269116
87 3.00137231118 1.99915951619 1.56321350545
87 3.00137225731 1.99916420329 1.56321507611
87 3.0013722295 1.99916660948 1.56321588261
87 3.00137217526 1.9991712489 1.56321743825
87 3.00137211994 1.99917592677 1.56321900718
87 3.00137209265 1.99917822284 1.56321977778
87 3.00137203689 1.9991828452 1.56322056619
87 3.00137200942 1.99918511792 1.56322209244
87 3.00137195329 1.99918969329 1.56322363146
87 3.00137192563 1.99919194292 1.5632243874
87 3.00137186914 1.99919647183 1.56322590929
87 3.0013718413 1.9991986986 1.56322665799
87 3.00137181247 1.99920097731 1.56322742401
87 3.00137175643 1.99920538563 1.56322890688
87 3.00137172749 1.99920764873 1.56322966817
88 3.00137167109 1.99921201224 1.56323113656
88 3.00137164197 1.99921425228 1.56323189052
88 3.00137158521 1.99921857133 1.56323334477
88 3.00137155591 1.99922078855 1.56323409147
88 3.00137149881 1.99922506361 1.56323553173
88 3.00137146934 1.99922725827 1.56323627125
88 3.00137141189 1.99923148987 1.56323769766
88 3.00137135334 1.99923575654 1.56323913621
88 3.00137132446 1.99923785079 1.56323984276
88 3.00137129457 1.99923999387 1.56324056561
88 3.00137123641 1.99924413269 1.56324196242
88 3.00137120642 1.99924626107 1.56324268103
88 3.00137114798 1.99925036501 1.56324406671
88 3.00137111782 1.99925247182 1.5632447782
88 3.00137105905 1.99925653403 1.56324615055
88 3.00137099916 1.99926062991 1.56324753458
88 3.00137096963 1.99926264032 1.56324821435
88 3.00137090936 1.9992666876 1.5632489098
88 3.00137087967 1.99926867757 1.56325025605
89 3.00137081908 1.99927268369 1.56325161351
89 3.00137078923 1.99927465344 1.56325228026
89 3.00137075834 1.99927666912 1.56325296238
89 3.00137069831 1.99928056862 1.56325428284
89 3.00137063715 1.9992845005 1.56325561434
89 3.00137060698 1.99928643041 1.5632562683
