0 0 0 0.0
4 -1.84649549006e-05 2.53269571357e-06 0.00770629986385
4 -1.84649549006e-05 2.53269571357e-06 0.00770629986385
4 -1.84715055835e-05 2.57128375199e-06 0.00770630237141
4 -1.84747320487e-05 2.59028979846e-06 0.00770630362413
4 -1.84812827697e-05 2.62887782761e-06 0.00770630620339
4 -1.84845092537e-05 2.64788386955e-06 0.00770630749143
4 0.00176058558984 2.95808546405e-06 0.00769543873846
4 0.00392793383573 3.09630169713e-06 0.00769544968142
4 0.00705248984433 3.28737261845e-06 0.00769549782226
4 0.0109503848404 3.5307684676e-06 0.00769549149113
4 0.0214862484066 4.26199830376e-06 0.00769561069815
4 0.0353000285188 5.45674162251e-06 0.00769576055886
4 0.0437468119944 6.35863239836e-06 0.00769595316502
4 0.0528103985643 7.50793265757e-06 0.00769615854513
4 0.0627262844072 9.02599833251e-06 0.00769652347289
4 0.0979793502785 1.76298669589e-05 0.0076998108851
4 0.111748364726 2.30050805484e-05 0.00770299953494
4 0.125977646445 3.03466856985e-05 0.0077086757865
4 0.174302814741 7.79723161484e-05 0.00778445697795
5 0.191972325319 0.000108146259268 0.00786644439733
5 0.211074141465 0.000150691854555 0.00802505935255
5 0.250749236321 0.000284786243547 0.00882010935178
5 0.272387077084 0.000403009676517 0.0107555090843
5 0.314176595094 0.000928263090222 0.0193979776512
5 0.356020113576 0.00188821443881 0.0292873197916
5 0.37647410429 0.00251730045001 0.034252687681
5 0.397306596281 0.00326567526415 0.0393986689583
5 0.41737633883 0.00409113724195 0.0443869669356
5 0.4579727953 0.00607293397751 0.0545405042094
5 0.497568924108 0.00841018522587 0.0645310596525
5 0.517722181742 0.00975248761323 0.0696644696629
5 0.53703028088 0.0111368025258 0.0746172509808
5 0.595056278242 0.0158839674266 0.0895624404164
5 0.614063174789 0.0176304076005 0.0944804252257
5 0.634100770446 0.0197053730264 0.0999810153671
5 0.67321849426 0.0237492924707 0.109475051959
5 0.692204896748 0.0258697652336 0.114443016075
5 0.728420644434 0.0301946055619 0.124070722571
5 0.764666643897 0.0348789371481 0.133781052216
6 0.78237235922 0.0372995660305 0.138545039588
6 0.800385744022 0.0398479550285 0.143424501041
6 0.817727521957 0.0423886865386 0.14814381846
6 0.852775795517 0.047780197418 0.157706416689
6 0.886913170749 0.0533635364001 0.167081038615
6 0.904264643483 0.0563250906653 0.171882021981
6 0.920871700021 0.0592402384128 0.176512993035
6 0.937445639319 0.0622319737977 0.181138674455
6 0.987037534889 0.0716587225212 0.195081133962
6 1.00372146085 0.0749916746579 0.19980031972
6 1.03545642728 0.0815526758362 0.208871934195
6 1.05165074721 0.0850202495164 0.213527846935
6 1.0826366218 0.0918746348077 0.2225122035
6 1.11361455811 0.0990201019102 0.231573054408
6 1.12873610831 0.102618046044 0.236017517577
6 1.14410682329 0.106345129511 0.240569707267
6 1.15889780189 0.110004307909 0.244968409442
6 1.18877106694 0.117606824424 0.253884712001
6 1.217838978 0.125278480425 0.262624613642
6 1.23259906479 0.12927555399 0.267098625341
6 1.24671708366 0.13316541756 0.271411558936
7 1.26080400522 0.137115399828 0.275723455062
7 1.30291447671 0.149315525055 0.288715772727
7 1.31706895531 0.153549964058 0.293113600868
7 1.34396659861 0.161779064166 0.301576429659
7 1.35768628697 0.166075973399 0.305916072319
7 1.38391896271 0.17447380376 0.314286701279
7 1.41012356122 0.183105394859 0.322726639627
7 1.42290932815 0.187408188612 0.326868555912
7 1.43589796891 0.19183701385 0.331108939632
7 1.44839404082 0.196158298655 0.335208275725
7 1.47362001682 0.205057964062 0.343518350741
7 1.49814920519 0.213939588401 0.351664206383
7 1.51059627333 0.218530871038 0.355833844547
7 1.52249808574 0.222976505875 0.359853815167
7 1.53437223856 0.227469001483 0.363872877922
7 1.56984548857 0.241216687088 0.375982770334
7 1.5817616642 0.245946191203 0.380081604727
7 1.60439343856 0.255080991146 0.387962129743
7 1.61593453917 0.259822048654 0.392005680768
8 1.63799298524 0.269035364605 0.399804325985
8 1.66001682684 0.278436949342 0.407667919926
8 1.67075993846 0.283099081086 0.411528250548
8 1.68166985266 0.287882046413 0.415479729359
8 1.69216512378 0.292533685259 0.419300495749
8 1.71334453592 0.302067992549 0.427045498944
8 1.73393000527 0.311525541283 0.434637087832
8 1.74437161564 0.316393659542 0.438522853937
8 1.7543548541 0.321094618983 0.442268302933
8 1.76431420872 0.325831875051 0.446013750498
8 1.79405561633 0.340252699805 0.457298536804
8 1.80404242332 0.345188482456 0.46111816228
8 1.82300526233 0.354689157082 0.468462504207
8 1.83267462847 0.359602793081 0.472230807758
8 1.85115211014 0.369120264642 0.479499435918
8 1.86959600734 0.37879100266 0.48682825829
8 1.8785915735 0.38357152735 0.490425918905
8 1.88772554354 0.388466804808 0.494108144091
8 1.89651263755 0.393218345882 0.497669103177
8 1.91424026016 0.402928530048 0.504887084904
9 1.93146634316 0.412524763363 0.511961980678
9 1.94020230311 0.417451571657 0.5155829361
9 1.94855527829 0.422201749988 0.519074259421
9 1.95688777684 0.426980027682 0.522564502144
9 1.98176589535 0.441478137588 0.533080681821
9 1.99011765237 0.446424295448 0.53664022761
9 2.0059760742 0.455925822097 0.54348406058
9 2.01406249803 0.460828909413 0.546995795105
9 2.02951466498 0.470306765707 0.55376893428
9 2.04493752267 0.479911324099 0.560598352361
9 2.05245933784 0.484649429276 0.563950915318
9 2.06009693189 0.489495898653 0.567382047723
9 2.06744507215 0.494194233557 0.570700796723
9 2.08226703915 0.50377648029 0.57742669804
9 2.09666786728 0.51322320325 0.584019305164
9 2.10397083058 0.518065376151 0.587392899503
9 2.11095501652 0.522729596201 0.590645725207
9 2.11792161537 0.527415582986 0.593898335154
9 2.13871991796 0.541603065663 0.603698030478
9 2.14570112697 0.54643273633 0.607014549993
9 2.15234068924 0.551056682602 0.610203925077
10 2.16572117629 0.5604740573 0.616663814842
10 2.17872066713 0.569748260406 0.622995157276
10 2.19161878515 0.57907335536 0.629360063155
10 2.19790837864 0.583666653213 0.632483803144
10 2.20429551481 0.588361903303 0.635681087795
10 2.21657304646 0.597476847544 0.641865078062
10 2.2288298578 0.606694733172 0.648101093329
10 2.23480780471 0.611234331614 0.651162658358
10 2.24087877157 0.615874100512 0.654295724155
10 2.25254885522 0.624878658765 0.660357006615
10 2.26419956884 0.633981706005 0.666469121736
10 2.26988195363 0.638463487608 0.6694698271
10 2.27565314841 0.64304364968 0.672540622436
10 2.28120684609 0.647478746265 0.675510633482
10 2.29240697024 0.656505718355 0.681530868239
10 2.30328890013 0.66538378001 0.687431691797
10 2.30880821386 0.669927770543 0.690451338294
10 2.31408889184 0.674301632619 0.693362726391
10 2.31935581667 0.67869013218 0.69627412264
11 2.33508115578 0.691949096247 0.705045890048
11 2.34035945893 0.696452849035 0.70801484239
11 2.35038933684 0.705085972123 0.713723427473
11 2.35550478687 0.709527869403 0.716652705904
11 2.3652837077 0.718092987842 0.7223023225
11 2.37504678992 0.726742551194 0.727998601185
11 2.37980876754 0.730997687282 0.730794968701
11 2.38464639993 0.735345069949 0.733656782586
11 2.38930239389 0.739552997098 0.736424557093
11 2.39869136665 0.748110133631 0.742034763704
11 2.40781426159 0.756518028834 0.747533662433
11 2.41244231114 0.760819093347 0.75034763063
11 2.41687169412 0.76495822382 0.753061843626
11 2.42128923417 0.769108959249 0.755775079013
11 2.43448023963 0.781639116397 0.763949775884
11 2.43890809871 0.785891488724 0.766716610345
11 2.44732544352 0.794040864264 0.772034620443
11 2.45161904146 0.798231389334 0.77476412228
11 2.45982881969 0.806308346471 0.780029420308
11 2.46802696054 0.814459655146 0.785338568948
12 2.47202598559 0.818467436549 0.787944479108
12 2.47608960027 0.822561529055 0.790612235802
12 2.48000132801 0.826523281586 0.793191587353
12 2.48788904626 0.83457447735 0.798419747159
12 2.4955540601 0.842479816314 0.803544123712
12 2.49944337556 0.846522353053 0.80616689614
12 2.50316697799 0.850412586681 0.808694990205
12 2.50688046996 0.854311949046 0.811223223162
12 2.51797088559 0.866076348867 0.81884068769
12 2.52169393583 0.870066226808 0.821418955276
12 2.52877473206 0.877712192418 0.826374473545
12 2.5323869876 0.881642140296 0.828918043372
12 2.53929577633 0.889214951808 0.833822874962
12 2.54619647737 0.896854091168 0.838768397274
12 2.54956289346 0.900608497436 0.841196612262
12 2.55298477257 0.904443667319 0.843680824236
12 2.55627919368 0.908154198583 0.846084323567
12 2.56292194281 0.915691004975 0.850956078985
12 2.56937797516 0.923087597322 0.85573118689
12 2.57265476264 0.926869231087 0.858173974905
12 2.57579297795 0.930508545166 0.860529158168
13 2.57892242538 0.93415502473 0.862885056531
13 2.58827019462 0.945151909986 0.869983426016
13 2.59140855205 0.948879684766 0.872386024917
13 2.59738007929 0.956023763762 0.877003984987
13 2.60042683107 0.959694607636 0.879374271488
13 2.60625568695 0.966767233354 0.883944957252
13 2.61207912669 0.973899708444 0.888553598905
13 2.61492025288 0.977404004272 0.890816364133
13 2.61780913078 0.980983916141 0.893131368836
13 2.62059074102 0.984447008225 0.895371133152
13 2.62619937814 0.991478410209 0.899910975602
13 2.63165113101 0.998376516862 0.904360751622
13 2.63441898584 1.00190300036 0.906637148569
13 2.63707064639 1.00529703556 0.908831906959
13 2.63971469805 1.00869668668 0.911027277903
13 2.64761398682 1.01894620149 0.917642025275
13 2.65026633269 1.02241938444 0.919880937709
13 2.65531528373 1.02907638441 0.924183705412
13 2.65789169562 1.0324961736 0.926392502056
14 2.6628220913 1.03908473473 0.930651775362
14 2.66774909255 1.04572777859 0.934946439343
14 2.6701530796 1.04899085059 0.937055009124
14 2.67259823654 1.05232467258 0.939212303927
14 2.67495288412 1.05554941682 0.941299465288
14 2.67970059134 1.06209481423 0.945529964249
14 2.68431616058 1.06851445112 0.949676534967
14 2.6866601349 1.07179625616 0.951797851088
14 2.68890639913 1.07495514858 0.95384309164
14 2.69114607186 1.07811845068 0.955888860685
14 2.69783844325 1.08765345159 0.962052908359
14 2.70008579751 1.09088364864 0.96413928133
14 2.70436581479 1.09707581809 0.968149260057
14 2.7065500324 1.1002563546 0.970207494844
14 2.71073100493 1.10638393864 0.974176437933
14 2.7149100745 1.11256145562 0.978178414632
14 2.71694931261 1.11559533554 0.980143252774
14 2.71902408565 1.11869537438 0.982153542234
14 2.72102229042 1.12169381773 0.984098466615
14 2.72505129884 1.12777834746 0.988040643961
15 2.72896872911 1.13374483872 0.991904620621
15 2.73095868298 1.13679504245 0.993881394862
15 2.73286623287 1.13973137633 0.995787278295
15 2.73671230511 1.1456892601 0.999650774863
15 2.74045197048 1.15153123817 1.00343760619
15 2.7423517609 1.15451781777 1.00537491736
15 2.74417302359 1.15739301031 1.00724275177
15 2.74598881388 1.16027144213 1.00911102468
15 2.751415778 1.16894626798 1.01474031372
15 2.75323846149 1.17188433391 1.01664569076
15 2.75671163648 1.17751783817 1.02030697411
15 2.75848428724 1.18041099815 1.02218672191
15 2.76187852287 1.18598513831 1.02581146715
15 2.76527217107 1.19160424192 1.02946636957
15 2.76692833612 1.19436343598 1.03126077205
15 2.76861394771 1.19718327738 1.03309671021
15 2.77023757885 1.1999106029 1.03487293249
15 2.77351135389 1.20544356734 1.03847313578
15 2.77669502219 1.21086827583 1.0420019045
15 2.77831274868 1.21364166791 1.04380720827
15 2.77986400942 1.21631197788 1.04554776748
16 2.78141053776 1.21898484038 1.04728870782
16 2.78603348697 1.22703944217 1.05253435282
16 2.78758630388 1.22976706732 1.05430987885
16 2.79054638033 1.23499814168 1.05772165035
16 2.79205728376 1.23768438096 1.05947329331
16 2.79495098304 1.24286011437 1.06285100726
16 2.79784476808 1.24807745845 1.06625683862
16 2.79925710633 1.25063914583 1.06792893966
16 2.80069490873 1.253257487 1.06963976976
16 2.80207998083 1.25578989294 1.07129494318
16 2.8048727681 1.26092662089 1.07464978333
16 2.8075890319 1.26596239069 1.07793805807
16 2.80896955955 1.26853709146 1.0796203429
16 2.81029368108 1.27101641992 1.08124229504
16 2.81161371076 1.27349776179 1.08286458026
16 2.81556019207 1.28097479732 1.08775272535
16 2.81688592269 1.28350656982 1.08940724826
16 2.81941400029 1.28836300854 1.09258651069
16 2.82070450351 1.2908566954 1.09421877574
17 2.82317659981 1.29566171279 1.09736628682
17 2.82564923099 1.30050533352 1.10054000473
17 2.82685611398 1.30288336668 1.10209813293
17 2.82808503102 1.30531430466 1.10369236848
17 2.8292689871 1.30766545334 1.10523473076
17 2.83165628083 1.31243391115 1.1083609039
17 2.83397843551 1.31710834683 1.11142504532
17 2.83515889683 1.31949846197 1.11299267563
17 2.83629137013 1.32180033196 1.11450408515
17 2.83742030543 1.32410379139 1.11601578673
17 2.84079594002 1.33104456569 1.12057074578
17 2.84193001499 1.3333945713 1.12211249515
17 2.84409330567 1.33790320595 1.12507506219
17 2.84519767907 1.34021818403 1.12659607022
17 2.84731362063 1.34467913677 1.12952904289
17 2.84943038092 1.3491759663 1.1324864431
17 2.85046363798 1.35138362818 1.13393835756
17 2.85151597132 1.35364067954 1.13542393449
17 2.85252988894 1.35582365877 1.13686116453
17 2.85457434663 1.36025058023 1.13977423865
18 2.85656323534 1.36459001511 1.14262950664
18 2.85757446625 1.36680899016 1.14409028802
18 2.85854477689 1.36894629188 1.14549868008
18 2.85951202789 1.37108484874 1.14690732697
18 2.86240457481 1.3775286052 1.15115177784
18 2.8633764369 1.37971020057 1.1525884277
18 2.86430511385 1.38180278123 1.15396854375
18 2.86708983191 1.38812479272 1.15813744023
18 2.86799921526 1.39020492509 1.15950862996
18 2.86892175041 1.39232313087 1.16090681694
18 2.86981062915 1.39437174847 1.16225960381
18 2.87160297796 1.39852588038 1.16500151589
18 2.87334675907 1.40259780191 1.16768901724
18 2.87508447323 1.40668595354 1.17038962432
18 2.87593275135 1.40869282799 1.17171550026
18 2.87679688867 1.41074489553 1.17307213414
18 2.87762956037 1.41272964108 1.17438460776
18 2.87930858152 1.41675412025 1.17704480848
18 2.88094217138 1.42069891144 1.17965222006
18 2.88177292698 1.42271625849 1.18098620877
18 2.88257024095 1.42465962461 1.18227235502
19 2.88496126234 1.43053064336 1.18615702066
19 2.88574212095 1.43246225779 1.1874347255
19 2.88653447833 1.43442962203 1.18873760258
19 2.8872979822 1.43633237597 1.1899981648
19 2.88883754195 1.44019044233 1.19255314586
19 2.8903355199 1.44397206911 1.19505742586
19 2.8918286247 1.44776920483 1.197573936
19 2.89255753766 1.44963317311 1.19880941729
19 2.89330019458 1.45153930999 1.20007357079
19 2.89472924652 1.45522738628 1.20251965654
19 2.89615941695 1.45894542945 1.20498604767
19 2.89685763699 1.46077061379 1.20619688114
19 2.89756905193 1.46263714067 1.20743581749
19 2.89825461971 1.46444245953 1.20863441699
19 2.89963703799 1.46810279795 1.21106380386
19 2.90098219871 1.47169057213 1.21344498031
19 2.90166639815 1.47352549039 1.21466323348
19 2.90232318035 1.47529333741 1.21583779514
19 2.90297785406 1.47706186728 1.21701254077
20 2.90493617686 1.48239060988 1.22055223755
20 2.90559427564 1.48419453449 1.22175034749
20 2.90685074135 1.48765746338 1.22405260098
20 2.907492314 1.4894353475 1.22523458933
20 2.90872219555 1.49286207553 1.22751382672
20 2.90995314945 1.49631663682 1.22981205939
20 2.91055414085 1.49801244771 1.23094033169
20 2.9111665724 1.49974682631 1.23209479928
20 2.91175678694 1.5014243514 1.23321167517
20 2.91294694337 1.50482539774 1.23547541537
20 2.91410511202 1.50815898156 1.23769423125
20 2.91469427276 1.50986399651 1.23882942362
20 2.91525989774 1.51150683021 1.23992390288
20 2.91582369746 1.51315020167 1.24101854566
20 2.91751033633 1.51810184651 1.24431688652
20 2.91807717004 1.51977807581 1.24543330358
20 2.91915959463 1.5229962856 1.24757858201
20 2.91971232542 1.52464850822 1.24867997635
20 2.92077201931 1.52783320411 1.25080380244
20 2.92183274843 1.53104385072 1.25294533166
21 2.9223506542 1.53261990516 1.25399666814
21 2.92287848176 1.53423193397 1.25507242012
21 2.92338718751 1.5357911395 1.25611314016
21 2.92441299442 1.53895215666 1.2582225205
21 2.9254112989 1.54205044987 1.26029003902
21 2.92591919229 1.54363520633 1.26134782944
21 2.92640685223 1.54516228558 1.26236768199
21 2.92689293156 1.54668978732 1.2633876808
21 2.9283471789 1.55129233055 1.26646111201
21 2.9288359392 1.55285035557 1.26750140258
21 2.92976943187 1.55584196807 1.26950040125
21 2.93024613237 1.55737784137 1.27052669294
21 2.9311601535 1.56033841652 1.27250569693
21 2.9320751531 1.56332319169 1.27450119869
21 2.9325219241 1.56478835491 1.27548084194
21 2.93297730242 1.56628706988 1.2764832407
21 2.9334162036 1.56773669233 1.27745299317
21 2.93430125876 1.57067543462 1.27941853066
21 2.93516263785 1.57355585163 1.28134505975
21 2.93560091225 1.57502923761 1.28233072011
21 2.93602176932 1.57644909803 1.28328102936
22 2.93644125727 1.57786928952 1.28423146983
22 2.93769636469 1.58214852418 1.28709531267
22 2.93811821679 1.58359708606 1.28806466231
22 2.93892404001 1.58637880077 1.28992734538
22 2.93973076196 1.58918323434 1.29180561102
22 2.94012467622 1.59055986256 1.29272769718
22 2.94052621203 1.59196809366 1.29367120546
22 2.9409132325 1.59333020984 1.29458398333
22 2.94207409417 1.59744454928 1.29734068132
22 2.94245327719 1.59879793503 1.29824737863
22 2.94283839024 1.60017735047 1.29917198043
22 2.94357955183 1.60284604722 1.30096112082
22 2.94395807787 1.6042161963 1.3018796198
22 2.94468395934 1.60685749968 1.30365076469
22 2.94541070983 1.60952049212 1.305436676
22 2.94576558349 1.61082768489 1.30631342092
22 2.94612734546 1.61216494308 1.30721053722
22 2.94647603919 1.6134584207 1.30807843248
22 2.94717919967 1.6160804889 1.30983751757
23 2.94786360699 1.6186505104 1.31156169048
23 2.9482118827 1.61996521141 1.31244382475
23 2.9485463631 1.62123227024 1.31329432067
23 2.94887975036 1.62249955291 1.31414492798
23 2.94987733895 1.62631809798 1.3167079602
23 2.95021265965 1.62761069325 1.31757549221
23 2.95085331782 1.63009324484 1.31924252946
23 2.95118050837 1.63136775149 1.3200983863
23 2.95180799218 1.63382477127 1.32174873947
23 2.95243627061 1.63630201984 1.32341285338
23 2.95274306965 1.63751803007 1.32422980273
23 2.9530558479 1.6387620749 1.32506573738
23 2.95335733758 1.63996540336 1.32587444186
23 2.95396531397 1.64240466346 1.32751355546
23 2.95455710286 1.64479550544 1.32912013787
23 2.95485826901 1.64601859181 1.32994211221
23 2.95514752712 1.64719741598 1.33073460592
23 2.95543583772 1.64837641341 1.33152720035
23 2.95629858897 1.65192896692 1.33391543167
23 2.95658859755 1.65313151492 1.3347237977
23 2.95686612831 1.65428633968 1.33550039391
24 2.95742575853 1.65662710127 1.33707463199
24 2.95797049411 1.65892136965 1.33861760974
24 2.95851400364 1.66122633356 1.34016816333
24 2.95877940946 1.66235774209 1.34092937848
24 2.95905000606 1.66351528916 1.34170828667
24 2.95931084434 1.66463496154 1.34246182084
24 2.9598368487 1.6669045933 1.34398911177
24 2.9603488691 1.66912917573 1.34548609094
24 2.96060945678 1.6702672459 1.34625199119
24 2.96085975711 1.67136417988 1.3469904219
24 2.96110923601 1.67246124703 1.34772894378
24 2.96185582047 1.67576695325 1.34995424719
24 2.9621067888 1.67688593727 1.35070746588
24 2.96258638188 1.67903535679 1.35215484367
24 2.96283132841 1.68013883241 1.35289792552
24 2.96330114311 1.68226627019 1.35433081469
24 2.96377160736 1.68441130368 1.35577565324
24 2.96400135519 1.68546423271 1.35648495206
24 2.96423561045 1.68654153214 1.35721073955
24 2.96446142398 1.68758359166 1.35791288199
25 2.96491680149 1.68969585891 1.35933600918
25 2.965360089 1.69176620303 1.36073089155
25 2.9655857083 1.69282539758 1.36144455745
25 2.9658024331 1.69384634753 1.36213262736
25 2.96601844561 1.69486739883 1.36282077989
25 2.96666490611 1.69794407447 1.36489431254
25 2.96688222388 1.6989855275 1.36559616012
25 2.96729754649 1.70098613741 1.36694482462
25 2.96750967263 1.70201321516 1.36763722649
25 2.96791655773 1.7039934148 1.36897238938
25 2.9683240252 1.70599002453 1.37031868729
25 2.96852301349 1.70697009517 1.37097960889
25 2.96872591643 1.70797288659 1.37165589661
25 2.96892151214 1.70894288292 1.37231015056
25 2.96931595524 1.71090904584 1.37363621471
25 2.96969993881 1.71283618846 1.37493596015
25 2.96989538393 1.71382214621 1.37560095288
25 2.97008313353 1.71477253686 1.37624209503
25 2.97027026536 1.71572300367 1.37688331204
26 2.97083031545 1.71858701013 1.37881542045
26 2.97101859022 1.7195564719 1.37946939904
26 2.9713784344 1.72141888387 1.38072607991
26 2.97156222883 1.72237501227 1.38137125695
26 2.97191478611 1.72421846526 1.38261535628
26 2.97226786336 1.7260772219 1.38386983179
26 2.97244029349 1.72698962368 1.38448567488
26 2.97261612397 1.72792320751 1.38511583792
26 2.97278562579 1.72882626592 1.38572546879
26 2.97312744994 1.73065672197 1.38696108881
26 2.97346021979 1.73245085399 1.38817218524
26 2.97362960487 1.7333687823 1.38879182367
26 2.97379232775 1.73425362467 1.38938923812
26 2.97412047253 1.73604709848 1.39060016437
26 2.97443992589 1.73780497197 1.39178705077
26 2.97460253453 1.73870435476 1.39239430289
26 2.97475874935 1.73957132705 1.39297977526
26 2.97491444961 1.74043835075 1.3935653141
26 2.97538045066 1.74305094146 1.39532965551
26 2.9755371135 1.74393529692 1.39592684881
27 2.97583656332 1.74563430979 1.39707441298
27 2.97598951442 1.74650655139 1.39766356921
27 2.97628292254 1.74818831135 1.39879964369
27 2.97657677787 1.74988406029 1.39994519432
27 2.97672028954 1.75071644601 1.40050756329
27 2.97686663887 1.75156818648 1.40108301061
27 2.97700772408 1.75239208409 1.40163970756
27 2.97729224482 1.75406206031 1.40276803898
27 2.97756923864 1.75569890083 1.40387397645
27 2.97771023978 1.75653637567 1.40443981335
27 2.97784570184 1.75734369185 1.40498535578
27 2.97825206774 1.7597818982 1.4055309592
27 2.97838482254 1.76058384385 1.40717496874
27 2.97851973962 1.76140163565 1.40773135317
27 2.97877942967 1.76298374702 1.40880073152
27 2.97891208111 1.76379601259 1.40934970691
27 2.97916655713 1.7653621617 1.4104082992
27 2.97942142966 1.76694135567 1.41147572192
27 2.97954590514 1.76771652803 1.4119997361
27 2.97967284635 1.76850974369 1.4125359374
27 2.97979522356 1.76927703377 1.41305466684
28 2.98004201845 1.77083225591 1.41410604408
28 2.98028229021 1.77235662197 1.41513655465
28 2.98040460244 1.77313656357 1.41566380092
28 2.98052211371 1.77388843546 1.41617213705
28 2.98063923759 1.77464033266 1.41668052912
28 2.98098980153 1.7769060378 1.41821241426
28 2.98110766114 1.77767297122 1.41873092618
28 2.98133296495 1.77914649956 1.41972729841
28 2.98144804802 1.7799029813 1.42023883217
28 2.981668828 1.78136159416 1.42122522661
28 2.98188995876 1.78283237067 1.42221984933
28 2.98199795698 1.78355432428 1.42270812417
28 2.98210809795 1.78429309787 1.42320775578
28 2.98221428054 1.78500772867 1.42369110614
28 2.98242841765 1.7864562035 1.42467077143
28 2.98263689939 1.7878759425 1.425630985
28 2.98274303183 1.78860236262 1.4261222607
28 2.98284500143 1.7893026531 1.42659591218
28 2.9829466349 1.79000295992 1.42706961422
29 2.98325084184 1.79211321617 1.42849695833
29 2.98335311819 1.79282753001 1.4289800812
29 2.98354864115 1.79419999902 1.42990843893
29 2.98364851394 1.79490459878 1.4303850509
29 2.98384011935 1.79626319369 1.43130409676
29 2.9840320346 1.79763313005 1.43223079974
29 2.98412576562 1.79830558447 1.43268572864
29 2.98422135896 1.79899371821 1.43315123533
29 2.98431351807 1.79965936681 1.43360157066
29 2.98449937567 1.80100855067 1.43451431956
29 2.9846803286 1.80233097052 1.43540894513
29 2.98477244941 1.8030076055 1.43586666438
29 2.98486095934 1.80365991293 1.43630796314
29 2.98494917757 1.80431222974 1.43674930876
29 2.98521323642 1.80627788393 1.43807915834
29 2.98530201637 1.80694325003 1.43852928173
29 2.98547174479 1.80822170437 1.43939422964
29 2.98555844301 1.80887803879 1.4398382871
29 2.98572477738 1.81014358453 1.44069455854
29 2.98589138509 1.8114197047 1.44155796463
30 2.98597275709 1.81204610786 1.44198182009
30 2.98605574792 1.81268712681 1.44241553126
30 2.9861357583 1.81330720238 1.44283510732
30 2.98629711676 1.81456400779 1.44368551256
30 2.98645422017 1.81579588346 1.44451903253
30 2.9865342015 1.81642619749 1.44494548862
30 2.98661104964 1.81703385862 1.44535664626
30 2.98668764461 1.81764152371 1.44576784681
30 2.98691691709 1.81947263335 1.44700686499
30 2.98699400278 1.82009245631 1.44742624423
30 2.98714137945 1.82128342916 1.44823211578
30 2.98721666129 1.82189485228 1.4486458437
30 2.98736109623 1.82307381225 1.44944363155
30 2.98750577202 1.82426263113 1.45024806726
30 2.98757643328 1.82484618101 1.45064297321
30 2.98764850192 1.82544335514 1.45104706255
30 2.98771798319 1.82602102022 1.45143798181
30 2.98785810846 1.82719185928 1.45223030486
30 2.98799454114 1.82833947526 1.45300689622
30 2.9880640006 1.82892668208 1.45340422646
30 2.9881307405 1.8294927927 1.45378730318
31 2.98819726064 1.83005890317 1.45417041941
31 2.98839638006 1.83176479931 1.45532481563
31 2.98846332885 1.83234223775 1.45571555251
31 2.9885913293 1.83345179146 1.45646638617
31 2.98865671436 1.83402141558 1.45685185811
31 2.98878216416 1.83511978779 1.45759516068
31 2.98890782597 1.83622735153 1.4583446577
31 2.98896920136 1.83677101603 1.45871259352
31 2.98903180045 1.83732738034 1.45908908618
31 2.98909215281 1.83786557032 1.45945330801
31 2.98921386846 1.8389563943 1.46019152029
31 2.98933237873 1.8400255835 1.46091507569
31 2.98939271497 1.84057266611 1.46128527151
31 2.98945068997 1.84110010012 1.46164218735
31 2.98962462112 1.84269297931 1.4627201558
31 2.98968144715 1.84321687538 1.46307470054
31 2.98973921171 1.84375121235 1.46343626067
31 2.98985040943 1.84478495135 1.46413585987
31 2.98990721463 1.84531567836 1.4644950167
32 2.99001620505 1.84633905625 1.46518757613
32 2.99012538197 1.84737100343 1.46588590778
32 2.9901787065 1.84787755036 1.46622872591
32 2.99023309522 1.84839593555 1.46657951727
32 2.99028553242 1.84889738829 1.46691887537
32 2.99039128603 1.84991374773 1.46760669351
32 2.99049425637 1.85090995034 1.46828085576
32 2.99054668189 1.85141969111 1.46862578086
32 2.99059705666 1.85191112938 1.46895833265
32 2.99064726583 1.8524025621 1.4692909182
32 2.99079756604 1.85388343475 1.47029305855
32 2.99084810223 1.85438470341 1.4706322608
32 2.99094472848 1.85534792671 1.4712840677
32 2.9909940882 1.85584242764 1.47161870021
32 2.99108879491 1.85679595857 1.47226397041
32 2.99118366558 1.85775747828 1.47291461928
32 2.99123000314 1.85822945481 1.4732340294
32 2.99127726625 1.85871246615 1.47356086878
32 2.99132283397 1.85917970149 1.4738770555
32 2.9914147342 1.86012670482 1.47451790957
33 2.99150421722 1.86105492769 1.47514604058
33 2.99154977675 1.86152988754 1.47546741489
33 2.99159355481 1.86198779773 1.47577726085
33 2.99163718911 1.86244570073 1.47608713809
33 2.99176780983 1.86382553861 1.47702085498
33 2.99181172977 1.86429260737 1.47733689764
33 2.99189570761 1.86519012474 1.47794420178
33 2.99193860663 1.86565089352 1.47825598707
33 2.99202091858 1.86653938521 1.47885720144
33 2.99210337462 1.86743532435 1.47946342775
33 2.99214364898 1.86787510966 1.47976103034
33 2.99218472841 1.8683251808 1.48006555535
33 2.99222433465 1.86876055266 1.48036015493
33 2.99230421253 1.86964297169 1.48095725586
33 2.99238199069 1.8705078918 1.48154250269
33 2.99242159146 1.87095046305 1.48184193628
33 2.99245964433 1.87137715058 1.48213062868
33 2.99249757238 1.87180382976 1.48241935005
33 2.99261111319 1.87308958071 1.48328932112
33 2.99264929075 1.87352480141 1.48358378741
34 2.99272229042 1.87436112914 1.484149631
34 2.9927595818 1.87479048434 1.48444013084
34 2.99283113534 1.87561840623 1.48500030088
34 2.99290281545 1.87645327081 1.48556514107
34 2.99293782688 1.87686307675 1.48584242676
34 2.99297353869 1.87728247032 1.48612616259
34 2.99300797011 1.8776881672 1.48640065053
34 2.99307741203 1.87851043838 1.48695698883
34 2.99314502963 1.87931640403 1.48750228254
34 2.9931794577 1.87972881099 1.48778127493
34 2.99321254053 1.88012641947 1.48805025949
34 2.99324551498 1.88052401884 1.48831927089
34 2.99334422841 1.88172214299 1.48912985269
34 2.99337742084 1.88212770238 1.48940421713
34 2.99344088969 1.88290704013 1.4899314338
34 2.99347331269 1.88330713776 1.49020210279
34 2.99353552591 1.88407864615 1.49072403327
34 2.99359785029 1.88485662654 1.49125031542
34 2.99362829235 1.88523851003 1.49150867253
34 2.9936593438 1.88562933029 1.49177303973
34 2.99368928221 1.88600738758 1.49202879028
35 2.99374966312 1.88677363679 1.49254715127
35 2.99380845867 1.8875246919 1.49305522179
35 2.9938383954 1.88790900326 1.49331516965
35 2.99386716273 1.88827952646 1.4935657929
35 2.99389583597 1.8886500401 1.49381644103
35 2.99398167457 1.88976654588 1.49457169127
35 2.99401053828 1.89014447782 1.49482732727
35 2.99406573101 1.89087073189 1.49531855593
35 2.99409392649 1.89124357738 1.49557074891
35 2.99414802877 1.89196253837 1.49605705233
35 2.99420222866 1.89268753251 1.49654741059
35 2.99422870266 1.89304340691 1.49678813227
35 2.99425570695 1.89340761139 1.49703445401
35 2.9942817435 1.89375992253 1.49727274721
35 2.9943342555 1.89447398787 1.49775572529
35 2.99438538955 1.89517389432 1.49822911547
35 2.99441142568 1.89553203456 1.49847131977
35 2.9944364451 1.89587732735 1.49870483598
35 2.99446138281 1.89622261038 1.49893837527
35 2.99453603966 1.89726308756 1.49964207365
36 2.99456114382 1.89761528416 1.49988026054
36 2.99458518565 1.8979536954 1.5001090923
36 2.99463367219 1.89863954807 1.50057293844
36 2.99468088628 1.89931179359 1.50102757149
36 2.99472802843 1.89998742849 1.50148444273
36 2.99475105483 1.9003190667 1.50170872854
36 2.99477454273 1.90065846922 1.50193823226
36 2.99479718911 1.90098678869 1.50216025556
36 2.99484286407 1.90165222654 1.50261025747
36 2.9948873412 1.90230447006 1.50305132624
36 2.99490998814 1.90263822246 1.50327699384
36 2.99493175096 1.9029600037 1.50349456659
36 2.99495344284 1.90328177513 1.50371216074
36 2.99501838358 1.90425140351 1.50436781368
36 2.99504022094 1.90457961812 1.50458973829
36 2.9950819795 1.90521034159 1.5050161879
36 2.99510331256 1.90553414348 1.50523512378
36 2.99514424822 1.90615853749 1.50565729784
36 2.99518525916 1.90678817387 1.50608299239
37 2.99520529147 1.90709724049 1.50629196995
37 2.99522572551 1.90741354432 1.5065058094
37 2.99524542761 1.90771951969 1.50671267897
37 2.99528516475 1.90833966959 1.50713196699
37 2.99532386041 1.90894752345 1.50754293168
37 2.99534356381 1.90925856263 1.50775319702
37 2.99536249821 1.9095584465 1.50795591989
37 2.995381371 1.90985832066 1.50815866244
37 2.99543787292 1.91076196459 1.50876955838
37 2.99545687288 1.91106784379 1.50897633048
37 2.99549320618 1.91165564913 1.50937365311
37 2.99551176789 1.91195741767 1.509577633
37 2.99554738617 1.91253932592 1.50997096033
37 2.99558307055 1.91312612092 1.51036755974
37 2.99560050129 1.91341415822 1.51056225202
37 2.99561828174 1.91370894135 1.51076147051
37 2.99563542547 1.91399409901 1.5109541938
37 2.99567000308 1.91457205492 1.51134480667
37 2.99570367501 1.91513855166 1.51172765928
37 2.9957208206 1.91542842916 1.51192353785
37 2.99573729721 1.91570791126 1.51211238713
38 2.99575372037 1.91598738384 1.51230125439
38 2.99580288941 1.9168295502 1.51287033813
38 2.99581942384 1.91711461953 1.51306295809
38 2.99585104287 1.91766243745 1.51343308734
38 2.99586719641 1.91794367721 1.51362310664
38 2.99589819408 1.91848600054 1.51398951469
38 2.99592924987 1.91903287906 1.5143589714
38 2.99594441989 1.91930132276 1.51454033932
38 2.99595989443 1.91957605427 1.51472592393
38 2.99597481497 1.91984181523 1.51490545793
38 2.99600490896 1.92038045746 1.51526933888
38 2.99603421524 1.92090842019 1.51562599105
38 2.99604913808 1.92117858039 1.51580846498
38 2.99606347883 1.92143905303 1.51598439081
38 2.99607777318 1.92169951643 1.51616033339
38 2.9961205696 1.9224844009 1.51669047392
38 2.99613496132 1.92275008057 1.51686991284
38 2.99616248328 1.9232606396 1.51721471456
38 2.9961765439 1.92352275135 1.51739173117
39 2.99620352579 1.92402819057 1.51773306693
39 2.99623055879 1.92453787589 1.51807724319
39 2.99624376396 1.92478806275 1.51824620092
39 2.99625723435 1.92504411048 1.51841908703
39 2.99627022261 1.92529179789 1.51858633662
39 2.99629641964 1.92579380831 1.51892531959
39 2.99632193145 1.92628586569 1.51925756878
39 2.99633492234 1.92653765351 1.51942755764
39 2.99634740662 1.9267804132 1.51959144659
39 2.99635985062 1.92702316398 1.51975535112
39 2.99639710791 1.92775467346 1.52024921991
39 2.99640963715 1.92800228595 1.52041638195
39 2.99643359779 1.92847812692 1.52073759348
39 2.99644583916 1.92872241506 1.52090249929
39 2.9964693303 1.92919348526 1.52122048252
39 2.9964928664 1.9296685134 1.52154111232
39 2.99650436356 1.92990168826 1.52169851106
39 2.99651609176 1.93014032603 1.52185956964
39 2.9965274003 1.93037117208 1.52201537735
39 2.99655020968 1.93083904821 1.52233117002
40 2.99657242288 1.93129764819 1.52264068989
40 2.99658373426 1.93153231613 1.52279904994
40 2.99659460464 1.9317585703 1.52295172749
40 2.99660544004 1.93198481593 1.52310441957
40 2.99663788183 1.93266658887 1.52356450409
40 2.99664879188 1.93289736579 1.52372023107
40 2.99666965632 1.93334085506 1.52401946618
40 2.996680316 1.93356853443 1.52417308869
40 2.99670077223 1.93400757802 1.52446931196
40 2.996721268 1.93445031095 1.52476799776
40 2.99673128014 1.93466763322 1.52491462329
40 2.99674149358 1.93489004747 1.52506465686
40 2.99675134167 1.93510519982 1.52520979831
40 2.99677120562 1.93554126783 1.5255039714
40 2.99679055076 1.93596869046 1.52579229887
40 2.99680040181 1.93618740512 1.52593981488
40 2.99680986889 1.93639827843 1.52608203633
40 2.99681930563 1.93660914357 1.52622427117
40 2.9968475603 1.93724456903 1.52665284278
40 2.99685706243 1.93745965755 1.52679790249
41 2.99687523464 1.93787299926 1.52707663718
41 2.99688451901 1.93808520145 1.52721973426
41 2.99690233625 1.93849440031 1.52749565924
41 2.9969201883 1.93890703811 1.5277738752
41 2.99692890914 1.93910958775 1.52791045129
41 2.99693780539 1.9393168836 1.52805020059
41 2.99694638351 1.93951741127 1.52818539245
41 2.99696368619 1.93992383793 1.52845939864
41 2.99698053731 1.94032220697 1.5287279578
41 2.99698911846 1.94052605502 1.52886535852
41 2.99699736523 1.94072259505 1.52899782659
41 2.99700558568 1.94091912731 1.529130307
41 2.99703019916 1.94151136207 1.5295294838
41 2.99703847694 1.94171183075 1.52966459318
41 2.99705430791 1.94209707807 1.52992420751
41 2.99706239627 1.94229485711 1.53005748873
41 2.99707791853 1.94267624364 1.53031448688
41 2.99709347147 1.9430608357 1.53057361939
41 2.99710106932 1.94324961864 1.53070082756
41 2.99710882007 1.94344282553 1.53083099151
41 2.99711629374 1.94362972431 1.53095691071
42 2.99713136891 1.94400852792 1.53121212339
42 2.997146051 1.94437982164 1.53146226273
42 2.9971535277 1.9445698153 1.53159023827
42 2.99716071315 1.9447529979 1.53171361846
42 2.99716787576 1.94493617314 1.53183701002
42 2.99718932236 1.94548815775 1.53220879799
42 2.99719653524 1.94567500197 1.53233463614
42 2.99721032987 1.94603406749 1.53257643257
42 2.99721737793 1.94621840528 1.53270056572
42 2.99723090404 1.94657387281 1.53293992203
42 2.99724445717 1.94693232829 1.53318126384
42 2.99725107822 1.9471082817 1.53329973789
42 2.99725783254 1.94728835867 1.53342096241
42 2.99726434549 1.94746255628 1.53353823247
42 2.99727748307 1.94781561719 1.53377591317
42 2.99729027839 1.94816167866 1.53400886527
42 2.99729679438 1.94833876098 1.53412804637
42 2.99730305661 1.94850949533 1.53424294693
42 2.99730929904 1.9486802227 1.53435785799
43 2.99732799083 1.94919469685 1.53470409063
43 2.99733427738 1.94936884394 1.53482127828
43 2.99734630056 1.94970350961 1.53504644949
43 2.99735244367 1.94987532097 1.53516204613
43 2.99736423324 1.9502066335 1.5353849376
43 2.99737604665 1.95054073117 1.53560967305
43 2.99738181793 1.95070472819 1.53571999384
43 2.99738770544 1.95087256877 1.53583287477
43 2.99739338263 1.95103492954 1.53594207269
43 2.99740483458 1.95136399963 1.53616339103
43 2.99741598847 1.95168654597 1.5363803024
43 2.99742166865 1.95185159558 1.53649127447
43 2.99742712768 1.95201072874 1.53659825877
43 2.99743256956 1.95216985533 1.53670525266
43 2.9974488646 1.95264937156 1.53702762081
43 2.9974543452 1.95281168559 1.53713672826
43 2.99746482714 1.95312361172 1.53734636315
43 2.99747533028 1.95343815281 1.53755772772
43 2.99748046157 1.95359255018 1.53766148259
43 2.99748569619 1.95375056629 1.53776764041
44 2.99749577588 1.9540562776 1.53797302691
44 2.99750092629 1.95421323154 1.53807845975
44 2.99751081096 1.95451589425 1.5382817399
44 2.99752071586 1.95482110155 1.53848668391
44 2.99752555498 1.95497091732 1.53858728411
44 2.99753049148 1.95512424453 1.5386902086
44 2.99753525178 1.95527256585 1.53878976939
44 2.99754485455 1.95557318093 1.53899154677
44 2.99755420774 1.95586783651 1.5391892864
44 2.99755897087 1.9560186144 1.53929043641
44 2.99756354859 1.95616398767 1.53938793857
44 2.99756811224 1.95630935485 1.53948544816
44 2.99758177784 1.95674740847 1.53977919837
44 2.99758637421 1.95689568766 1.53987860696
44 2.99759516506 1.95718064313 1.54006956129
44 2.99759965694 1.95732693423 1.54016757944
44 2.99760827795 1.9576090354 1.54035653545
44 2.99761691679 1.95789350856 1.54054700627
44 2.99762113764 1.95803314669 1.54064049406
44 2.99762544327 1.95817605789 1.54073612727
44 2.9976295954 1.95831430334 1.54082862817
45 2.99763797169 1.95859449677 1.54101608621
45 2.99764613059 1.95886913568 1.54119976923
45 2.99765028548 1.95900967103 1.54129371394
45 2.9976542787 1.95914516907 1.54138425818
45 2.99765825994 1.95928066137 1.54147480849
45 2.99767018183 1.95968895802 1.54174755549
45 2.99767419186 1.95982716464 1.54183984545
45 2.99768186134 1.96009276225 1.54201708871
45 2.99768578041 1.96022911514 1.54210806104
45 2.99769330225 1.96049205116 1.54228340946
45 2.99770083985 1.9607571972 1.54246013578
45 2.99770452292 1.96088734811 1.54254687061
45 2.99770827983 1.96102054933 1.54263558299
45 2.99771190295 1.9611494016 1.5427213833
45 2.99771921247 1.96141055686 1.54289525288
45 2.9977263326 1.96166653438 1.5430655993
45 2.99772995847 1.96179752011 1.54315270956
45 2.9977334433 1.96192381046 1.54323665517
45 2.99773691797 1.96205009546 1.543320606
46 2.99774732325 1.96243064547 1.54357343784
46 2.99775082331 1.9625594597 1.54365897862
46 2.9977575175 1.96280700775 1.543741096
46 2.99776422635 1.96305662943 1.54398902345
46 2.99776750461 1.96317915926 1.54407053358
46 2.99777084818 1.96330456229 1.54415359994
46 2.99777728848 1.96354717738 1.54431426621
46 2.9977805795 1.96367173721 1.54439671693
46 2.99778689623 1.96391193245 1.54455560756
46 2.9977932265 1.9641541468 1.54471571123
46 2.99779632002 1.96427304136 1.54479427944
46 2.99779947538 1.96439472257 1.54487462134
46 2.99780251862 1.96451243101 1.54495231817
46 2.99780865876 1.96475100011 1.54510975401
46 2.99781464032 1.96498483939 1.5452639721
46 2.99781768632 1.96510449692 1.54534281635
46 2.99782061392 1.96521986529 1.5454187804
46 2.99782353341 1.96533522871 1.54549474891
46 2.99783227658 1.96568286762 1.54572349267
46 2.99783521776 1.96580054164 1.54580087007
46 2.99783803413 1.96591361529 1.5458751259
47 2.99784371814 1.96614277745 1.54602560637
47 2.99784925553 1.96636739372 1.54617299617
47 2.99785478554 1.96659314992 1.5463209247
47 2.99785748846 1.96670396327 1.54639351335
47 2.99786024524 1.96681737395 1.54646772581
47 2.99786290427 1.9669270819 1.54653948867
47 2.99786826969 1.96714943576 1.54668489073
47 2.99787349692 1.96736738133 1.54682729791
47 2.99787615875 1.96747890599 1.54690008814
47 2.99787871718 1.96758643308 1.54697020642
47 2.99788126887 1.96769395553 1.54704032889
47 2.99788891096 1.96801796639 1.54725143024
47 2.99789148191 1.96812764246 1.54732282823
47 2.99789639928 1.96833841239 1.54745983293
47 2.99789891264 1.96844661782 1.54753012886
47 2.99790373725 1.96865527617 1.54766554402
47 2.99790857268 1.96886568872 1.54780193481
47 2.99791093632 1.9689689729 1.54786885321
47 2.99791334688 1.96907467801 1.54793725324
47 2.99791567219 1.96917693199 1.54800338879
48 2.99792036469 1.96938417826 1.54813737977
48 2.99792493675 1.9695873158 1.54826858756
48 2.9979272649 1.96969126311 1.54833563776
48 2.99792950267 1.9697914845 1.54840021319
48 2.99793173494 1.96989170155 1.54846479316
48 2.99793842071 1.97019369819 1.54865916826
48 2.99794067012 1.97029592257 1.54872489812
48 2.99794497256 1.97049237234 1.54885098535
48 2.99794717186 1.97059322608 1.54891567166
48 2.99795139385 1.97078770781 1.54904025326
48 2.9979556256 1.9709838246 1.54916570254
48 2.9979576945 1.9710800915 1.54922724617
48 2.99795980428 1.97117861488 1.54929013691
48 2.99796183968 1.97127392161 1.5493509395
48 2.9979659476 1.97146708732 1.54947411703
48 2.99796995051 1.97165642345 1.54959471337
48 2.99797198878 1.97175330849 1.54965632516
48 2.997973948 1.97184672078 1.54971565041
48 2.99797590278 1.971940129 1.54977498062
49 2.99798175783 1.97222160777 1.54995351577
49 2.99798372793 1.97231688694 1.5500138783
49 2.99798749621 1.97249998985 1.55012963032
49 2.99798942269 1.97259399154 1.55018900714
49 2.99799312124 1.97277526012 1.55030333687
49 2.99799682859 1.97295805269 1.55041843427
49 2.99799864147 1.97304777918 1.55047489362
49 2.99800048999 1.97313960887 1.55053257388
49 2.99800227355 1.97322844045 1.55058833323
49 2.9980058737 1.97340848242 1.55070128604
49 2.99800938223 1.97358495499 1.55081185097
49 2.99801116873 1.97367525763 1.55086832315
49 2.99801288599 1.97376232346 1.55092268698
49 2.99801459974 1.97384938549 1.55097705666
49 2.9980197332 1.97411174045 1.5511406289
49 2.9980214607 1.97420054629 1.55119592291
49 2.99802476501 1.97437120906 1.55130191833
49 2.99802645452 1.97445882421 1.5513562836
49 2.99802969838 1.97462777724 1.55146094009
49 2.99803295024 1.97479815065 1.55156627255
50 2.99803454072 1.97488178099 1.55161793696
50 2.9980361623 1.9749673716 1.55167070412
50 2.99803772711 1.97505016778 1.55172170939
50 2.99804088616 1.9752179773 1.55182502418
50 2.99804396525 1.97538245984 1.55192613639
50 2.99804553302 1.97546662702 1.55197776662
50 2.99804704011 1.97554777729 1.55202745879
50 2.99804854447 1.975628924 1.55207715761
50 2.99805156925 1.97579285066 1.55217738714
50 2.99805456782 1.97595622536 1.55227716908
50 2.99805747971 1.97611582131 1.55237439798
50 2.99805896265 1.97619748515 1.55242404261
50 2.99806181137 1.97635495491 1.55251960339
50 2.99806466739 1.97651374838 1.55261575885
50 2.99806606458 1.9765916945 1.55266291801
50 2.99806748894 1.97667146761 1.55271107142
50 2.99806886363 1.9767486362 1.55275761278
50 2.99807163933 1.97690503979 1.55285188058
50 2.99807434515 1.97705834245 1.55294412264
50 2.99807572284 1.97713678874 1.55299121219
50 2.99807704726 1.97721242313 1.55303652415
51 2.99807836962 1.9772880542 1.5530818439
51 2.99808233137 1.97751596251 1.55321813305
51 2.9980836649 1.97759310824 1.55326418875
51 2.99808621578 1.97774136293 1.55335241679
51 2.99808752047 1.97781747409 1.55339765972
51 2.99809002593 1.97796424319 1.55348471762
51 2.99809253808 1.97811224594 1.55357229813
51 2.99809376733 1.97818489525 1.55361524842
51 2.99809502036 1.97825924735 1.55365909366
51 2.99809622988 1.97833117189 1.55370146771
51 2.99809867247 1.97847694691 1.55378729007
51 2.99810105395 1.97861983164 1.5538712551
51 2.99810226648 1.97869294693 1.5539141088
51 2.99810343219 1.97876344138 1.55395533692
51 2.99810693729 1.97897633403 1.55407970817
51 2.99810808459 1.97904635272 1.55412056129
51 2.99810924926 1.97911777578 1.55416207159
51 2.9981114971 1.97925595193 1.55424231797
51 2.9981126463 1.97932689219 1.55428345655
52 2.99811485339 1.97946368995 1.55436260177
52 2.99811706662 1.97960163748 1.55444220546
52 2.99811814986 1.97966935101 1.55448124144
52 2.99811925395 1.97973865161 1.5545210811
52 2.99812138388 1.97987272607 1.55459808168
52 2.99812351914 1.98000793044 1.55467551684
52 2.99812456429 1.98007429745 1.55471348849
52 2.99812562954 1.98014221996 1.5547522404
52 2.99812665801 1.98020792479 1.55478968957
52 2.99812873546 1.98034109379 1.55486553557
52 2.99813076137 1.98047162232 1.5549397324
52 2.99813179291 1.98053841476 1.55497759521
52 2.99813278469 1.98060281291 1.55501401768
52 2.99813377543 1.98066720823 1.55505044935
52 2.99813674451 1.98086125811 1.55515998132
52 2.99813774426 1.98092694285 1.55519698794
52 2.99813965693 1.98105317202 1.55526785564
52 2.99814157595 1.98118045896 1.55533914587
52 2.99814251536 1.98124293955 1.55537410629
52 2.99814347294 1.98130688446 1.55540979107
53 2.99814532048 1.98143059731 1.55547876506
53 2.9981462652 1.98149411199 1.55551412601
53 2.99814807992 1.98161659044 1.55558216054
53 2.99814990017 1.9817400981 1.55565059651
53 2.99815079127 1.98180072356 1.55568415777
53 2.9981516996 1.98186276986 1.55571841453
53 2.99815257664 1.98192279032 1.55575152133
53 2.99815434853 1.98204443831 1.55581857648
53 2.99815607685 1.98216367416 1.55588418055
53 2.99815695699 1.98222468799 1.55591766266
53 2.99815780326 1.98228351463 1.55594987417
53 2.99815864875 1.98234233867 1.55598209382
53 2.9981611831 1.98251959986 1.55607897221
53 2.99816203665 1.98257960168 1.55611170709
53 2.99816366978 1.98269490864 1.55617440122
53 2.99816450551 1.98275410477 1.55620654942
53 2.99816611102 1.98286825467 1.55626840432
53 2.99816772164 1.98298336294 1.55633062662
53 2.99816851022 1.98303986526 1.55636114131
53 2.99816931407 1.98309769134 1.55639228857
53 2.99817009029 1.98315362917 1.55642239041
54 2.99817165872 1.9832670024 1.55648336027
54 2.99817318881 1.98337812696 1.55654301165
54 2.99817396805 1.98343498976 1.55657345549
54 2.99817471734 1.98348981377 1.55660274389
54 2.99817546604 1.98354463539 1.55663204015
54 2.99817771056 1.98370983457 1.55672012993
54 2.99817846662 1.98376575321 1.55674989576
54 2.99817991328 1.98387321314 1.556806903
54 2.99818065369 1.98392838077 1.55683613547
54 2.99818207619 1.9840347623 1.5568923789
54 2.99818350342 1.98414203691 1.55694895639
54 2.99818420232 1.98419469396 1.5569767031
54 2.99818491476 1.98424858464 1.557005025
54 2.99818560276 1.98430071558 1.55703239636
54 2.99818699314 1.98440637308 1.55708783606
54 2.99818834973 1.98450993489 1.55714207631
54 2.99818904066 1.98456292747 1.55716975846
54 2.99818970505 1.98461401956 1.55719639017
54 2.99819036901 1.98466510945 1.55722302934
55 2.99819235973 1.98481906225 1.55730313004
55 2.9981930304 1.98487117375 1.55733019627
55 2.99819431371 1.98497131605 1.55738203266
55 2.9981949706 1.98502272673 1.55740861391
55 2.99819623274 1.98512186272 1.55745975711
55 2.99819749921 1.98522183005 1.55751120347
55 2.99819811948 1.98527090002 1.55753643391
55 2.99819875174 1.98532111912 1.55756218659
55 2.99819936238 1.98536969816 1.55758707495
55 2.99820059657 1.98546815655 1.55763748584
55 2.99820180096 1.98556466139 1.55768680668
55 2.99820241438 1.98561404272 1.55771197792
55 2.99820300427 1.98566165307 1.55773619359
55 2.99820359386 1.98570926136 1.55776041642
55 2.99820536181 1.98585272274 1.55783325104
55 2.99820595752 1.98590128298 1.55785786195
55 2.99820709741 1.98599460077 1.55790499507
55 2.99820768097 1.98604250789 1.55792916477
55 2.9982088023 1.98613488787 1.55797566751
55 2.99820992759 1.98622804248 1.55802244519
56 2.99821047879 1.98627376835 1.55804538608
56 2.99821104065 1.98632056501 1.5580688015
56 2.99821158333 1.98636583336 1.55809143125
56 2.99821268033 1.98645758174 1.55813726801
56 2.99821375098 1.98654750968 1.55818211403
56 2.99821429632 1.9865935256 1.55820500123
56 2.99821482074 1.98663789121 1.55822701936
56 2.99821534496 1.9866822549 1.55824904432
56 2.9982169171 1.98681593904 1.55831527086
56 2.9982174469 1.98686118976 1.55833764909
56 2.99821846069 1.98694814764 1.5583590709
56 2.99821897975 1.98699278972 1.55840248037
56 2.99821997757 1.98707887296 1.55844493705
56 2.99822097836 1.98716567866 1.55848746621
56 2.99822146879 1.98720828811 1.55850832459
56 2.99822196868 1.98725189534 1.55852961387
56 2.99822293392 1.98733626061 1.55857076531
56 2.99822390235 1.98742133514 1.55861215573
56 2.9982243768 1.98746309482 1.55863245469
56 2.9982248604 1.98750583238 1.55865317319
56 2.99822532754 1.98754717418 1.55867319642
57 2.99822627201 1.98763096436 1.55871375414
57 2.99822719393 1.98771309196 1.5587534348
57 2.99822766352 1.98775511643 1.55877368519
57 2.99822811511 1.98779563372 1.55879316602
57 2.99822856661 1.98783614926 1.55881265332
57 2.99822992084 1.98795823744 1.55887124843
57 2.99823037728 1.98799956302 1.55889104799
57 2.99823125069 1.98807897793 1.55892896424
57 2.99823169794 1.98811974762 1.5589484075
57 2.99823255747 1.98819836429 1.55898581601
57 2.99823342023 1.98827763951 1.55902344646
57 2.99823384296 1.98831655234 1.55904190177
57 2.99823427383 1.98835637595 1.55906073831
57 2.99823469005 1.98839489879 1.55907894274
57 2.99823553167 1.98847297537 1.55911581661
57 2.99823635328 1.98854950216 1.55915189313
57 2.99823677178 1.98858866028 1.55917030409
57 2.99823717424 1.98862641363 1.55918801556
57 2.99823757667 1.98866416537 1.55920573309
58 2.99823878383 1.98877792421 1.55925900825
58 2.99823919074 1.98881643013 1.55927701063
58 2.99823996936 1.98889042536 1.5593114855
58 2.9982403681 1.98892841252 1.55932916422
58 2.99824113442 1.98900166287 1.55936317751
58 2.99824190368 1.98907552659 1.55939739212
58 2.99824228063 1.98911178314 1.55941417222
58 2.99824266483 1.98914888829 1.55943129884
58 2.99824303599 1.98918478145 1.55944785083
58 2.99824378658 1.9892575283 1.55948137803
58 2.99824451941 1.98932883112 1.55951418048
58 2.99824489269 1.98936531617 1.55953092071
58 2.99824525165 1.98940049232 1.55954702471
58 2.99824561063 1.98943566698 1.55956313444
58 2.99824668753 1.98954166014 1.55961157448
58 2.99824705057 1.98957753747 1.55962794294
58 2.99824739774 1.98961201056 1.55964361101
58 2.99824844444 1.98971611429 1.55969089368
58 2.99824878764 1.98975035251 1.55970642685
58 2.99824913579 1.98978527574 1.55972220688
59 2.99824980879 1.98985283785 1.55975271654
59 2.9982501532 1.98988752397 1.55976835884
59 2.99825081513 1.98995440895 1.55979845406
59 2.99825147964 1.99002185397 1.55982872762
59 2.99825180531 1.99005495985 1.55984357509
59 2.9982521372 1.99008884035 1.55985872875
59 2.99825245786 1.99012161401 1.55987337396
59 2.99825310639 1.99018803819 1.5599030392
59 2.99825373964 1.99025314328 1.55993206338
59 2.99825406219 1.99028645661 1.55994687514
59 2.99825437235 1.99031857446 1.55996112373
59 2.99825468258 1.99035069096 1.55997537765
59 2.99825561328 1.99044746793 1.56001823746
59 2.99825592707 1.99048022545 1.56003272041
59 2.99825652743 1.99054317307 1.56006045488
59 2.99825683493 1.99057548849 1.56007467729
59 2.99825742592 1.99063780134 1.56010204036
59 2.99825801922 1.99070063522 1.56012956517
59 2.99825831002 1.99073147753 1.56014306455
59 2.99825860635 1.99076304131 1.56015684219
59 2.99825889266 1.99079357394 1.56017015764
60 2.99825947179 1.99085545608 1.56019712964
60 2.9982600373 1.99091610933 1.56022351907
60 2.99826032534 1.9909471447 1.5602369863
60 2.9982606023 1.99097706633 1.56024994132
60 2.99826087935 1.99100698671 1.56026290134
60 2.99826171055 1.99109714603 1.56030186992
60 2.99826199081 1.99112766356 1.5603150378
60 2.99826252697 1.99118630674 1.56034025313
60 2.99826280161 1.99121641239 1.56035318395
60 2.99826332944 1.99127446418 1.56037806249
60 2.99826385934 1.99133300134 1.56040308861
60 2.99826411908 1.99136173458 1.56041536268
60 2.99826438375 1.99139113994 1.56042788993
60 2.99826463946 1.99141958466 1.56043999704
60 2.99826515675 1.99147723512 1.5604645216
60 2.9982656619 1.99153374071 1.56048851633
60 2.99826591918 1.99156265376 1.5605007612
60 2.99826616654 1.99159052922 1.56051254025
60 2.99826641402 1.99161840352 1.56052432401
61 2.99826715652 1.99170239735 1.56055975604
61 2.99826740688 1.99173082794 1.56057172905
61 2.99826788579 1.9917854608 1.56059465649
61 2.99826813112 1.99181350765 1.56060641403
61 2.99826860259 1.99186758943 1.56062903513
61 2.99826907591 1.99192212271 1.5606517908
61 2.99826930793 1.99194889048 1.56066295147
61 2.99826954431 1.99197628404 1.56067434221
61 2.9982697727 1.99200278253 1.56068535095
61 2.99827023476 1.9920564883 1.5607076509
61 2.99827068598 1.99210912706 1.56072946962
61 2.99827091578 1.99213606118 1.56074060436
61 2.9982711367 1.99216202841 1.56075131578
61 2.99827180253 1.9922404472 1.56078363514
61 2.99827202092 1.99226623781 1.56079425322
61 2.9982722423 1.99229254341 1.56080503986
61 2.99827267039 1.99234343343 1.56082589609
61 2.99827288949 1.99236955983 1.56083658938
61 2.99827331054 1.99241993797 1.56085716326
61 2.99827373322 1.99247073669 1.56087785925
62 2.99827394042 1.99249567134 1.56088800967
62 2.99827415149 1.99252118891 1.56089836901
62 2.99827435542 1.99254587271 1.56090838087
62 2.99827476803 1.99259590055 1.56092866159
62 2.99827517097 1.99264493443 1.56094850461
62 2.99827537616 1.992670024 1.56095863097
62 2.9982755734 1.99269421289 1.56096837222
62 2.99827577077 1.99271840079 1.56097811749
62 2.99827636291 1.99279128558 1.56100742083
62 2.99827656258 1.99281595574 1.56101732304
62 2.99827694438 1.99286336155 1.56103628501
62 2.99827713998 1.99288769811 1.56104600915
62 2.99827751582 1.99293462495 1.56106471801
62 2.99827789309 1.99298194354 1.56108353788
62 2.99827807803 1.99300516996 1.56109276831
62 2.9982782664 1.99302893936 1.56110218884
62 2.9982784484 1.9930519321 1.56111129354
62 2.99827881666 1.9930985326 1.5611297369
62 2.99827917628 1.99314420723 1.56114778258
62 2.99827935938 1.99316757794 1.56115699187
62 2.99827953537 1.99319010956 1.56116585113
63 2.99827971149 1.99321264026 1.56117471418
63 2.99828023985 1.99328053074 1.56120136551
63 2.99828041801 1.99330351022 1.5612103718
63 2.9982807586 1.9933476664 1.56122761904
63 2.99828093308 1.99337033457 1.56123646409
63 2.99828126831 1.99341404381 1.56125348234
63 2.99828160478 1.99345811737 1.56127060236
63 2.99828176972 1.99347975084 1.56127899928
63 2.99828193769 1.99350188974 1.56128756928
63 2.99828209997 1.99352330514 1.56129585177
63 2.99828242833 1.99356670862 1.56131262934
63 2.99828274897 1.99360924933 1.56132904429
63 2.9982829122 1.99363101619 1.56133742071
63 2.99828306905 1.99365200137 1.56134547808
63 2.99828322605 1.9936729857 1.56135353894
63 2.99828369698 1.99373621656 1.56137777636
63 2.99828385577 1.99375761885 1.56138596646
63 2.99828415924 1.99379874433 1.5614016484
63 2.99828431471 1.99381985665 1.56140969031
64 2.99828461335 1.99386056583 1.56142516187
64 2.99828491306 1.9939016143 1.56144072461
64 2.99828505998 1.9939217629 1.56144835741
64 2.99828520956 1.99394238224 1.56145614702
64 2.99828535408 1.99396232772 1.56146367531
64 2.9982856465 1.99400275206 1.56147892529
64 2.99828593204 1.99404237285 1.56149384592
64 2.99828607736 1.99406264566 1.56150146006
64 2.99828621699 1.99408219045 1.56150878517
64 2.99828635675 1.99410173445 1.56151611355
64 2.99828677595 1.99416062526 1.56153815208
64 2.99828691729 1.99418055854 1.56154560014
64 2.99828718733 1.99421886127 1.56155986508
64 2.99828732566 1.99423852449 1.56156718111
64 2.99828759134 1.99427643951 1.56158125867
64 2.99828785792 1.99431467054 1.56159542168
64 2.9982879886 1.9943334362 1.5616023687
64 2.99828812162 1.99435264004 1.56160945964
64 2.99828837861 1.99438979194 1.56161631338
64 2.99828863646 1.99442725371 1.56163698792
65 2.99828876281 1.99444564162 1.56164378011
65 2.99828901549 1.99448266128 1.56165735698
65 2.99828913971 1.99450086322 1.56166403172
65 2.99828938824 1.9945375087 1.56167743
65 2.99828951036 1.99455552666 1.56168401654
65 2.99828975468 1.99459180179 1.56169723778
65 2.99828987474 1.9946096377 1.56170373731
65 2.99829011492 1.99464554708 1.56171678336
65 2.99829023294 1.9946632032 1.56172319692
65 2.99829046902 1.99469875063 1.56173606345
65 2.99829058504 1.99471622877 1.56174238771
65 2.99829081708 1.99475141787 1.56175507478
65 2.99829093112 1.99476871982 1.56176131084
65 2.9982911592 1.99480355421 1.56177382094
65 2.99829127129 1.99482068175 1.56177997002
65 2.99829149546 1.99485516499 1.56179230564
65 2.99829160562 1.99487211988 1.56179836896
65 2.99829182593 1.99490625552 1.56181053267
65 2.9982919342 1.99492303949 1.56181651151
65 2.99829215071 1.99495683102 1.56182850582
66 2.99829225711 1.99497344581 1.5618344014
66 2.99829246987 1.9950068967 1.56184622868
66 2.99829257443 1.995023344 1.56185204217
66 2.99829278349 1.99505645768 1.56186370475
66 2.99829288623 1.99507273918 1.56186943729
66 2.99829309164 1.99510551906 1.56188093746
66 2.99829319259 1.99512163643 1.56188659018
66 2.99829339441 1.99515408586 1.56189793021
66 2.99829349359 1.99517004076 1.56190350422
66 2.99829369186 1.99520216307 1.56191468635
66 2.9982937893 1.99521795713 1.56192018275
66 2.99829398408 1.99524975564 1.56193121034
66 2.9982940798 1.99526539048 1.5619366307
66 2.99829427116 1.99529686841 1.56194751795
66 2.9982943652 1.9953123456 1.56195287105
66 2.99829455317 1.9953435057 1.56196362321
66 2.99829464554 1.99535882663 1.56196890989
66 2.99829483016 1.99538967212 1.56197952857
66 2.99829492088 1.99540483836 1.56198474963
66 2.9982951022 1.99543537242 1.56199523651
67 2.9982951913 1.99545038553 1.56200039276
67 2.99829536936 1.9954806113 1.56201074952
67 2.99829545686 1.99549547283 1.5620158418
67 2.9982956317 1.99552539343 1.56202607018
67 2.99829571762 1.99554010491 1.56203109934
67 2.9982958893 1.99556972341 1.56204120092
67 2.99829597366 1.99558428635 1.56204616774
67 2.9982961422 1.99561360581 1.56205614409
67 2.99829622502 1.99562802172 1.56206104933
67 2.99829639048 1.99565704571 1.56207090165
67 2.99829647179 1.9956713164 1.5620757459
67 2.9982966342 1.99570004819 1.56208547579
67 2.99829671402 1.99571417521 1.56209025985
67 2.99829687343 1.99574261774 1.56209986884
67 2.99829695177 1.99575660253 1.56210459346
67 2.99829710822 1.99578475871 1.56211408308
67 2.99829718511 1.99579860271 1.56211874901
67 2.99829733864 1.99582647542 1.56212812088
67 2.99829741409 1.99584018004 1.56213272892
67 2.99829756474 1.99586777214 1.56214198451
68 2.99829763877 1.99588133878 1.56214653538
68 2.99829778657 1.99590865309 1.56215567615
68 2.9982978592 1.99592208314 1.56216017056
68 2.9982980042 1.99594912244 1.56216919594
68 2.99829807545 1.99596241729 1.56217363452
68 2.99829821756 1.99598918423 1.56218251918
68 2.99829828742 1.99600234514 1.56218688397
68 2.99829842676 1.99602884242 1.56219562045
68 2.99829849526 1.99604187074 1.56219991242
68 2.99829863185 1.99606810108 1.56220850289
68 2.998298699 1.99608099815 1.56221272314
68 2.9982988329 1.99610696423 1.56222116999
68 2.99829889872 1.99611973136 1.56222531969
68 2.99829902995 1.99614543556 1.56223362519
68 2.99829909447 1.99615807389 1.56223770546
68 2.99829922306 1.99618351866 1.56224587206
68 2.99829928628 1.99619602944 1.56224988409
68 2.99829941228 1.99622121739 1.56225791404
68 2.99829947423 1.9962336019 1.56226185894
68 2.99829959767 1.99625853563 1.56226975447
69 2.99829965835 1.99627079515 1.56227363334
69 2.99829977926 1.99629547723 1.56228139666
69 2.9982998387 1.99630761301 1.56228521058
69 2.99829995712 1.99633204597 1.56229284385
69 2.99830001533 1.99634405926 1.56229659388
69 2.99830013129 1.99636824562 1.56230409931
69 2.9983001883 1.99638013767 1.56230778655
69 2.99830030183 1.99640407991 1.56231516632
69 2.99830035764 1.99641585192 1.56231879181
69 2.99830046878 1.99643955251 1.56232604795
69 2.99830052341 1.99645120571 1.56232961272
69 2.99830063218 1.99647466708 1.56233674724
69 2.99830068565 1.99648620266 1.56234025227
69 2.99830079209 1.99650942723 1.56234726717
69 2.99830084441 1.99652084638 1.56235071343
69 2.99830094858 1.99654383656 1.56235762004
69 2.99830099978 1.99655514046 1.56236101469
69 2.99830110183 1.99657789872 1.56236785215
69 2.99830115195 1.99658908859 1.56237121625
69 2.99830125182 1.99661161727 1.56237799221
70 2.99830130087 1.99662269427 1.56238132606
70 2.99830139859 1.99664499569 1.56238804109
70 2.99830144658 1.99665596096 1.56239134496
70 2.99830154218 1.99667803742 1.56239799957
70 2.99830158913 1.99668889208 1.56240127371
70 2.99830168263 1.9967107459 1.56240786841
70 2.99830172855 1.99672149108 1.56241111308
70 2.99830181998 1.99674312448 1.56241764843
70 2.99830186489 1.99675376129 1.5624208639
70 2.99830195427 1.99677517652 1.56242734043
70 2.99830199817 1.99678570606 1.56243052695
70 2.99830208553 1.99680690525 1.56243694513
70 2.99830212843 1.99681732856 1.56244010293
70 2.9983022138 1.99683831365 1.5624464633
70 2.99830225572 1.99684863168 1.56244959267
70 2.99830233911 1.99686940484 1.56245589579
70 2.99830238005 1.99687961865 1.56245899698
70 2.99830242152 1.99689007114 1.56246217102
70 2.99830250148 1.99691029266 1.56246831662
70 2.99830258128 1.99693068301 1.56247451619
71 2.99830262032 1.99694069155 1.56247756175
71 2.99830269792 1.99696084139 1.56248369607
71 2.99830273602 1.99697074873 1.5624867142
71 2.99830281173 1.99699069506 1.56249279327
71 2.99830284891 1.99700050235 1.56249578422
71 2.99830288652 1.9970105388 1.56249884542
71 2.99830295903 1.99702995546 1.56250477253
71 2.99830299603 1.99703992365 1.56250781611
71 2.99830306668 1.9970591444 1.56251368896
71 2.99830313716 1.9970785252 1.56251961418
71 2.99830317162 1.99708803821 1.56252252496
71 2.99830320646 1.99709777343 1.56252550406
71 2.99830324002 1.99710719047 1.56252838766
71 2.99830330785 1.99712627637 1.56253423403
71 2.99830337378 1.99714498283 1.56253996721
71 2.99830340709 1.99715455443 1.56254290146
71 2.99830343887 1.99716378234 1.56254573228
71 2.99830347072 1.99717300988 1.56254856476
71 2.99830356567 1.9972008148 1.56255710315
71 2.99830359754 1.99721022621 1.56255999432
72 2.99830365774 1.99722831079 1.56256555472
72 2.99830368847 1.99723759478 1.56256841079
72 2.99830374705 1.99725549644 1.56257392173
72 2.99830380537 1.9972735474 1.56257948173
72 2.99830383387 1.99728240771 1.56258221307
72 2.99830386261 1.99729147508 1.56258500852
72 2.99830389028 1.99730024614 1.56258771437
72 2.99830394618 1.99731802284 1.56259320033
72 2.99830400042 1.99733544625 1.5625985801
72 2.99830402776 1.99734436135 1.56260133347
72 2.99830405379 1.99735295626 1.56260398972
72 2.99830407988 1.99736155083 1.56260664753
72 2.99830415752 1.99738744821 1.56261465926
72 2.99830418354 1.99739621387 1.56261737208
72 2.9983042325 1.9974130573 1.56262258941
72 2.99830425746 1.99742170407 1.56262526924
72 2.99830430493 1.9974383768 1.56263044008
72 2.99830435207 1.99745518837 1.56263565691
72 2.99830437507 1.99746344028 1.56263821966
72 2.9983043982 1.99747188494 1.56264084253
72 2.99830442044 1.99748005364 1.56264338131
73 2.99830446534 1.99749660951 1.56264852852
73 2.99830450881 1.99751283635 1.56265357603
73 2.99830453065 1.9975211392 1.56265615929
73 2.99830455139 1.99752914392 1.56265865145
73 2.99830457218 1.99753714831 1.56266114506
73 2.99830461358 1.99755331737 1.56266618332
73 2.99830465449 1.99756943146 1.56267120698
73 2.99830469357 1.99758517154 1.56267611741
73 2.99830471319 1.99759322505 1.56267863087
73 2.99830475043 1.99760875341 1.56268348193
73 2.99830478726 1.99762441127 1.56268837613
73 2.99830480521 1.99763209693 1.56269078036
73 2.99830482318 1.99763996219 1.562693241
73 2.99830485769 1.99765517852 1.56269800518
73 2.99830489174 1.99767052209 1.56270281104
73 2.99830490832 1.99767805347 1.56270517188
73 2.99830492489 1.99768576086 1.5627075881
73 2.99830494078 1.99769321639 1.56270992684
73 2.99830497283 1.99770832683 1.56271466849
74 2.99830500371 1.99772313696 1.56271931828
74 2.99830501912 1.99773071492 1.56272169802
74 2.99830503366 1.99773802078 1.56272399382
74 2.99830507714 1.99776008376 1.56272629095
74 2.99830509128 1.99776733986 1.56273321541
74 2.99830510517 1.99777474069 1.56273555982
74 2.99830513169 1.99778905819 1.56274006929
74 2.99830514513 1.99779640862 1.56274238517
74 2.99830517041 1.99781058183 1.56274685344
74 2.99830519519 1.9978248731 1.56275136112
74 2.99830520722 1.99783188794 1.56275357542
74 2.99830521914 1.99783906662 1.56275584151
74 2.99830523054 1.99784601067 1.56275803488
74 2.99830525347 1.99786008443 1.56276248172
74 2.99830527543 1.99787387836 1.56276684222
74 2.99830528628 1.99788093626 1.56276907374
74 2.99830529642 1.99788774064 1.56277122644
74 2.99830530661 1.99789454476 1.56277338039
74 2.99830532663 1.99790828909 1.56277773217
74 2.99830534625 1.99792198661 1.56278207121
75 2.99830536456 1.997935366 1.56278631212
75 2.99830537356 1.99794221155 1.56278848273
75 2.99830539033 1.99795541063 1.56279267183
75 2.99830540655 1.99796871962 1.5627968979
75 2.99830541438 1.99797525229 1.56279897385
75 2.99830542201 1.99798193754 1.56280109836
75 2.99830542925 1.99798840429 1.56280315469
75 2.99830544376 1.99800151069 1.56280732369
75 2.99830545748 1.99801435649 1.56281141172
75 2.99830546412 1.99802092926 1.56281350381
75 2.99830547021 1.99802726595 1.56281552199
75 2.99830547634 1.99803360238 1.56281754134
75 2.99830549392 1.99805269546 1.56282362814
75 2.99830549963 1.99805915802 1.56282568907
75 2.99830550962 1.99807157599 1.56282965227
75 2.99830551458 1.9980779509 1.56283168785
75 2.99830552352 1.99809024303 1.56283561532
75 2.99830553184 1.99810263751 1.56283957744
75 2.9983055358 1.9981087213 1.56284152374
75 2.99830553947 1.99811494719 1.56284351559
75 2.99830554288 1.99812096959 1.5628454435
76 2.99830554963 1.99813317541 1.56284935216
76 2.99830555575 1.99814513854 1.56285318492
76 2.99830555851 1.99815125968 1.56285514638
76 2.99830556085 1.99815716095 1.56285703856
76 2.99830556324 1.99816306199 1.56285893183
76 2.99830556956 1.99818084303 1.56286463849
76 2.99830557146 1.99818686145 1.56286657066
76 2.99830557413 1.99819842583 1.56287028606
76 2.99830557534 1.9982043625 1.56287219433
76 2.99830557704 1.99821580948 1.56287587601
76 2.99830557807 1.99822735161 1.56287959001
76 2.99830557845 1.998233017 1.56288141439
76 2.99830557845 1.99823881462 1.56288328137
76 2.99830557833 1.99824442272 1.5628850884
76 2.99830557791 1.99825578883 1.56288875193
76 2.99830557701 1.99826692883 1.56289234421
76 2.99830557617 1.99827262872 1.56289418252
76 2.99830557506 1.9982781238 1.56289595582
76 2.99830557399 1.99828361867 1.56289773015
77 2.99830556988 1.99830017574 1.56290307821
77 2.99830556826 1.99830577988 1.56290488896
77 2.99830556416 1.99831654814 1.56290837082
77 2.9983055619 1.99832207611 1.56291015914
77 2.99830555691 1.99833273505 1.56291360934
77 2.99830555121 1.99834348268 1.56291708979
77 2.99830554828 1.99834875812 1.56291879944
77 2.99830554491 1.99835415677 1.562920549
77 2.99830554151 1.99835937897 1.56292224236
77 2.99830553447 1.998369963 1.56292567544
77 2.99830552708 1.99838033658 1.56292904174
77 2.99830552294 1.99838564439 1.56293076439
77 2.99830551863 1.99839076156 1.56293242611
77 2.99830551436 1.99839587852 1.56293408879
77 2.99830550064 1.99841129706 1.56293910031
77 2.99830549577 1.99841651588 1.56294079709
77 2.99830548543 1.99842654396 1.56294405979
77 2.99830547997 1.99843169199 1.56294573553
77 2.99830546882 1.99844161844 1.56294896856
77 2.9983054569 1.99845162755 1.56295222994
78 2.99830545092 1.99845654049 1.56295383197
78 2.99830544443 1.99846156814 1.56295547136
78 2.99830543802 1.99846643144 1.56295705806
78 2.99830542487 1.99847628804 1.56296027487
78 2.99830541149 1.99848594859 1.56296342902
78 2.99830540429 1.99849089152 1.56296504305
78 2.99830539703 1.99849565686 1.56296659993
78 2.99830538982 1.99850042202 1.56296815772
78 2.99830536722 1.99851478032 1.5629728529
78 2.99830535934 1.99851964023 1.56297444254
78 2.99830534323 1.99852897847 1.562977499
78 2.99830533481 1.99853377233 1.56297906879
78 2.99830531794 1.99854301574 1.56298209726
78 2.99830530027 1.998552336 1.56298515216
78 2.99830529147 1.99855691079 1.56298665273
78 2.9983052821 1.99856159236 1.56298818827
78 2.99830527289 1.99856612089 1.56298967446
78 2.99830525408 1.998575299 1.56299268748
78 2.99830523517 1.99858429452 1.56299564178
78 2.99830522513 1.99858889717 1.56299715354
78 2.99830521515 1.99859333444 1.56299861175
79 2.9983052052 1.99859777153 1.56300007081
79 2.99830517438 1.99861114133 1.56300446841
79 2.99830516372 1.99861566665 1.5630059573
79 2.99830515297 1.99862001445 1.56300738806
79 2.99830513112 1.99862882581 1.56301029033
79 2.99830510923 1.99863746178 1.56301313605
79 2.99830508622 1.99864614036 1.56301599686
79 2.9983050748 1.99865040011 1.56301740228
79 2.99830506276 1.99865475927 1.56301884046
79 2.99830505097 1.99865897594 1.56302023241
79 2.99830502693 1.99866752198 1.56302305438
79 2.99830500289 1.99867589802 1.56302582135
79 2.99830499024 1.9986801837 1.56302723725
79 2.99830497773 1.99868431539 1.563028603
79 2.99830496526 1.99868844692 1.56302996953
79 2.99830492684 1.99870089597 1.56303408825
79 2.9983049136 1.99870510962 1.56303548268
79 2.99830488723 1.99871320596 1.56303816365
79 2.99830487353 1.99871736225 1.56303954056
80 2.9983048465 1.99872537626 1.56304219684
80 2.99830481859 1.9987334568 1.56304487618
80 2.99830480476 1.99873742306 1.56304619226
80 2.99830479025 1.99874148185 1.56304753895
80 2.99830477607 1.99874540793 1.56304884232
80 2.99830474719 1.99875336502 1.56305148468
80 2.99830471841 1.99876116373 1.56305407546
80 2.99830470333 1.99876515396 1.56305540113
80 2.99830468848 1.99876900076 1.5630566798
80 2.99830467367 1.99877284741 1.5630579592
80 2.99830462821 1.99878443796 1.56306181518
80 2.9983046126 1.99878836101 1.56306312065
80 2.99830459709 1.99879213009 1.56306437506
80 2.99830454993 1.9988035118 1.56306816686
80 2.99830453427 1.99880725495 1.56306941447
80 2.99830451776 1.99881107258 1.56307068675
80 2.99830448561 1.99881845795 1.56307191844
80 2.99830445254 1.99882590486 1.56307563935
80 2.99830443617 1.99882956012 1.56307686369
80 2.99830441904 1.99883330071 1.56307811239
81 2.99830438568 1.99884053726 1.5630805302
81 2.99830436837 1.99884425237 1.5630817716
81 2.99830433439 1.99885141576 1.56308416643
81 2.99830429948 1.99885863869 1.56308658206
81 2.99830428222 1.99886218403 1.5630877686
81 2.99830426419 1.99886581212 1.56308898273
81 2.99830424662 1.9988693216 1.56309015782
81 2.99830421085 1.99887643438 1.5630925401
81 2.99830417532 1.99888340566 1.56309487588
81 2.99830415679 1.99888697256 1.56309607106
81 2.99830413862 1.99889041127 1.56309722382
81 2.99830412049 1.99889384984 1.56309837725
81 2.99830406502 1.9989042108 1.56310185345
81 2.99830404602 1.99890771769 1.56310303032
81 2.99830400858 1.99891445601 1.56310529288
81 2.9983039892 1.99891791516 1.56310645486
81 2.99830395122 1.99892458496 1.56310869643
81 2.99830391227 1.99893131013 1.56311095738
81 2.99830389303 1.99893461112 1.56311206791
81 2.99830387298 1.99893798911 1.56311320423
81 2.99830385344 1.99894125665 1.56311430398
82 2.9983038137 1.99894787905 1.56311653349
82 2.99830377429 1.99895436965 1.56311871942
82 2.99830375377 1.99895769057 1.56311983789
82 2.99830373369 1.99896089213 1.56312091665
82 2.99830371364 1.99896409356 1.56312199604
82 2.99830365239 1.99897373995 1.56312524909
82 2.99830363145 1.99897700497 1.5631263504
82 2.99830359025 1.99898327852 1.56312846766
82 2.99830356894 1.99898649907 1.56312955502
82 2.99830352725 1.99899270879 1.56313165261
82 2.99830348457 1.99899897004 1.56313376833
82 2.99830346349 1.99900204332 1.56313480752
82 2.99830344156 1.99900518828 1.56313587084
82 2.99830342022 1.99900823042 1.56313689994
82 2.9983033768 1.99901439598 1.56313898622
82 2.99830333378 1.99902043883 1.56314103172
82 2.99830331143 1.99902353067 1.56314207833
82 2.99830328957 1.99902651137 1.5631430878
82 2.99830326774 1.99902949196 1.56314409784
82 2.99830322314 1.99903551262 1.56314613823
83 2.99830317839 1.99904151269 1.56314817243
83 2.99830313389 1.99904737312 1.5631501601
83 2.99830311079 1.99905037149 1.56315117722
83 2.99830306566 1.99905615251 1.56315313975
83 2.99830301951 1.99906198143 1.56315511918
83 2.99830299673 1.99906484249 1.56315609141
83 2.99830297306 1.99906777025 1.56315708618
83 2.99830295003 1.99907060227 1.56315804891
83 2.99830290321 1.99907634199 1.56316000064
83 2.99830285685 1.99908196741 1.56316191416
83 2.99830283278 1.99908484564 1.56316289321
83 2.99830280928 1.99908762038 1.56316383747
83 2.99830273788 1.9990959996 1.56316478227
83 2.99830271425 1.9990987553 1.56316762959
83 2.99830268966 1.99910156571 1.56316859319
83 2.99830264177 1.99910700256 1.56317044644
83 2.99830261703 1.99910979369 1.56317139807
83 2.99830256872 1.99911517534 1.56317323373
83 2.99830251936 1.99912060158 1.56317508516
84 2.998302495 1.99912326498 1.56317599453
84 2.99830246972 1.99912599046 1.56317692496
84 2.99830244513 1.99912862681 1.56317782542
84 2.99830239514 1.99913396995 1.56317965091
84 2.99830234568 1.99913920669 1.56318144065
84 2.99830232004 1.99914188604 1.56318235635
84 2.99830229501 1.99914446904 1.56318323951
84 2.99830227001 1.99914705194 1.56318412319
84 2.99830219386 1.99915483453 1.56318678627
84 2.99830216787 1.99915746868 1.56318768782
84 2.99830211699 1.9991625299 1.56318942088
84 2.99830209071 1.99916512806 1.56319031088
84 2.99830203944 1.9991701376 1.56319202762
84 2.99830198711 1.99917518858 1.56319375904
84 2.99830196128 1.99917766778 1.56319460944
84 2.99830193451 1.99918020473 1.56319547951
84 2.99830190847 1.99918265871 1.56319632154
84 2.99830185555 1.99918763222 1.56319802856
84 2.99830180322 1.99919250665 1.56319970209
84 2.99830177611 1.9991950006 1.56320055831
84 2.99830174966 1.99919740484 1.56320138407
85 2.99830166938 1.99920466519 1.56320387927
85 2.99830164283 1.99920705291 1.56320470022
85 2.99830161523 1.99920948802 1.56320553724
85 2.99830156161 1.99921419876 1.56320715802
85 2.99830153392 1.99921661711 1.56320799015
85 2.9983014799 1.99922127992 1.56320959522
85 2.9983014248 1.99922598128 1.56321121402
85 2.99830139762 1.99922828888 1.56321200911
85 2.99830136946 1.99923065022 1.56321282258
85 2.99830131472 1.99923521839 1.56321439734
85 2.99830125887 1.99923982443 1.56321598534
85 2.99830123131 1.99924208524 1.5632167653
85 2.99830120278 1.9992443987 1.5632175633
85 2.99830117503 1.9992466365 1.56321833559
85 2.99830111865 1.99925117186 1.5632199012
85 2.99830106293 1.99925561685 1.56322143611
85 2.99830103409 1.99925789107 1.5632222214
85 2.99830100597 1.99926008346 1.56322297872
85 2.99830097788 1.99926227577 1.56322373649
86 2.99830089243 1.99926888129 1.56322601997
86 2.9983008633 1.999271117 1.56322679297
86 2.99830083482 1.99927326483 1.56322753555
86 2.998300777 1.99927761763 1.56322904181
86 2.99830071987 1.99928188365 1.56323051848
86 2.9983006615 1.99928617045 1.56323200253
86 2.99830063271 1.99928827453 1.56323273152
86 2.99830060292 1.99929042762 1.56323347735
86 2.99830057395 1.99929251028 1.56323419913
86 2.9983005151 1.99929673125 1.56323566235
86 2.99830045696 1.99930086812 1.56323709684
86 2.99830042688 1.99930298471 1.56323783073
86 2.99830039757 1.99930502516 1.56323853849
86 2.99830036829 1.99930706553 1.56323924666
86 2.99830027925 1.99931321336 1.56324138071
86 2.99830024889 1.99931529418 1.56324210313
86 2.99830018964 1.99931929218 1.56324349172
86 2.99830015907 1.99932134454 1.5632442048
86 2.99830009951 1.99932530169 1.56324558022
86 2.99830003882 1.99932929156 1.56324696734
87 2.99830000889 1.99933124992 1.56324764863
87 2.99829997793 1.9993332539 1.56324834563
87 2.99829994784 1.99933519233 1.56324902017
87 2.9982998867 1.99933912097 1.5632503876
87 2.99829982631 1.9993429713 1.56325172814
87 2.99829979508 1.99934494124 1.56325241393
87 2.99829976467 1.9993468403 1.56325307526
87 2.99829973428 1.99934873929 1.56325373699
87 2.9982996419 1.99935446103 1.56325573099
87 2.99829961042 1.99935639762 1.56325640598
87 2.99829954901 1.99936011843 1.56325770331
87 2.99829951732 1.99936202849 1.56325836953
87 2.99829945562 1.99936571122 1.56325965449
87 2.99829939277 1.99936942435 1.56326095033
87 2.99829936178 1.99937124688 1.56326158677
87 2.99829932973 1.99937311184 1.56326223787
87 2.99829926746 1.99937671969 1.56326349825
87 2.99829920403 1.99938035742 1.56326476913
87 2.99829917275 1.99938214293 1.56326539331
87 2.99829914041 1.99938397 1.56326603187
87 2.99829910898 1.99938573731 1.56326664982
88 2.99829904513 1.99938931912 1.56326790256
88 2.9982989821 1.99939282953 1.56326913065
88 2.99829894951 1.99939462556 1.56326975891
88 2.99829891779 1.99939635696 1.56327036477
88 2.99829888609 1.9993980883 1.56327097098
88 2.99829878978 1.99940330488 1.56327279769
88 2.99829875697 1.99940507049 1.56327341605
88 2.998298693 1.99940846272 1.56327460445
88 2.99829866 1.99941020409 1.56327521471
88 2.99829859576 1.99941356152 1.56327639169
88 2.99829853037 1.99941694663 1.56327757857
88 2.99829849812 1.99941860813 1.56327816149
88 2.9982984648 1.99942030829 1.5632787578
88 2.99829840004 1.99942359732 1.56327991209
88 2.99829833411 1.99942691351 1.56328107593
88 2.9982983016 1.9994285412 1.56328164753
88 2.99829826801 1.99943020675 1.56328223226
88 2.99829820273 1.99943342882 1.56328336415
88 2.99829813628 1.99943667752 1.5632845054
89 2.99829810352 1.99943827207 1.5632850659
89 2.99829806966 1.99943990372 1.56328563928
89 2.99829803676 1.99944148198 1.56328619415
89 2.99829796994 1.99944468063 1.56328731899
89 2.99829790398 1.99944781548 1.56328842164
89 2.99829786991 1.99944941934 1.56328898571
89 2.99829783675 1.99945096546 1.56328952966
89 2.9982977362 1.99945563439 1.56329007391
89 2.99829770298 1.99945716985 1.56329171387
89 2.99829766866 1.99945873566 1.56329227073
89 2.99829760204 1.99946176468 1.5632933519
89 2.99829756766 1.99946331964 1.56329390969
89 2.9982975008 1.9994663176 1.56329499445
89 2.9982974328 1.99946934019 1.56329609744
89 2.99829739923 1.99947082375 1.563296642
89 2.99829736463 1.99947234177 1.56329720315
89 2.99829733098 1.9994738101 1.56329774877
89 2.99829726258 1.99947678595 1.56329885789
89 2.99829719509 1.99947970239 1.56329995202
89 2.99829716031 1.99948119447 1.56330051597
89 2.99829712649 1.99948263279 1.56330106421
90 2.99829709259 1.99948407106 1.56330161358
90 2.99829698975 1.9994884045 1.5633032802
90 2.99829695475 1.99948987115 1.56330384745
90 2.99829688666 1.9994926889 1.56330495074
90 2.99829685151 1.99949413535 1.56330552008
90 2.99829678317 1.99949692409 1.56330662711
90 2.99829671368 1.99949973574 1.56330775255
90 2.99829667938 1.99950111575 1.56330830811
90 2.99829664403 1.99950252782 1.56330888052
90 2.99829660966 1.99950389366 1.56330943702
90 2.99829653979 1.99950666177 1.5633105682
90 2.99829647087 1.99950937459 1.56331168394
90 2.99829643535 1.99951076248 1.56331225893
90 2.99829640083 1.99951210035 1.56331281781
90 2.99829636622 1.99951343818 1.56331337782
90 2.99829626126 1.99951746894 1.5633150765
90 2.99829622553 1.99951883314 1.56331565459
90 2.99829615606 1.99952145399 1.5633167787
90 2.9982961202 1.99952279935 1.56331735872
91 2.99829605049 1.99952539314 1.56331848635
91 2.99829597962 1.99952800817 1.56331963257
91 2.99829594464 1.99952929165 1.56332019833
91 2.9982959086 1.99953060493 1.56332078118
91 2.99829587356 1.99953187519 1.56332134778
91 2.99829580233 1.99953444958 1.5633224994
91 2.99829573208 1.99953697252 1.56332363517
91 2.99829569588 1.99953826322 1.56332422041
91 2.9982956607 1.99953950737 1.56332478919
91 2.99829562544 1.99954075147 1.56332535908
91 2.99829551849 1.99954449974 1.56332708751
91 2.9982954821 1.99954576831 1.56332767567
91 2.99829541134 1.99954820533 1.56332881914
91 2.99829537482 1.9995494563 1.56332940909
91 2.99829530384 1.99955186806 1.56333055585
91 2.99829523169 1.99955429953 1.56333172134
91 2.99829519608 1.99955549292 1.56333229655
91 2.9982951594 1.99955671399 1.56333288906
91 2.99829512374 1.99955789506 1.563333465
91 2.99829505125 1.99956028868 1.56333463556
92 2.99829497977 1.99956263443 1.56333578988
92 2.99829494294 1.99956383448 1.56333638461
92 2.99829490715 1.99956499123 1.56333696253
92 2.99829487128 1.99956614794 1.56333754155
92 2.99829476251 1.99956963286 1.56333929749
92 2.9982947255 1.99957081228 1.56333989496
92 2.99829465354 1.99957307799 1.56334105628
92 2.99829461642 1.99957424101 1.5633416554
92 2.99829454427 1.99957648318 1.56334281983
92 2.99829447094 1.99957874363 1.56334400311
92 2.99829443474 1.99957985307 1.56334458705
92 2.99829439747 1.99958098822 1.56334518849
92 2.99829436123 1.99958208617 1.56334577306
92 2.99829428758 1.99958431135 1.56334696111
92 2.99829421496 1.999586492 1.56334813256
92 2.99829417755 1.99958760757 1.56334873606
92 2.99829414119 1.99958868288 1.56334932241
92 2.99829410477 1.99958975815 1.56334990986
92 2.9982939943 1.99959299767 1.5633516912
92 2.99829395672 1.99959409404 1.56335229726
93 2.99829388367 1.99959620014 1.56335347507
93 2.99829384599 1.99959728123 1.56335408265
93 2.99829377275 1.99959936539 1.56335526338
93 2.99829369832 1.99960146651 1.56335646308
93 2.9982936616 1.99960249774 1.56335705508
93 2.99829362377 1.99960355285 1.56335766477
93 2.998293587 1.99960457338 1.5633582573
93 2.99829351228 1.99960664163 1.56335946149
93 2.99829343861 1.99960866847 1.56336064875
93 2.99829340066 1.99960970533 1.56336126032
93 2.99829336379 1.99961070474 1.56336185446
93 2.99829332684 1.99961170412 1.5633624497
93 2.99829321482 1.99961471494 1.56336425448
93 2.99829317671 1.9996157339 1.56336486847
93 2.99829310265 1.99961769124 1.5633660615
93 2.99829306444 1.99961869597 1.56336667689
93 2.9982929902 1.99962063292 1.56336787265
93 2.99829291477 1.99962258561 1.56336908751
93 2.99829287755 1.999623544 1.56336968693
93 2.99829283922 1.99962452458 1.56337030421
93 2.99829280196 1.99962547302 1.56337090409
94 2.99829272625 1.99962739516 1.56337212315
94 2.99829265161 1.99962927879 1.56337332497
94 2.99829261316 1.99963024237 1.56337394399
94 2.99829257581 1.99963117116 1.5633745453
94 2.99829253839 1.99963209991 1.56337514771
94 2.99829242493 1.99963489796 1.56337697407
94 2.99829238633 1.9996358449 1.56337759536
94 2.99829231134 1.99963766391 1.5633788024
94 2.99829227266 1.99963859762 1.56337942497
94 2.99829219749 1.99964039763 1.56338063457
94 2.99829212113 1.99964221222 1.56338186336
94 2.99829208346 1.99964310282 1.56338246961
94 2.99829204466 1.999644014 1.56338309389
94 2.99829200695 1.99964489532 1.56338370052
94 2.99829193033 1.9996466814 1.56338493328
94 2.99829185479 1.99964843169 1.56338614851
94 2.99829181589 1.99964932706 1.56338677439
94 2.9982917781 1.99965019007 1.5633873823
94 2.99829174024 1.99965105305 1.56338799131
95 2.99829162546 1.9996536529 1.56338983754
95 2.99829158641 1.99965453275 1.56339046555
95 2.99829151056 1.99965622279 1.56339168548
95 2.99829147143 1.99965709028 1.56339231467
95 2.99829139542 1.9996587626 1.56339353701
95 2.99829131821 1.99966044843 1.56339477864
95 2.99829128011 1.99966127582 1.5633953912
95 2.99829124088 1.99966212232 1.56339602191
95 2.99829120276 1.99966294105 1.56339663478
95 2.9982911253 1.9996646003 1.56339788014
95 2.99829104894 1.99966622625 1.56339910773
95 2.99829100961 1.99966705798 1.56339973992
