0 3.0 2.0 1.57
5 3.0 2.0 1.57
5 3.0 2.0 1.57
5 3.0 2.0 1.57
5 3.0 2.0 1.57
5 3.0 2.0 1.57
6 3.0 2.0 1.57
6 3.0 2.0 1.57
6 3.0 2.0 1.57
6 3.0 2.0 1.57
6 3.0 2.0 1.57
6 3.0 2.0 1.57
6 3.0 2.0 1.57
6 3.0 2.0 1.57
6 3.0 2.0 1.57
6 3.0 2.0 1.57
6 3.0 2.0 1.57
6 3.0 2.0 1.57
6 3.0 2.0 1.57
6 3.0 2.0 1.57
6 3.0 2.0 1.57
6 3.0 2.0 1.57
6 3.0 2.0 1.57
6 3.0 2.0 1.57
6 3.0 2.0 1.57
7 3.0 2.0 1.57
7 3.0 2.0 1.57
7 3.0 2.0 1.57
7 3.0 2.0 1.57
7 3.0 2.0 1.57
7 3.0 2.0 1.57
7 3.0 2.0 1.57
7 3.0 2.0 1.57
7 3.0 2.0 1.57
7 3.0 2.0 1.57
7 3.0 2.0 1.57
7 3.0 2.0 1.57
7 3.0 2.0 1.57
7 3.0 2.0 1.57
7 3.0 2.0 1.57
7 3.0 2.0 1.57
7 3.0 2.0 1.57
7 3.0 2.0 1.57
7 3.0 2.0 1.57
7 3.0 2.0 1.57
7 3.0 2.0 1.57
8 3.0 2.0 1.57
8 3.0 2.0 1.57
8 3.0 2.0 1.57
8 3.0 2.0 1.57
8 3.0 2.0 1.57
8 3.0 2.0 1.57
8 3.0 2.0 1.57
8 3.0 2.0 1.57
8 3.0 2.0 1.57
8 3.0 2.0 1.57
8 3.0 2.0 1.57
8 3.0 2.0 1.57
8 3.0 2.0 1.57
8 3.0 2.0 1.57
8 3.0 2.0 1.57
8 3.0 2.0 1.57
8 3.0 2.0 1.57
8 3.0 2.0 1.57
8 3.0 2.0 1.57
8 3.0 2.0 1.57
9 3.0 2.0 1.57
9 3.0 2.0 1.57
9 3.0 2.0 1.57
9 3.0 2.0 1.57
9 3.0 2.0 1.57
9 3.0 2.0 1.57
9 3.0 2.0 1.57
9 3.0 2.0 1.57
9 3.0 2.0 1.57
9 3.0 2.0 1.57
9 3.0 2.0 1.57
9 3.0 2.0 1.57
9 3.0 2.0 1.57
9 3.0 2.0 1.57
9 3.0 2.0 1.57
9 3.0 2.0 1.57
9 3.0 2.0 1.57
9 3.0 2.0 1.57
9 3.0 2.0 1.57
9 3.0 2.0 1.57
10 3.0 2.0 1.57
10 3.0 2.0 1.57
10 3.0 2.0 1.57
10 3.0 2.0 1.57
10 3.0 2.0 1.57
10 3.0 2.0 1.57
10 3.0 2.0 1.57
10 3.0 2.0 1.57
10 3.0 2.0 1.57
10 3.0 2.0 1.57
10 3.0 2.0 1.57
10 3.0 2.0 1.57
10 3.0 2.0 1.57
10 3.0 2.0 1.57
10 3.0 2.0 1.57
10 3.0 2.0 1.57
10 3.0 2.0 1.57
10 3.0 2.0 1.57
10 3.0 2.0 1.57
10 3.0 2.0 1.57
11 3.0 2.0 1.57
11 3.0 2.0 1.57
11 3.0 2.0 1.57
11 3.0 2.0 1.57
11 3.0 2.0 1.57
11 3.0 2.0 1.57
11 3.0 2.0 1.57
11 3.0 2.0 1.57
11 3.0 2.0 1.57
11 3.0 2.0 1.57
11 3.0 2.0 1.57
11 3.0 2.0 1.57
11 3.0 2.0 1.57
11 3.0 2.0 1.57
11 3.0 2.0 1.57
11 3.0 2.0 1.57
11 3.0 2.0 1.57
11 3.0 2.0 1.57
11 3.0 2.0 1.57
11 3.0 2.0 1.57
12 3.0 2.0 1.57
12 3.0 2.0 1.57
12 3.0 2.0 1.57
12 3.0 2.0 1.57
12 3.0 2.0 1.57
12 3.0 2.0 1.57
12 3.0 2.0 1.57
12 3.0 2.0 1.57
12 3.0 2.0 1.57
12 3.0 2.0 1.57
12 3.0 2.0 1.57
12 3.0 2.0 1.57
12 3.0 2.0 1.57
12 3.0 2.0 1.57
12 3.0 2.0 1.57
12 3.0 2.0 1.57
12 3.0 2.0 1.57
12 3.0 2.0 1.57
12 3.0 2.0 1.57
12 3.0 2.0 1.57
13 3.0 2.0 1.57
13 3.0 2.0 1.57
13 3.0 2.0 1.57
13 3.0 2.0 1.57
13 3.0 2.0 1.57
13 3.0 2.0 1.57
13 3.0 2.0 1.57
13 3.0 2.0 1.57
13 3.0 2.0 1.57
13 3.0 2.0 1.57
13 3.0 2.0 1.57
13 3.0 2.0 1.57
13 3.0 2.0 1.57
13 3.0 2.0 1.57
13 3.0 2.0 1.57
13 3.0 2.0 1.57
13 3.0 2.0 1.57
13 3.0 2.0 1.57
13 3.0 2.0 1.57
13 3.0 2.0 1.57
14 3.0 2.0 1.57
14 3.0 2.0 1.57
14 3.0 2.0 1.57
14 3.0 2.0 1.57
14 3.0 2.0 1.57
14 3.0 2.0 1.57
14 3.0 2.0 1.57
14 3.0 2.0 1.57
14 3.0 2.0 1.57
14 3.0 2.0 1.57
14 3.0 2.0 1.57
14 3.0 2.0 1.57
14 3.0 2.0 1.57
14 3.0 2.0 1.57
14 3.0 2.0 1.57
14 3.0 2.0 1.57
14 3.0 2.0 1.57
14 3.0 2.0 1.57
14 3.0 2.0 1.57
14 3.0 2.0 1.57
15 3.0 2.0 1.57
15 3.0 2.0 1.57
15 3.0 2.0 1.57
15 3.0 2.0 1.57
15 3.0 2.0 1.57
15 3.0 2.0 1.57
15 3.0 2.0 1.57
15 3.0 2.0 1.57
15 3.0 2.0 1.57
15 3.0 2.0 1.57
15 3.0 2.0 1.57
15 3.0 2.0 1.57
15 3.0 2.0 1.57
15 3.0 2.0 1.57
15 3.0 2.0 1.57
15 3.0 2.0 1.57
15 3.0 2.0 1.57
15 3.0 2.0 1.57
15 3.0 2.0 1.57
15 3.0 2.0 1.57
16 3.0 2.0 1.57
16 3.0 2.0 1.57
16 3.0 2.0 1.57
16 3.0 2.0 1.57
16 3.0 2.0 1.57
16 3.0 2.0 1.57
16 3.0 2.0 1.57
16 3.0 2.0 1.57
16 3.0 2.0 1.57
16 3.0 2.0 1.57
16 3.0 2.0 1.57
16 3.0 2.0 1.57
16 3.0 2.0 1.57
16 3.0 2.0 1.57
16 3.0 2.0 1.57
16 3.0 2.0 1.57
16 3.0 2.0 1.57
16 3.0 2.0 1.57
16 3.0 2.0 1.57
16 3.0 2.0 1.57
17 3.0 2.0 1.57
17 3.0 2.0 1.57
17 3.0 2.0 1.57
17 3.0 2.0 1.57
17 3.0 2.0 1.57
17 3.0 2.0 1.57
17 3.0 2.0 1.57
17 3.0 2.0 1.57
17 3.0 2.0 1.57
17 3.0 2.0 1.57
17 3.0 2.0 1.57
17 3.0 2.0 1.57
17 3.0 2.0 1.57
17 3.0 2.0 1.57
17 3.0 2.0 1.57
17 3.0 2.0 1.57
17 3.0 2.0 1.57
17 3.0 2.0 1.57
17 3.0 2.0 1.57
17 3.0 2.0 1.57
18 3.0 2.0 1.57
18 3.0 2.0 1.57
18 3.0 2.0 1.57
18 3.0 2.0 1.57
18 3.0 2.0 1.57
18 3.0 2.0 1.57
18 3.0 2.0 1.57
18 3.0 2.0 1.57
18 3.0 2.0 1.57
18 3.0 2.0 1.57
18 3.0 2.0 1.57
18 3.0 2.0 1.57
18 3.0 2.0 1.57
18 3.0 2.0 1.57
18 3.0 2.0 1.57
18 3.0 2.0 1.57
18 3.0 2.0 1.57
18 3.0 2.0 1.57
18 3.0 2.0 1.57
18 3.0 2.0 1.57
19 3.0 2.0 1.57
19 3.0 2.0 1.57
19 3.0 2.0 1.57
19 3.0 2.0 1.57
19 3.0 2.0 1.57
19 3.0 2.0 1.57
19 3.0 2.0 1.57
19 3.0 2.0 1.57
19 3.0 2.0 1.57
19 3.0 2.0 1.57
19 3.0 2.0 1.57
19 3.0 2.0 1.57
19 3.0 2.0 1.57
19 3.0 2.0 1.57
19 3.0 2.0 1.57
19 3.0 2.0 1.57
19 3.0 2.0 1.57
19 3.0 2.0 1.57
19 3.0 2.0 1.57
19 3.0 2.0 1.57
20 3.0 2.0 1.57
20 3.0 2.0 1.57
20 3.0 2.0 1.57
20 3.0 2.0 1.57
20 3.0 2.0 1.57
20 3.0 2.0 1.57
20 3.0 2.0 1.57
20 3.0 2.0 1.57
20 3.0 2.0 1.57
20 3.0 2.0 1.57
20 3.0 2.0 1.57
20 3.0 2.0 1.57
20 3.0 2.0 1.57
20 3.0 2.0 1.57
20 3.0 2.0 1.57
20 3.0 2.0 1.57
20 3.0 2.0 1.57
20 3.0 2.0 1.57
20 3.0 2.0 1.57
20 3.0 2.0 1.57
21 3.0 2.0 1.57
21 3.0 2.0 1.57
21 3.0 2.0 1.57
21 3.0 2.0 1.57
21 3.0 2.0 1.57
21 3.0 2.0 1.57
21 3.0 2.0 1.57
21 3.0 2.0 1.57
21 3.0 2.0 1.57
21 3.0 2.0 1.57
21 3.0 2.0 1.57
21 3.0 2.0 1.57
21 3.0 2.0 1.57
21 3.0 2.0 1.57
21 3.0 2.0 1.57
21 3.0 2.0 1.57
21 3.0 2.0 1.57
21 3.0 2.0 1.57
21 3.0 2.0 1.57
21 3.0 2.0 1.57
22 3.0 2.0 1.57
22 3.0 2.0 1.57
22 3.0 2.0 1.57
22 3.0 2.0 1.57
22 3.0 2.0 1.57
22 3.0 2.0 1.57
22 3.0 2.0 1.57
22 3.0 2.0 1.57
22 3.0 2.0 1.57
22 3.0 2.0 1.57
22 3.0 2.0 1.57
22 3.0 2.0 1.57
22 3.0 2.0 1.57
22 3.0 2.0 1.57
22 3.0 2.0 1.57
22 3.0 2.0 1.57
22 3.0 2.0 1.57
22 3.0 2.0 1.57
22 3.0 2.0 1.57
23 3.0 2.0 1.57
23 3.0 2.0 1.57
23 3.0 2.0 1.57
23 3.0 2.0 1.57
23 3.0 2.0 1.57
23 3.0 2.0 1.57
23 3.0 2.0 1.57
23 3.0 2.0 1.57
23 3.0 2.0 1.57
23 3.0 2.0 1.57
23 3.0 2.0 1.57
23 3.0 2.0 1.57
23 3.0 2.0 1.57
23 3.0 2.0 1.57
23 3.0 2.0 1.57
23 3.0 2.0 1.57
23 3.0 2.0 1.57
23 3.0 2.0 1.57
23 3.0 2.0 1.57
23 3.0 2.0 1.57
23 3.0 2.0 1.57
24 3.0 2.0 1.57
24 3.0 2.0 1.57
24 3.0 2.0 1.57
24 3.0 2.0 1.57
24 3.0 2.0 1.57
24 3.0 2.0 1.57
24 3.0 2.0 1.57
24 3.0 2.0 1.57
24 3.0 2.0 1.57
24 3.0 2.0 1.57
24 3.0 2.0 1.57
24 3.0 2.0 1.57
24 3.0 2.0 1.57
24 3.0 2.0 1.57
24 3.0 2.0 1.57
24 3.0 2.0 1.57
24 3.0 2.0 1.57
24 3.0 2.0 1.57
24 3.0 2.0 1.57
24 3.0 2.0 1.57
25 3.0 2.0 1.57
25 3.0 2.0 1.57
25 3.0 2.0 1.57
25 3.0 2.0 1.57
25 3.0 2.0 1.57
25 3.0 2.0 1.57
25 3.0 2.0 1.57
25 3.0 2.0 1.57
25 3.0 2.0 1.57
25 3.0 2.0 1.57
25 3.0 2.0 1.57
25 3.0 2.0 1.57
25 3.0 2.0 1.57
25 3.0 2.0 1.57
25 3.0 2.0 1.57
25 3.0 2.0 1.57
25 3.0 2.0 1.57
25 3.0 2.0 1.57
25 3.0 2.0 1.57
25 3.0 2.0 1.57
26 3.0 2.0 1.57
26 3.0 2.0 1.57
26 3.0 2.0 1.57
26 3.0 2.0 1.57
26 3.0 2.0 1.57
26 3.0 2.0 1.57
26 3.0 2.0 1.57
26 3.0 2.0 1.57
26 3.0 2.0 1.57
26 3.0 2.0 1.57
26 3.0 2.0 1.57
26 3.0 2.0 1.57
26 3.0 2.0 1.57
26 3.0 2.0 1.57
26 3.0 2.0 1.57
26 3.0 2.0 1.57
26 3.0 2.0 1.57
26 3.0 2.0 1.57
26 3.0 2.0 1.57
26 3.0 2.0 1.57
27 3.0 2.0 1.57
27 3.0 2.0 1.57
27 3.0 2.0 1.57
27 3.0 2.0 1.57
27 3.0 2.0 1.57
27 3.0 2.0 1.57
27 3.0 2.0 1.57
27 3.0 2.0 1.57
27 3.0 2.0 1.57
27 3.0 2.0 1.57
27 3.0 2.0 1.57
27 3.0 2.0 1.57
27 3.0 2.0 1.57
27 3.0 2.0 1.57
27 3.0 2.0 1.57
27 3.0 2.0 1.57
27 3.0 2.0 1.57
27 3.0 2.0 1.57
27 3.0 2.0 1.57
27 3.0 2.0 1.57
28 3.0 2.0 1.57
28 3.0 2.0 1.57
28 3.0 2.0 1.57
28 3.0 2.0 1.57
28 3.0 2.0 1.57
28 3.0 2.0 1.57
28 3.0 2.0 1.57
28 3.0 2.0 1.57
28 3.0 2.0 1.57
28 3.0 2.0 1.57
28 3.0 2.0 1.57
28 3.0 2.0 1.57
28 3.0 2.0 1.57
28 3.0 2.0 1.57
28 3.0 2.0 1.57
28 3.0 2.0 1.57
28 3.0 2.0 1.57
28 3.0 2.0 1.57
28 3.0 2.0 1.57
28 3.0 2.0 1.57
29 3.0 2.0 1.57
29 3.0 2.0 1.57
29 3.0 2.0 1.57
29 3.0 2.0 1.57
29 3.0 2.0 1.57
29 3.0 2.0 1.57
29 3.0 2.0 1.57
29 3.0 2.0 1.57
29 3.0 2.0 1.57
29 3.0 2.0 1.57
29 3.0 2.0 1.57
29 3.0 2.0 1.57
29 3.0 2.0 1.57
29 3.0 2.0 1.57
29 3.0 2.0 1.57
29 3.0 2.0 1.57
29 3.0 2.0 1.57
29 3.0 2.0 1.57
29 3.0 2.0 1.57
29 3.0 2.0 1.57
30 3.0 2.0 1.57
30 3.0 2.0 1.57
30 3.0 2.0 1.57
30 3.0 2.0 1.57
30 3.0 2.0 1.57
30 3.0 2.0 1.57
30 3.0 2.0 1.57
30 3.0 2.0 1.57
30 3.0 2.0 1.57
30 3.0 2.0 1.57
30 3.0 2.0 1.57
30 3.0 2.0 1.57
30 3.0 2.0 1.57
30 3.0 2.0 1.57
30 3.0 2.0 1.57
30 3.0 2.0 1.57
30 3.0 2.0 1.57
30 3.0 2.0 1.57
30 3.0 2.0 1.57
30 3.0 2.0 1.57
31 3.0 2.0 1.57
31 3.0 2.0 1.57
31 3.0 2.0 1.57
31 3.0 2.0 1.57
31 3.0 2.0 1.57
31 3.0 2.0 1.57
31 3.0 2.0 1.57
31 3.0 2.0 1.57
31 3.0 2.0 1.57
31 3.0 2.0 1.57
31 3.0 2.0 1.57
31 3.0 2.0 1.57
31 3.0 2.0 1.57
31 3.0 2.0 1.57
31 3.0 2.0 1.57
31 3.0 2.0 1.57
31 3.0 2.0 1.57
31 3.0 2.0 1.57
31 3.0 2.0 1.57
31 3.0 2.0 1.57
32 3.0 2.0 1.57
32 3.0 2.0 1.57
32 3.0 2.0 1.57
32 3.0 2.0 1.57
32 3.0 2.0 1.57
32 3.0 2.0 1.57
32 3.0 2.0 1.57
32 3.0 2.0 1.57
32 3.0 2.0 1.57
32 3.0 2.0 1.57
32 3.0 2.0 1.57
32 3.0 2.0 1.57
32 3.0 2.0 1.57
32 3.0 2.0 1.57
32 3.0 2.0 1.57
32 3.0 2.0 1.57
32 3.0 2.0 1.57
32 3.0 2.0 1.57
32 3.0 2.0 1.57
32 3.0 2.0 1.57
33 3.0 2.0 1.57
33 3.0 2.0 1.57
33 3.0 2.0 1.57
33 3.0 2.0 1.57
33 3.0 2.0 1.57
33 3.0 2.0 1.57
33 3.0 2.0 1.57
33 3.0 2.0 1.57
33 3.0 2.0 1.57
33 3.0 2.0 1.57
33 3.0 2.0 1.57
33 3.0 2.0 1.57
33 3.0 2.0 1.57
33 3.0 2.0 1.57
33 3.0 2.0 1.57
33 3.0 2.0 1.57
33 3.0 2.0 1.57
33 3.0 2.0 1.57
33 3.0 2.0 1.57
33 3.0 2.0 1.57
34 3.0 2.0 1.57
34 3.0 2.0 1.57
34 3.0 2.0 1.57
34 3.0 2.0 1.57
34 3.0 2.0 1.57
34 3.0 2.0 1.57
34 3.0 2.0 1.57
34 3.0 2.0 1.57
34 3.0 2.0 1.57
34 3.0 2.0 1.57
34 3.0 2.0 1.57
34 3.0 2.0 1.57
34 3.0 2.0 1.57
34 3.0 2.0 1.57
34 3.0 2.0 1.57
34 3.0 2.0 1.57
34 3.0 2.0 1.57
34 3.0 2.0 1.57
34 3.0 2.0 1.57
34 3.0 2.0 1.57
35 3.0 2.0 1.57
35 3.0 2.0 1.57
35 3.0 2.0 1.57
35 3.0 2.0 1.57
35 3.0 2.0 1.57
35 3.0 2.0 1.57
35 3.0 2.0 1.57
35 3.0 2.0 1.57
35 3.0 2.0 1.57
35 3.0 2.0 1.57
35 3.0 2.0 1.57
35 3.0 2.0 1.57
35 3.0 2.0 1.57
35 3.0 2.0 1.57
35 3.0 2.0 1.57
35 3.0 2.0 1.57
35 3.0 2.0 1.57
35 3.0 2.0 1.57
35 3.0 2.0 1.57
35 3.0 2.0 1.57
36 3.0 2.0 1.57
36 3.0 2.0 1.57
36 3.0 2.0 1.57
36 3.0 2.0 1.57
36 3.0 2.0 1.57
36 3.0 2.0 1.57
36 3.0 2.0 1.57
36 3.0 2.0 1.57
36 3.0 2.0 1.57
36 3.0 2.0 1.57
36 3.0 2.0 1.57
36 3.0 2.0 1.57
36 3.0 2.0 1.57
36 3.0 2.0 1.57
36 3.0 2.0 1.57
36 3.0 2.0 1.57
36 3.0 2.0 1.57
36 3.0 2.0 1.57
36 3.0 2.0 1.57
36 3.0 2.0 1.57
37 3.0 2.0 1.57
37 3.0 2.0 1.57
37 3.0 2.0 1.57
37 3.0 2.0 1.57
37 3.0 2.0 1.57
37 3.0 2.0 1.57
37 3.0 2.0 1.57
37 3.0 2.0 1.57
37 3.0 2.0 1.57
37 3.0 2.0 1.57
37 3.0 2.0 1.57
37 3.0 2.0 1.57
37 3.0 2.0 1.57
37 3.0 2.0 1.57
37 3.0 2.0 1.57
37 3.0 2.0 1.57
37 3.0 2.0 1.57
37 3.0 2.0 1.57
37 3.0 2.0 1.57
37 3.0 2.0 1.57
38 3.0 2.0 1.57
38 3.0 2.0 1.57
38 3.0 2.0 1.57
38 3.0 2.0 1.57
38 3.0 2.0 1.57
38 3.0 2.0 1.57
38 3.0 2.0 1.57
38 3.0 2.0 1.57
38 3.0 2.0 1.57
38 3.0 2.0 1.57
38 3.0 2.0 1.57
38 3.0 2.0 1.57
38 3.0 2.0 1.57
38 3.0 2.0 1.57
38 3.0 2.0 1.57
38 3.0 2.0 1.57
38 3.0 2.0 1.57
38 3.0 2.0 1.57
38 3.0 2.0 1.57
38 3.0 2.0 1.57
39 3.0 2.0 1.57
39 3.0 2.0 1.57
39 3.0 2.0 1.57
39 3.0 2.0 1.57
39 3.0 2.0 1.57
39 3.0 2.0 1.57
39 3.0 2.0 1.57
39 3.0 2.0 1.57
39 3.0 2.0 1.57
39 3.0 2.0 1.57
39 3.0 2.0 1.57
39 3.0 2.0 1.57
39 3.0 2.0 1.57
39 3.0 2.0 1.57
39 3.0 2.0 1.57
39 3.0 2.0 1.57
39 3.0 2.0 1.57
39 3.0 2.0 1.57
39 3.0 2.0 1.57
39 3.0 2.0 1.57
40 3.0 2.0 1.57
40 3.0 2.0 1.57
40 3.0 2.0 1.57
40 3.0 2.0 1.57
40 3.0 2.0 1.57
40 3.0 2.0 1.57
40 3.0 2.0 1.57
40 3.0 2.0 1.57
40 3.0 2.0 1.57
40 3.0 2.0 1.57
40 3.0 2.0 1.57
40 3.0 2.0 1.57
40 3.0 2.0 1.57
40 3.0 2.0 1.57
40 3.0 2.0 1.57
40 3.0 2.0 1.57
40 3.0 2.0 1.57
40 3.0 2.0 1.57
40 3.0 2.0 1.57
41 3.0 2.0 1.57
41 3.0 2.0 1.57
41 3.0 2.0 1.57
41 3.0 2.0 1.57
41 3.0 2.0 1.57
41 3.0 2.0 1.57
41 3.0 2.0 1.57
41 3.0 2.0 1.57
41 3.0 2.0 1.57
41 3.0 2.0 1.57
41 3.0 2.0 1.57
41 3.0 2.0 1.57
41 3.0 2.0 1.57
41 3.0 2.0 1.57
41 3.0 2.0 1.57
41 3.0 2.0 1.57
41 3.0 2.0 1.57
41 3.0 2.0 1.57
41 3.0 2.0 1.57
41 3.0 2.0 1.57
42 3.0 2.0 1.57
42 3.0 2.0 1.57
42 3.0 2.0 1.57
42 3.0 2.0 1.57
42 3.0 2.0 1.57
42 3.0 2.0 1.57
42 3.0 2.0 1.57
42 3.0 2.0 1.57
42 3.0 2.0 1.57
42 3.0 2.0 1.57
42 3.0 2.0 1.57
42 3.0 2.0 1.57
42 3.0 2.0 1.57
42 3.0 2.0 1.57
42 3.0 2.0 1.57
42 3.0 2.0 1.57
42 3.0 2.0 1.57
42 3.0 2.0 1.57
42 3.0 2.0 1.57
42 3.0 2.0 1.57
42 3.0 2.0 1.57
43 3.0 2.0 1.57
43 3.0 2.0 1.57
43 3.0 2.0 1.57
43 3.0 2.0 1.57
43 3.0 2.0 1.57
43 3.0 2.0 1.57
43 3.0 2.0 1.57
43 3.0 2.0 1.57
43 3.0 2.0 1.57
43 3.0 2.0 1.57
43 3.0 2.0 1.57
43 3.0 2.0 1.57
43 3.0 2.0 1.57
43 3.0 2.0 1.57
43 3.0 2.0 1.57
43 3.0 2.0 1.57
43 3.0 2.0 1.57
43 3.0 2.0 1.57
43 3.0 2.0 1.57
43 3.0 2.0 1.57
44 3.0 2.0 1.57
44 3.0 2.0 1.57
44 3.0 2.0 1.57
44 3.0 2.0 1.57
44 3.0 2.0 1.57
44 3.0 2.0 1.57
44 3.0 2.0 1.57
44 3.0 2.0 1.57
44 3.0 2.0 1.57
44 3.0 2.0 1.57
44 3.0 2.0 1.57
44 3.0 2.0 1.57
44 3.0 2.0 1.57
44 3.0 2.0 1.57
44 3.0 2.0 1.57
44 3.0 2.0 1.57
44 3.0 2.0 1.57
44 3.0 2.0 1.57
44 3.0 2.0 1.57
45 3.0 2.0 1.57
45 3.0 2.0 1.57
45 3.0 2.0 1.57
45 3.0 2.0 1.57
45 3.0 2.0 1.57
45 3.0 2.0 1.57
45 3.0 2.0 1.57
45 3.0 2.0 1.57
45 3.0 2.0 1.57
45 3.0 2.0 1.57
45 3.0 2.0 1.57
45 3.0 2.0 1.57
45 3.0 2.0 1.57
45 3.0 2.0 1.57
45 3.0 2.0 1.57
45 3.0 2.0 1.57
45 3.0 2.0 1.57
45 3.0 2.0 1.57
45 3.0 2.0 1.57
45 3.0 2.0 1.57
46 3.0 2.0 1.57
46 3.0 2.0 1.57
46 3.0 2.0 1.57
46 3.0 2.0 1.57
46 3.0 2.0 1.57
46 3.0 2.0 1.57
46 3.0 2.0 1.57
46 3.0 2.0 1.57
46 3.0 2.0 1.57
46 3.0 2.0 1.57
46 3.0 2.0 1.57
46 3.0 2.0 1.57
46 3.0 2.0 1.57
46 3.0 2.0 1.57
46 3.0 2.0 1.57
46 3.0 2.0 1.57
46 3.0 2.0 1.57
46 3.0 2.0 1.57
46 3.0 2.0 1.57
46 3.0 2.0 1.57
47 3.0 2.0 1.57
47 3.0 2.0 1.57
47 3.0 2.0 1.57
47 3.0 2.0 1.57
47 3.0 2.0 1.57
47 3.0 2.0 1.57
47 3.0 2.0 1.57
47 3.0 2.0 1.57
47 3.0 2.0 1.57
47 3.0 2.0 1.57
47 3.0 2.0 1.57
47 3.0 2.0 1.57
47 3.0 2.0 1.57
47 3.0 2.0 1.57
47 3.0 2.0 1.57
47 3.0 2.0 1.57
47 3.0 2.0 1.57
47 3.0 2.0 1.57
47 3.0 2.0 1.57
47 3.0 2.0 1.57
47 3.0 2.0 1.57
48 3.0 2.0 1.57
48 3.0 2.0 1.57
48 3.0 2.0 1.57
48 3.0 2.0 1.57
48 3.0 2.0 1.57
48 3.0 2.0 1.57
48 3.0 2.0 1.57
48 3.0 2.0 1.57
48 3.0 2.0 1.57
48 3.0 2.0 1.57
48 3.0 2.0 1.57
48 3.0 2.0 1.57
48 3.0 2.0 1.57
48 3.0 2.0 1.57
48 3.0 2.0 1.57
48 3.0 2.0 1.57
48 3.0 2.0 1.57
48 3.0 2.0 1.57
48 3.0 2.0 1.57
49 3.0 2.0 1.57
49 3.0 2.0 1.57
49 3.0 2.0 1.57
49 3.0 2.0 1.57
49 3.0 2.0 1.57
49 3.0 2.0 1.57
49 3.0 2.0 1.57
49 3.0 2.0 1.57
49 3.0 2.0 1.57
49 3.0 2.0 1.57
49 3.0 2.0 1.57
49 3.0 2.0 1.57
49 3.0 2.0 1.57
49 3.0 2.0 1.57
49 3.0 2.0 1.57
49 3.0 2.0 1.57
49 3.0 2.0 1.57
49 3.0 2.0 1.57
49 3.0 2.0 1.57
49 3.0 2.0 1.57
49 3.0 2.0 1.57
50 3.0 2.0 1.57
50 3.0 2.0 1.57
50 3.0 2.0 1.57
50 3.0 2.0 1.57
50 3.0 2.0 1.57
50 3.0 2.0 1.57
50 3.0 2.0 1.57
50 3.0 2.0 1.57
50 3.0 2.0 1.57
50 3.0 2.0 1.57
50 3.0 2.0 1.57
50 3.0 2.0 1.57
50 3.0 2.0 1.57
50 3.0 2.0 1.57
50 3.0 2.0 1.57
50 3.0 2.0 1.57
50 3.0 2.0 1.57
50 3.0 2.0 1.57
50 3.0 2.0 1.57
51 3.0 2.0 1.57
51 3.0 2.0 1.57
51 3.0 2.0 1.57
51 3.0 2.0 1.57
51 3.0 2.0 1.57
51 3.0 2.0 1.57
51 3.0 2.0 1.57
51 3.0 2.0 1.57
51 3.0 2.0 1.57
51 3.0 2.0 1.57
51 3.0 2.0 1.57
51 3.0 2.0 1.57
51 3.0 2.0 1.57
51 3.0 2.0 1.57
51 3.0 2.0 1.57
51 3.0 2.0 1.57
51 3.0 2.0 1.57
51 3.0 2.0 1.57
51 3.0 2.0 1.57
51 3.0 2.0 1.57
51 3.0 2.0 1.57
52 3.0 2.0 1.57
52 3.0 2.0 1.57
52 3.0 2.0 1.57
52 3.0 2.0 1.57
52 3.0 2.0 1.57
52 3.0 2.0 1.57
52 3.0 2.0 1.57
52 3.0 2.0 1.57
52 3.0 2.0 1.57
52 3.0 2.0 1.57
52 3.0 2.0 1.57
52 3.0 2.0 1.57
52 3.0 2.0 1.57
52 3.0 2.0 1.57
52 3.0 2.0 1.57
52 3.0 2.0 1.57
52 3.0 2.0 1.57
52 3.0 2.0 1.57
52 3.0 2.0 1.57
52 3.0 2.0 1.57
53 3.0 2.0 1.57
53 3.0 2.0 1.57
53 3.0 2.0 1.57
53 3.0 2.0 1.57
53 3.0 2.0 1.57
53 3.0 2.0 1.57
53 3.0 2.0 1.57
53 3.0 2.0 1.57
53 3.0 2.0 1.57
53 3.0 2.0 1.57
53 3.0 2.0 1.57
53 3.0 2.0 1.57
53 3.0 2.0 1.57
53 3.0 2.0 1.57
53 3.0 2.0 1.57
53 3.0 2.0 1.57
53 3.0 2.0 1.57
53 3.0 2.0 1.57
53 3.0 2.0 1.57
53 3.0 2.0 1.57
54 3.0 2.0 1.57
54 3.0 2.0 1.57
54 3.0 2.0 1.57
54 3.0 2.0 1.57
54 3.0 2.0 1.57
54 3.0 2.0 1.57
54 3.0 2.0 1.57
54 3.0 2.0 1.57
54 3.0 2.0 1.57
54 3.0 2.0 1.57
54 3.0 2.0 1.57
54 3.0 2.0 1.57
54 3.0 2.0 1.57
54 3.0 2.0 1.57
54 3.0 2.0 1.57
54 3.0 2.0 1.57
54 3.0 2.0 1.57
54 3.0 2.0 1.57
54 3.0 2.0 1.57
54 3.0 2.0 1.57
55 3.0 2.0 1.57
55 3.0 2.0 1.57
55 3.0 2.0 1.57
55 3.0 2.0 1.57
55 3.0 2.0 1.57
55 3.0 2.0 1.57
55 3.0 2.0 1.57
55 3.0 2.0 1.57
55 3.0 2.0 1.57
55 3.0 2.0 1.57
55 3.0 2.0 1.57
55 3.0 2.0 1.57
55 3.0 2.0 1.57
55 3.0 2.0 1.57
55 3.0 2.0 1.57
55 3.0 2.0 1.57
55 3.0 2.0 1.57
55 3.0 2.0 1.57
55 3.0 2.0 1.57
55 3.0 2.0 1.57
56 3.0 2.0 1.57
56 3.0 2.0 1.57
56 3.0 2.0 1.57
56 3.0 2.0 1.57
56 3.0 2.0 1.57
56 3.0 2.0 1.57
56 3.0 2.0 1.57
56 3.0 2.0 1.57
56 3.0 2.0 1.57
56 3.0 2.0 1.57
56 3.0 2.0 1.57
56 3.0 2.0 1.57
56 3.0 2.0 1.57
56 3.0 2.0 1.57
56 3.0 2.0 1.57
56 3.0 2.0 1.57
56 3.0 2.0 1.57
56 3.0 2.0 1.57
56 3.0 2.0 1.57
56 3.0 2.0 1.57
57 3.0 2.0 1.57
57 3.0 2.0 1.57
57 3.0 2.0 1.57
57 3.0 2.0 1.57
57 3.0 2.0 1.57
57 3.0 2.0 1.57
57 3.0 2.0 1.57
57 3.0 2.0 1.57
57 3.0 2.0 1.57
57 3.0 2.0 1.57
57 3.0 2.0 1.57
57 3.0 2.0 1.57
57 3.0 2.0 1.57
57 3.0 2.0 1.57
57 3.0 2.0 1.57
57 3.0 2.0 1.57
57 3.0 2.0 1.57
57 3.0 2.0 1.57
57 3.0 2.0 1.57
57 3.0 2.0 1.57
58 3.0 2.0 1.57
58 3.0 2.0 1.57
58 3.0 2.0 1.57
58 3.0 2.0 1.57
58 3.0 2.0 1.57
58 3.0 2.0 1.57
58 3.0 2.0 1.57
58 3.0 2.0 1.57
58 3.0 2.0 1.57
58 3.0 2.0 1.57
58 3.0 2.0 1.57
58 3.0 2.0 1.57
58 3.0 2.0 1.57
58 3.0 2.0 1.57
58 3.0 2.0 1.57
58 3.0 2.0 1.57
58 3.0 2.0 1.57
58 3.0 2.0 1.57
58 3.0 2.0 1.57
58 3.0 2.0 1.57
59 3.0 2.0 1.57
59 3.0 2.0 1.57
59 3.0 2.0 1.57
59 3.0 2.0 1.57
59 3.0 2.0 1.57
59 3.0 2.0 1.57
59 3.0 2.0 1.57
59 3.0 2.0 1.57
59 3.0 2.0 1.57
59 3.0 2.0 1.57
59 3.0 2.0 1.57
59 3.0 2.0 1.57
59 3.0 2.0 1.57
59 3.0 2.0 1.57
59 3.0 2.0 1.57
59 3.0 2.0 1.57
59 3.0 2.0 1.57
59 3.0 2.0 1.57
59 3.0 2.0 1.57
59 3.0 2.0 1.57
60 3.0 2.0 1.57
60 3.0 2.0 1.57
60 3.0 2.0 1.57
60 3.0 2.0 1.57
60 3.0 2.0 1.57
60 3.0 2.0 1.57
60 3.0 2.0 1.57
60 3.0 2.0 1.57
60 3.0 2.0 1.57
60 3.0 2.0 1.57
60 3.0 2.0 1.57
60 3.0 2.0 1.57
60 3.0 2.0 1.57
60 3.0 2.0 1.57
60 3.0 2.0 1.57
60 3.0 2.0 1.57
60 3.0 2.0 1.57
60 3.0 2.0 1.57
60 3.0 2.0 1.57
60 3.0 2.0 1.57
61 3.0 2.0 1.57
61 3.0 2.0 1.57
61 3.0 2.0 1.57
61 3.0 2.0 1.57
61 3.0 2.0 1.57
61 3.0 2.0 1.57
61 3.0 2.0 1.57
61 3.0 2.0 1.57
61 3.0 2.0 1.57
61 3.0 2.0 1.57
61 3.0 2.0 1.57
61 3.0 2.0 1.57
61 3.0 2.0 1.57
61 3.0 2.0 1.57
61 3.0 2.0 1.57
61 3.0 2.0 1.57
61 3.0 2.0 1.57
61 3.0 2.0 1.57
61 3.0 2.0 1.57
61 3.0 2.0 1.57
62 3.0 2.0 1.57
62 3.0 2.0 1.57
62 3.0 2.0 1.57
62 3.0 2.0 1.57
62 3.0 2.0 1.57
62 3.0 2.0 1.57
62 3.0 2.0 1.57
62 3.0 2.0 1.57
62 3.0 2.0 1.57
62 3.0 2.0 1.57
62 3.0 2.0 1.57
62 3.0 2.0 1.57
62 3.0 2.0 1.57
62 3.0 2.0 1.57
62 3.0 2.0 1.57
62 3.0 2.0 1.57
62 3.0 2.0 1.57
62 3.0 2.0 1.57
62 3.0 2.0 1.57
62 3.0 2.0 1.57
63 3.0 2.0 1.57
63 3.0 2.0 1.57
63 3.0 2.0 1.57
63 3.0 2.0 1.57
63 3.0 2.0 1.57
63 3.0 2.0 1.57
63 3.0 2.0 1.57
63 3.0 2.0 1.57
63 3.0 2.0 1.57
63 3.0 2.0 1.57
63 3.0 2.0 1.57
63 3.0 2.0 1.57
63 3.0 2.0 1.57
63 3.0 2.0 1.57
63 3.0 2.0 1.57
63 3.0 2.0 1.57
63 3.0 2.0 1.57
63 3.0 2.0 1.57
63 3.0 2.0 1.57
63 3.0 2.0 1.57
64 3.0 2.0 1.57
64 3.0 2.0 1.57
64 3.0 2.0 1.57
64 3.0 2.0 1.57
64 3.0 2.0 1.57
64 3.0 2.0 1.57
64 3.0 2.0 1.57
64 3.0 2.0 1.57
64 3.0 2.0 1.57
64 3.0 2.0 1.57
64 3.0 2.0 1.57
64 3.0 2.0 1.57
64 3.0 2.0 1.57
64 3.0 2.0 1.57
64 3.0 2.0 1.57
64 3.0 2.0 1.57
64 3.0 2.0 1.57
64 3.0 2.0 1.57
64 3.0 2.0 1.57
64 3.0 2.0 1.57
65 3.0 2.0 1.57
65 3.0 2.0 1.57
65 3.0 2.0 1.57
65 3.0 2.0 1.57
65 3.0 2.0 1.57
65 3.0 2.0 1.57
65 3.0 2.0 1.57
65 3.0 2.0 1.57
65 3.0 2.0 1.57
65 3.0 2.0 1.57
65 3.0 2.0 1.57
65 3.0 2.0 1.57
65 3.0 2.0 1.57
65 3.0 2.0 1.57
65 3.0 2.0 1.57
65 3.0 2.0 1.57
65 3.0 2.0 1.57
65 3.0 2.0 1.57
65 3.0 2.0 1.57
65 3.0 2.0 1.57
66 3.0 2.0 1.57
66 3.0 2.0 1.57
66 3.0 2.0 1.57
66 3.0 2.0 1.57
66 3.0 2.0 1.57
66 3.0 2.0 1.57
66 3.0 2.0 1.57
66 3.0 2.0 1.57
66 3.0 2.0 1.57
66 3.0 2.0 1.57
66 3.0 2.0 1.57
66 3.0 2.0 1.57
66 3.0 2.0 1.57
66 3.0 2.0 1.57
66 3.0 2.0 1.57
66 3.0 2.0 1.57
66 3.0 2.0 1.57
66 3.0 2.0 1.57
66 3.0 2.0 1.57
66 3.0 2.0 1.57
67 3.0 2.0 1.57
67 3.0 2.0 1.57
67 3.0 2.0 1.57
67 3.0 2.0 1.57
67 3.0 2.0 1.57
67 3.0 2.0 1.57
67 3.0 2.0 1.57
67 3.0 2.0 1.57
67 3.0 2.0 1.57
67 3.0 2.0 1.57
67 3.0 2.0 1.57
67 3.0 2.0 1.57
67 3.0 2.0 1.57
67 3.0 2.0 1.57
67 3.0 2.0 1.57
67 3.0 2.0 1.57
67 3.0 2.0 1.57
67 3.0 2.0 1.57
67 3.0 2.0 1.57
67 3.0 2.0 1.57
68 3.0 2.0 1.57
68 3.0 2.0 1.57
68 3.0 2.0 1.57
68 3.0 2.0 1.57
68 3.0 2.0 1.57
68 3.0 2.0 1.57
68 3.0 2.0 1.57
68 3.0 2.0 1.57
68 3.0 2.0 1.57
68 3.0 2.0 1.57
68 3.0 2.0 1.57
68 3.0 2.0 1.57
68 3.0 2.0 1.57
68 3.0 2.0 1.57
68 3.0 2.0 1.57
68 3.0 2.0 1.57
68 3.0 2.0 1.57
68 3.0 2.0 1.57
68 3.0 2.0 1.57
68 3.0 2.0 1.57
69 3.0 2.0 1.57
69 3.0 2.0 1.57
69 3.0 2.0 1.57
69 3.0 2.0 1.57
69 3.0 2.0 1.57
69 3.0 2.0 1.57
69 3.0 2.0 1.57
69 3.0 2.0 1.57
69 3.0 2.0 1.57
69 3.0 2.0 1.57
69 3.0 2.0 1.57
69 3.0 2.0 1.57
69 3.0 2.0 1.57
69 3.0 2.0 1.57
69 3.0 2.0 1.57
69 3.0 2.0 1.57
69 3.0 2.0 1.57
69 3.0 2.0 1.57
69 3.0 2.0 1.57
69 3.0 2.0 1.57
70 3.0 2.0 1.57
70 3.0 2.0 1.57
70 3.0 2.0 1.57
70 3.0 2.0 1.57
70 3.0 2.0 1.57
70 3.0 2.0 1.57
70 3.0 2.0 1.57
70 3.0 2.0 1.57
70 3.0 2.0 1.57
70 3.0 2.0 1.57
70 3.0 2.0 1.57
70 3.0 2.0 1.57
70 3.0 2.0 1.57
70 3.0 2.0 1.57
70 3.0 2.0 1.57
70 3.0 2.0 1.57
70 3.0 2.0 1.57
70 3.0 2.0 1.57
70 3.0 2.0 1.57
70 3.0 2.0 1.57
71 3.0 2.0 1.57
71 3.0 2.0 1.57
71 3.0 2.0 1.57
71 3.0 2.0 1.57
71 3.0 2.0 1.57
71 3.0 2.0 1.57
71 3.0 2.0 1.57
71 3.0 2.0 1.57
71 3.0 2.0 1.57
71 3.0 2.0 1.57
71 3.0 2.0 1.57
71 3.0 2.0 1.57
71 3.0 2.0 1.57
71 3.0 2.0 1.57
71 3.0 2.0 1.57
71 3.0 2.0 1.57
71 3.0 2.0 1.57
71 3.0 2.0 1.57
71 3.0 2.0 1.57
71 3.0 2.0 1.57
72 3.0 2.0 1.57
72 3.0 2.0 1.57
72 3.0 2.0 1.57
72 3.0 2.0 1.57
72 3.0 2.0 1.57
72 3.0 2.0 1.57
72 3.0 2.0 1.57
72 3.0 2.0 1.57
72 3.0 2.0 1.57
72 3.0 2.0 1.57
72 3.0 2.0 1.57
72 3.0 2.0 1.57
72 3.0 2.0 1.57
72 3.0 2.0 1.57
72 3.0 2.0 1.57
72 3.0 2.0 1.57
72 3.0 2.0 1.57
72 3.0 2.0 1.57
72 3.0 2.0 1.57
72 3.0 2.0 1.57
73 3.0 2.0 1.57
73 3.0 2.0 1.57
73 3.0 2.0 1.57
73 3.0 2.0 1.57
73 3.0 2.0 1.57
73 3.0 2.0 1.57
73 3.0 2.0 1.57
73 3.0 2.0 1.57
73 3.0 2.0 1.57
73 3.0 2.0 1.57
73 3.0 2.0 1.57
73 3.0 2.0 1.57
73 3.0 2.0 1.57
73 3.0 2.0 1.57
73 3.0 2.0 1.57
73 3.0 2.0 1.57
73 3.0 2.0 1.57
73 3.0 2.0 1.57
73 3.0 2.0 1.57
73 3.0 2.0 1.57
74 3.0 2.0 1.57
74 3.0 2.0 1.57
74 3.0 2.0 1.57
74 3.0 2.0 1.57
74 3.0 2.0 1.57
74 3.0 2.0 1.57
74 3.0 2.0 1.57
74 3.0 2.0 1.57
74 3.0 2.0 1.57
74 3.0 2.0 1.57
74 3.0 2.0 1.57
74 3.0 2.0 1.57
74 3.0 2.0 1.57
74 3.0 2.0 1.57
74 3.0 2.0 1.57
74 3.0 2.0 1.57
74 3.0 2.0 1.57
74 3.0 2.0 1.57
74 3.0 2.0 1.57
74 3.0 2.0 1.57
75 3.0 2.0 1.57
75 3.0 2.0 1.57
75 3.0 2.0 1.57
75 3.0 2.0 1.57
75 3.0 2.0 1.57
75 3.0 2.0 1.57
75 3.0 2.0 1.57
75 3.0 2.0 1.57
75 3.0 2.0 1.57
75 3.0 2.0 1.57
75 3.0 2.0 1.57
75 3.0 2.0 1.57
75 3.0 2.0 1.57
75 3.0 2.0 1.57
75 3.0 2.0 1.57
75 3.0 2.0 1.57
75 3.0 2.0 1.57
75 3.0 2.0 1.57
75 3.0 2.0 1.57
75 3.0 2.0 1.57
76 3.0 2.0 1.57
76 3.0 2.0 1.57
76 3.0 2.0 1.57
76 3.0 2.0 1.57
76 3.0 2.0 1.57
76 3.0 2.0 1.57
76 3.0 2.0 1.57
76 3.0 2.0 1.57
76 3.0 2.0 1.57
76 3.0 2.0 1.57
76 3.0 2.0 1.57
76 3.0 2.0 1.57
76 3.0 2.0 1.57
76 3.0 2.0 1.57
76 3.0 2.0 1.57
76 3.0 2.0 1.57
76 3.0 2.0 1.57
76 3.0 2.0 1.57
76 3.0 2.0 1.57
76 3.0 2.0 1.57
77 3.0 2.0 1.57
77 3.0 2.0 1.57
77 3.0 2.0 1.57
77 3.0 2.0 1.57
77 3.0 2.0 1.57
77 3.0 2.0 1.57
77 3.0 2.0 1.57
77 3.0 2.0 1.57
77 3.0 2.0 1.57
77 3.0 2.0 1.57
77 3.0 2.0 1.57
77 3.0 2.0 1.57
77 3.0 2.0 1.57
77 3.0 2.0 1.57
77 3.0 2.0 1.57
77 3.0 2.0 1.57
77 3.0 2.0 1.57
77 3.0 2.0 1.57
77 3.0 2.0 1.57
77 3.0 2.0 1.57
78 3.0 2.0 1.57
78 3.0 2.0 1.57
78 3.0 2.0 1.57
78 3.0 2.0 1.57
78 3.0 2.0 1.57
78 3.0 2.0 1.57
78 3.0 2.0 1.57
78 3.0 2.0 1.57
78 3.0 2.0 1.57
78 3.0 2.0 1.57
78 3.0 2.0 1.57
78 3.0 2.0 1.57
78 3.0 2.0 1.57
78 3.0 2.0 1.57
78 3.0 2.0 1.57
78 3.0 2.0 1.57
78 3.0 2.0 1.57
78 3.0 2.0 1.57
78 3.0 2.0 1.57
78 3.0 2.0 1.57
79 3.0 2.0 1.57
79 3.0 2.0 1.57
79 3.0 2.0 1.57
79 3.0 2.0 1.57
79 3.0 2.0 1.57
79 3.0 2.0 1.57
79 3.0 2.0 1.57
79 3.0 2.0 1.57
79 3.0 2.0 1.57
79 3.0 2.0 1.57
79 3.0 2.0 1.57
79 3.0 2.0 1.57
79 3.0 2.0 1.57
79 3.0 2.0 1.57
79 3.0 2.0 1.57
79 3.0 2.0 1.57
79 3.0 2.0 1.57
79 3.0 2.0 1.57
79 3.0 2.0 1.57
79 3.0 2.0 1.57
80 3.0 2.0 1.57
80 3.0 2.0 1.57
80 3.0 2.0 1.57
80 3.0 2.0 1.57
80 3.0 2.0 1.57
80 3.0 2.0 1.57
80 3.0 2.0 1.57
80 3.0 2.0 1.57
80 3.0 2.0 1.57
80 3.0 2.0 1.57
80 3.0 2.0 1.57
80 3.0 2.0 1.57
80 3.0 2.0 1.57
80 3.0 2.0 1.57
80 3.0 2.0 1.57
80 3.0 2.0 1.57
80 3.0 2.0 1.57
80 3.0 2.0 1.57
80 3.0 2.0 1.57
80 3.0 2.0 1.57
81 3.0 2.0 1.57
81 3.0 2.0 1.57
81 3.0 2.0 1.57
81 3.0 2.0 1.57
81 3.0 2.0 1.57
81 3.0 2.0 1.57
81 3.0 2.0 1.57
81 3.0 2.0 1.57
81 3.0 2.0 1.57
81 3.0 2.0 1.57
81 3.0 2.0 1.57
81 3.0 2.0 1.57
81 3.0 2.0 1.57
81 3.0 2.0 1.57
81 3.0 2.0 1.57
81 3.0 2.0 1.57
81 3.0 2.0 1.57
81 3.0 2.0 1.57
81 3.0 2.0 1.57
81 3.0 2.0 1.57
82 3.0 2.0 1.57
82 3.0 2.0 1.57
82 3.0 2.0 1.57
82 3.0 2.0 1.57
82 3.0 2.0 1.57
82 3.0 2.0 1.57
82 3.0 2.0 1.57
82 3.0 2.0 1.57
82 3.0 2.0 1.57
82 3.0 2.0 1.57
82 3.0 2.0 1.57
82 3.0 2.0 1.57
82 3.0 2.0 1.57
82 3.0 2.0 1.57
82 3.0 2.0 1.57
82 3.0 2.0 1.57
82 3.0 2.0 1.57
82 3.0 2.0 1.57
82 3.0 2.0 1.57
82 3.0 2.0 1.57
83 3.0 2.0 1.57
83 3.0 2.0 1.57
83 3.0 2.0 1.57
83 3.0 2.0 1.57
83 3.0 2.0 1.57
83 3.0 2.0 1.57
83 3.0 2.0 1.57
83 3.0 2.0 1.57
83 3.0 2.0 1.57
83 3.0 2.0 1.57
83 3.0 2.0 1.57
83 3.0 2.0 1.57
83 3.0 2.0 1.57
83 3.0 2.0 1.57
83 3.0 2.0 1.57
83 3.0 2.0 1.57
83 3.0 2.0 1.57
83 3.0 2.0 1.57
83 3.0 2.0 1.57
83 3.0 2.0 1.57
84 3.0 2.0 1.57
84 3.0 2.0 1.57
84 3.0 2.0 1.57
84 3.0 2.0 1.57
84 3.0 2.0 1.57
84 3.0 2.0 1.57
84 3.0 2.0 1.57
84 3.0 2.0 1.57
84 3.0 2.0 1.57
84 3.0 2.0 1.57
84 3.0 2.0 1.57
84 3.0 2.0 1.57
84 3.0 2.0 1.57
84 3.0 2.0 1.57
84 3.0 2.0 1.57
84 3.0 2.0 1.57
84 3.0 2.0 1.57
84 3.0 2.0 1.57
84 3.0 2.0 1.57
85 3.0 2.0 1.57
85 3.0 2.0 1.57
85 3.0 2.0 1.57
85 3.0 2.0 1.57
85 3.0 2.0 1.57
85 3.0 2.0 1.57
85 3.0 2.0 1.57
85 3.0 2.0 1.57
85 3.0 2.0 1.57
85 3.0 2.0 1.57
85 3.0 2.0 1.57
85 3.0 2.0 1.57
85 3.0 2.0 1.57
85 3.0 2.0 1.57
85 3.0 2.0 1.57
85 3.0 2.0 1.57
85 3.0 2.0 1.57
85 3.0 2.0 1.57
85 3.0 2.0 1.57
85 3.0 2.0 1.57
86 3.0 2.0 1.57
86 3.0 2.0 1.57
86 3.0 2.0 1.57
86 3.0 2.0 1.57
86 3.0 2.0 1.57
86 3.0 2.0 1.57
86 3.0 2.0 1.57
86 3.0 2.0 1.57
86 3.0 2.0 1.57
86 3.0 2.0 1.57
86 3.0 2.0 1.57
86 3.0 2.0 1.57
86 3.0 2.0 1.57
86 3.0 2.0 1.57
86 3.0 2.0 1.57
86 3.0 2.0 1.57
86 3.0 2.0 1.57
86 3.0 2.0 1.57
86 3.0 2.0 1.57
86 3.0 2.0 1.57
86 3.0 2.0 1.57
87 3.0 2.0 1.57
87 3.0 2.0 1.57
87 3.0 2.0 1.57
87 3.0 2.0 1.57
87 3.0 2.0 1.57
87 3.0 2.0 1.57
87 3.0 2.0 1.57
87 3.0 2.0 1.57
87 3.0 2.0 1.57
87 3.0 2.0 1.57
87 3.0 2.0 1.57
87 3.0 2.0 1.57
87 3.0 2.0 1.57
87 3.0 2.0 1.57
87 3.0 2.0 1.57
87 3.0 2.0 1.57
87 3.0 2.0 1.57
87 3.0 2.0 1.57
87 3.0 2.0 1.57
87 3.0 2.0 1.57
88 3.0 2.0 1.57
88 3.0 2.0 1.57
88 3.0 2.0 1.57
88 3.0 2.0 1.57
88 3.0 2.0 1.57
88 3.0 2.0 1.57
88 3.0 2.0 1.57
88 3.0 2.0 1.57
88 3.0 2.0 1.57
88 3.0 2.0 1.57
88 3.0 2.0 1.57
88 3.0 2.0 1.57
88 3.0 2.0 1.57
88 3.0 2.0 1.57
88 3.0 2.0 1.57
88 3.0 2.0 1.57
88 3.0 2.0 1.57
88 3.0 2.0 1.57
88 3.0 2.0 1.57
89 3.0 2.0 1.57
89 3.0 2.0 1.57
89 3.0 2.0 1.57
89 3.0 2.0 1.57
89 3.0 2.0 1.57
89 3.0 2.0 1.57
