0 3.0 2.0 1.57
0 3.0 2.0 1.57
0 3.0 2.0 1.57
1610230727 3.0 2.0 1.57
1610230727 3.0 2.0 1.57
1610230727 3.0 2.0 1.57
1610230727 3.0 2.0 1.57
1610230727 3.0 2.0 1.57
1610230727 3.0 2.0 1.57
1610230727 3.0 2.0 1.57
1610230727 3.0 2.0 1.57
1610230727 3.0 2.0 1.57
1610230727 3.0 2.0 1.57
1610230727 3.0 2.0 1.57
1610230727 3.0 2.0 1.57
1610230727 3.0 2.0 1.57
1610230727 3.0 2.0 1.57
1610230727 3.0 2.0 1.57
1610230728 3.0 2.0 1.57
1610230728 3.0 2.0 1.57
1610230728 3.0 2.0 1.57
1610230728 3.0 2.0 1.57
1610230728 3.0 2.0 1.57
1610230728 3.0 2.0 1.57
1610230728 3.0 2.0 1.57
1610230728 3.0 2.0 1.57
1610230728 3.0 2.0 1.57
1610230728 3.0 2.0 1.57
1610230728 3.0 2.0 1.57
1610230728 3.0 2.0 1.57
1610230728 3.0 2.0 1.57
1610230728 3.0 2.0 1.57
1610230728 3.0 2.0 1.57
1610230728 3.0 2.0 1.57
1610230728 3.0 2.0 1.57
1610230728 3.0 2.0 1.57
1610230729 3.0 2.0 1.57
1610230729 3.0 2.0 1.57
1610230729 3.0 2.0 1.57
1610230729 3.0 2.0 1.57
1610230729 3.0 2.0 1.57
1610230729 3.0 2.0 1.57
1610230729 3.0 2.0 1.57
1610230729 3.0 2.0 1.57
1610230729 3.0 2.0 1.57
1610230729 3.0 2.0 1.57
1610230729 3.0 2.0 1.57
1610230729 3.0 2.0 1.57
1610230729 3.0 2.0 1.57
1610230729 3.0 2.0 1.57
1610230729 3.0 2.0 1.57
1610230729 3.0 2.0 1.57
1610230729 3.0 2.0 1.57
1610230729 3.0 2.0 1.57
1610230729 3.0 2.0 1.57
1610230729 3.0 2.0 1.57
1610230729 3.0 2.0 1.57
1610230729 3.0 2.0 1.57
1610230730 3.0 2.0 1.57
1610230730 3.0 2.0 1.57
1610230730 3.0 2.0 1.57
1610230730 3.0 2.0 1.57
1610230730 3.0 2.0 1.57
1610230730 3.0 2.0 1.57
1610230730 3.0 2.0 1.57
1610230730 3.0 2.0 1.57
1610230730 3.0 2.0 1.57
1610230730 3.0 2.0 1.57
1610230730 3.0 2.0 1.57
1610230730 3.0 2.0 1.57
1610230730 3.0 2.0 1.57
1610230730 3.0 2.0 1.57
1610230730 3.0 2.0 1.57
1610230730 3.0 2.0 1.57
1610230730 3.0 2.0 1.57
1610230730 3.0 2.0 1.57
1610230730 3.0 2.0 1.57
1610230730 3.0 2.0 1.57
1610230731 3.0 2.0 1.57
1610230731 3.0 2.0 1.57
1610230731 3.0 2.0 1.57
1610230731 3.0 2.0 1.57
1610230731 3.0 2.0 1.57
1610230731 3.0 2.0 1.57
1610230731 3.0 2.0 1.57
1610230731 3.0 2.0 1.57
1610230731 3.0 2.0 1.57
1610230731 3.0 2.0 1.57
1610230731 3.0 2.0 1.57
1610230731 3.0 2.0 1.57
1610230731 3.0 2.0 1.57
1610230731 3.0 2.0 1.57
1610230731 3.0 2.0 1.57
1610230731 3.0 2.0 1.57
1610230731 3.0 2.0 1.57
1610230731 3.0 2.0 1.57
1610230732 3.0 2.0 1.57
1610230732 3.0 2.0 1.57
1610230732 3.0 2.0 1.57
1610230732 3.0 2.0 1.57
1610230732 3.0 2.0 1.57
1610230732 3.0 2.0 1.57
1610230732 3.0 2.0 1.57
1610230732 3.0 2.0 1.57
1610230732 3.0 2.0 1.57
1610230732 3.0 2.0 1.57
1610230732 3.0 2.0 1.57
1610230732 3.0 2.0 1.57
1610230732 3.0 2.0 1.57
1610230732 3.0 2.0 1.57
1610230732 3.0 2.0 1.57
1610230732 3.0 2.0 1.57
1610230732 3.0 2.0 1.57
1610230732 3.0 2.0 1.57
1610230732 3.0 2.0 1.57
1610230732 3.0 2.0 1.57
1610230733 3.0 2.0 1.57
1610230733 3.0 2.0 1.57
1610230733 3.0 2.0 1.57
1610230733 3.0 2.0 1.57
1610230733 3.0 2.0 1.57
1610230733 3.0 2.0 1.57
1610230733 3.0 2.0 1.57
1610230733 3.0 2.0 1.57
1610230733 3.0 2.0 1.57
1610230733 3.0 2.0 1.57
1610230733 3.0 2.0 1.57
1610230733 3.0 2.0 1.57
1610230733 3.0 2.0 1.57
1610230733 3.0 2.0 1.57
1610230733 3.0 2.0 1.57
1610230733 3.0 2.0 1.57
1610230733 3.0 2.0 1.57
1610230733 3.0 2.0 1.57
1610230733 3.0 2.0 1.57
1610230733 3.0 2.0 1.57
1610230733 3.0 2.0 1.57
1610230734 3.0 2.0 1.57
1610230734 3.0 2.0 1.57
1610230734 3.0 2.0 1.57
1610230734 3.0 2.0 1.57
1610230734 3.0 2.0 1.57
1610230734 3.0 2.0 1.57
1610230734 3.0 2.0 1.57
1610230734 3.0 2.0 1.57
1610230734 3.0 2.0 1.57
1610230734 3.0 2.0 1.57
1610230734 3.0 2.0 1.57
1610230734 3.0 2.0 1.57
1610230734 3.0 2.0 1.57
1610230734 3.0 2.0 1.57
1610230734 3.0 2.0 1.57
1610230734 3.0 2.0 1.57
1610230734 3.0 2.0 1.57
1610230734 3.0 2.0 1.57
1610230734 3.0 2.0 1.57
1610230734 3.0 2.0 1.57
1610230735 3.0 2.0 1.57
1610230735 3.0 2.0 1.57
1610230735 3.0 2.0 1.57
1610230735 3.0 2.0 1.57
1610230735 3.0 2.0 1.57
1610230735 3.0 2.0 1.57
1610230735 3.0 2.0 1.57
1610230735 3.0 2.0 1.57
1610230735 3.0 2.0 1.57
1610230735 3.0 2.0 1.57
1610230735 3.0 2.0 1.57
1610230735 3.0 2.0 1.57
1610230735 3.0 2.0 1.57
1610230735 3.0 2.0 1.57
1610230735 3.0 2.0 1.57
1610230735 3.0 2.0 1.57
1610230735 3.0 2.0 1.57
1610230735 3.0 2.0 1.57
1610230735 3.0 2.0 1.57
1610230736 3.0 2.0 1.57
1610230736 3.0 2.0 1.57
1610230736 3.0 2.0 1.57
1610230736 3.0 2.0 1.57
1610230736 3.0 2.0 1.57
1610230736 3.0 2.0 1.57
1610230736 3.0 2.0 1.57
1610230736 3.0 2.0 1.57
1610230736 3.0 2.0 1.57
1610230736 3.0 2.0 1.57
1610230736 3.0 2.0 1.57
1610230736 3.0 2.0 1.57
1610230736 3.0 2.0 1.57
1610230736 3.0 2.0 1.57
1610230736 3.0 2.0 1.57
1610230736 3.0 2.0 1.57
1610230736 3.0 2.0 1.57
1610230736 3.0 2.0 1.57
1610230736 3.0 2.0 1.57
1610230736 3.0 2.0 1.57
1610230737 3.0 2.0 1.57
1610230737 3.0 2.0 1.57
1610230737 3.0 2.0 1.57
1610230737 3.0 2.0 1.57
1610230737 3.0 2.0 1.57
1610230737 3.0 2.0 1.57
1610230737 3.0 2.0 1.57
1610230737 3.0 2.0 1.57
1610230737 3.0 2.0 1.57
1610230737 3.0 2.0 1.57
1610230737 3.0 2.0 1.57
1610230737 3.0 2.0 1.57
1610230737 3.0 2.0 1.57
1610230737 3.0 2.0 1.57
1610230737 3.0 2.0 1.57
1610230737 3.0 2.0 1.57
1610230737 3.0 2.0 1.57
1610230737 3.0 2.0 1.57
1610230737 3.0 2.0 1.57
1610230737 3.0 2.0 1.57
1610230738 3.0 2.0 1.57
1610230738 3.0 2.0 1.57
1610230738 3.0 2.0 1.57
1610230738 3.0 2.0 1.57
1610230738 3.0 2.0 1.57
1610230738 3.0 2.0 1.57
1610230738 3.0 2.0 1.57
1610230738 3.0 2.0 1.57
1610230738 3.0 2.0 1.57
1610230738 3.0 2.0 1.57
1610230738 3.0 2.0 1.57
1610230738 3.0 2.0 1.57
1610230738 3.0 2.0 1.57
1610230738 3.0 2.0 1.57
1610230738 3.0 2.0 1.57
1610230738 3.0 2.0 1.57
1610230738 3.0 2.0 1.57
1610230738 3.0 2.0 1.57
1610230738 3.0 2.0 1.57
1610230738 3.0 2.0 1.57
1610230739 3.0 2.0 1.57
1610230739 3.0 2.0 1.57
1610230739 3.0 2.0 1.57
1610230739 3.0 2.0 1.57
1610230739 3.0 2.0 1.57
1610230739 3.0 2.0 1.57
1610230739 3.0 2.0 1.57
1610230739 3.0 2.0 1.57
1610230739 3.0 2.0 1.57
1610230739 3.0 2.0 1.57
1610230739 3.0 2.0 1.57
1610230739 3.0 2.0 1.57
1610230739 3.0 2.0 1.57
1610230739 3.0 2.0 1.57
1610230739 3.0 2.0 1.57
1610230739 3.0 2.0 1.57
1610230739 3.0 2.0 1.57
1610230739 3.0 2.0 1.57
1610230739 3.0 2.0 1.57
1610230739 3.0 2.0 1.57
1610230739 3.0 2.0 1.57
1610230740 3.0 2.0 1.57
1610230740 3.0 2.0 1.57
1610230740 3.0 2.0 1.57
1610230740 3.0 2.0 1.57
1610230740 3.0 2.0 1.57
1610230740 3.0 2.0 1.57
1610230740 3.0 2.0 1.57
1610230740 3.0 2.0 1.57
1610230740 3.0 2.0 1.57
1610230740 3.0 2.0 1.57
1610230740 3.0 2.0 1.57
1610230740 3.0 2.0 1.57
1610230740 3.0 2.0 1.57
1610230740 3.0 2.0 1.57
1610230740 3.0 2.0 1.57
1610230740 3.0 2.0 1.57
1610230740 3.0 2.0 1.57
1610230740 3.0 2.0 1.57
1610230740 3.0 2.0 1.57
1610230740 3.0 2.0 1.57
1610230741 3.0 2.0 1.57
1610230741 3.0 2.0 1.57
1610230741 3.0 2.0 1.57
1610230741 3.0 2.0 1.57
1610230741 3.0 2.0 1.57
1610230741 3.0 2.0 1.57
1610230741 3.0 2.0 1.57
1610230741 3.0 2.0 1.57
1610230741 3.0 2.0 1.57
1610230741 3.0 2.0 1.57
1610230741 3.0 2.0 1.57
1610230741 3.0 2.0 1.57
1610230741 3.0 2.0 1.57
1610230741 3.0 2.0 1.57
1610230741 3.0 2.0 1.57
1610230741 3.0 2.0 1.57
1610230741 3.0 2.0 1.57
1610230741 3.0 2.0 1.57
1610230741 3.0 2.0 1.57
1610230742 3.0 2.0 1.57
1610230742 3.0 2.0 1.57
1610230742 3.0 2.0 1.57
1610230742 3.0 2.0 1.57
1610230742 3.0 2.0 1.57
1610230742 3.0 2.0 1.57
1610230742 3.0 2.0 1.57
1610230742 3.0 2.0 1.57
1610230742 3.0 2.0 1.57
1610230742 3.0 2.0 1.57
1610230742 3.0 2.0 1.57
1610230742 3.0 2.0 1.57
1610230742 3.0 2.0 1.57
1610230742 3.0 2.0 1.57
1610230742 3.0 2.0 1.57
1610230742 3.0 2.0 1.57
1610230742 3.0 2.0 1.57
1610230742 3.0 2.0 1.57
1610230742 3.0 2.0 1.57
1610230742 3.0 2.0 1.57
1610230743 3.0 2.0 1.57
1610230743 3.0 2.0 1.57
1610230743 3.0 2.0 1.57
1610230743 3.0 2.0 1.57
1610230743 3.0 2.0 1.57
1610230743 3.0 2.0 1.57
1610230743 3.0 2.0 1.57
1610230743 3.0 2.0 1.57
1610230743 3.0 2.0 1.57
1610230743 3.0 2.0 1.57
1610230743 3.0 2.0 1.57
1610230743 3.0 2.0 1.57
1610230743 3.0 2.0 1.57
1610230743 3.0 2.0 1.57
1610230743 3.0 2.0 1.57
1610230743 3.0 2.0 1.57
1610230743 3.0 2.0 1.57
1610230743 3.0 2.0 1.57
1610230743 3.0 2.0 1.57
1610230743 3.0 2.0 1.57
1610230744 3.0 2.0 1.57
1610230744 3.0 2.0 1.57
1610230744 3.0 2.0 1.57
1610230744 3.0 2.0 1.57
1610230744 3.0 2.0 1.57
1610230744 3.0 2.0 1.57
1610230744 3.0 2.0 1.57
1610230744 3.0 2.0 1.57
1610230744 3.0 2.0 1.57
1610230744 3.0 2.0 1.57
1610230744 3.0 2.0 1.57
1610230744 3.0 2.0 1.57
1610230744 3.0 2.0 1.57
1610230744 3.0 2.0 1.57
1610230744 3.0 2.0 1.57
1610230744 3.0 2.0 1.57
1610230744 3.0 2.0 1.57
1610230744 3.0 2.0 1.57
1610230744 3.0 2.0 1.57
1610230744 3.0 2.0 1.57
1610230745 3.0 2.0 1.57
1610230745 3.0 2.0 1.57
1610230745 3.0 2.0 1.57
1610230745 3.0 2.0 1.57
1610230745 3.0 2.0 1.57
1610230745 3.0 2.0 1.57
1610230745 3.0 2.0 1.57
1610230745 3.0 2.0 1.57
1610230745 3.0 2.0 1.57
1610230745 3.0 2.0 1.57
1610230745 3.0 2.0 1.57
1610230745 3.0 2.0 1.57
1610230745 3.0 2.0 1.57
1610230745 3.0 2.0 1.57
1610230745 3.0 2.0 1.57
1610230745 3.0 2.0 1.57
1610230745 3.0 2.0 1.57
1610230745 3.0 2.0 1.57
1610230745 3.0 2.0 1.57
1610230745 3.0 2.0 1.57
1610230745 3.0 2.0 1.57
1610230746 3.0 2.0 1.57
1610230746 3.0 2.0 1.57
1610230746 3.0 2.0 1.57
1610230746 3.0 2.0 1.57
1610230746 3.0 2.0 1.57
1610230746 3.0 2.0 1.57
1610230746 3.0 2.0 1.57
1610230746 3.0 2.0 1.57
1610230746 3.0 2.0 1.57
1610230746 3.0 2.0 1.57
1610230746 3.0 2.0 1.57
1610230746 3.0 2.0 1.57
1610230746 3.0 2.0 1.57
1610230746 3.0 2.0 1.57
1610230746 3.0 2.0 1.57
1610230746 3.0 2.0 1.57
1610230746 3.0 2.0 1.57
1610230746 3.0 2.0 1.57
1610230746 3.0 2.0 1.57
1610230746 3.0 2.0 1.57
1610230747 3.0 2.0 1.57
1610230747 3.0 2.0 1.57
1610230747 3.0 2.0 1.57
1610230747 3.0 2.0 1.57
1610230747 3.0 2.0 1.57
1610230747 3.0 2.0 1.57
1610230747 3.0 2.0 1.57
1610230747 3.0 2.0 1.57
1610230747 3.0 2.0 1.57
1610230747 3.0 2.0 1.57
1610230747 3.0 2.0 1.57
1610230747 3.0 2.0 1.57
1610230747 3.0 2.0 1.57
1610230747 3.0 2.0 1.57
1610230747 3.0 2.0 1.57
1610230747 3.0 2.0 1.57
1610230747 3.0 2.0 1.57
1610230747 3.0 2.0 1.57
1610230747 3.0 2.0 1.57
1610230748 3.0 2.0 1.57
1610230748 3.0 2.0 1.57
1610230748 3.0 2.0 1.57
1610230748 3.0 2.0 1.57
1610230748 3.0 2.0 1.57
1610230748 3.0 2.0 1.57
1610230748 3.0 2.0 1.57
1610230748 3.0 2.0 1.57
1610230748 3.0 2.0 1.57
1610230748 3.0 2.0 1.57
1610230748 3.0 2.0 1.57
1610230748 3.0 2.0 1.57
1610230748 3.0 2.0 1.57
1610230748 3.0 2.0 1.57
1610230748 3.0 2.0 1.57
1610230748 3.0 2.0 1.57
1610230748 3.0 2.0 1.57
1610230748 3.0 2.0 1.57
1610230748 3.0 2.0 1.57
1610230748 3.0 2.0 1.57
1610230749 3.0 2.0 1.57
1610230749 3.0 2.0 1.57
1610230749 3.0 2.0 1.57
1610230749 3.0 2.0 1.57
1610230749 3.0 2.0 1.57
1610230749 3.0 2.0 1.57
1610230749 3.0 2.0 1.57
1610230749 3.0 2.0 1.57
1610230749 3.0 2.0 1.57
1610230749 3.0 2.0 1.57
1610230749 3.0 2.0 1.57
1610230749 3.0 2.0 1.57
1610230749 3.0 2.0 1.57
1610230749 3.0 2.0 1.57
1610230749 3.0 2.0 1.57
1610230749 3.0 2.0 1.57
1610230749 3.0 2.0 1.57
1610230749 3.0 2.0 1.57
1610230749 3.0 2.0 1.57
1610230749 3.0 2.0 1.57
1610230750 3.0 2.0 1.57
1610230750 3.0 2.0 1.57
1610230750 3.0 2.0 1.57
1610230750 3.0 2.0 1.57
1610230750 3.0 2.0 1.57
1610230750 3.0 2.0 1.57
1610230750 3.0 2.0 1.57
1610230750 3.0 2.0 1.57
1610230750 3.0 2.0 1.57
1610230750 3.0 2.0 1.57
1610230750 3.0 2.0 1.57
1610230750 3.0 2.0 1.57
1610230750 3.0 2.0 1.57
1610230750 3.0 2.0 1.57
1610230750 3.0 2.0 1.57
1610230750 3.0 2.0 1.57
1610230750 3.0 2.0 1.57
1610230750 3.0 2.0 1.57
1610230750 3.0 2.0 1.57
1610230750 3.0 2.0 1.57
1610230751 3.0 2.0 1.57
1610230751 3.0 2.0 1.57
1610230751 3.0 2.0 1.57
1610230751 3.0 2.0 1.57
1610230751 3.0 2.0 1.57
1610230751 3.0 2.0 1.57
1610230751 3.0 2.0 1.57
1610230751 3.0 2.0 1.57
1610230751 3.0 2.0 1.57
1610230751 3.0 2.0 1.57
1610230751 3.0 2.0 1.57
1610230751 3.0 2.0 1.57
1610230751 3.0 2.0 1.57
1610230751 3.0 2.0 1.57
1610230751 3.0 2.0 1.57
1610230751 3.0 2.0 1.57
1610230751 3.0 2.0 1.57
1610230751 3.0 2.0 1.57
1610230751 3.0 2.0 1.57
1610230751 3.0 2.0 1.57
1610230751 3.0 2.0 1.57
1610230752 3.0 2.0 1.57
1610230752 3.0 2.0 1.57
1610230752 3.0 2.0 1.57
1610230752 3.0 2.0 1.57
1610230752 3.0 2.0 1.57
1610230752 3.0 2.0 1.57
1610230752 3.0 2.0 1.57
1610230752 3.0 2.0 1.57
1610230752 3.0 2.0 1.57
1610230752 3.0 2.0 1.57
1610230752 3.0 2.0 1.57
1610230752 3.0 2.0 1.57
1610230752 3.0 2.0 1.57
1610230752 3.0 2.0 1.57
1610230752 3.0 2.0 1.57
1610230752 3.0 2.0 1.57
1610230752 3.0 2.0 1.57
1610230752 3.0 2.0 1.57
1610230752 3.0 2.0 1.57
1610230753 3.0 2.0 1.57
1610230753 3.0 2.0 1.57
1610230753 3.0 2.0 1.57
1610230753 3.0 2.0 1.57
1610230753 3.0 2.0 1.57
1610230753 3.0 2.0 1.57
1610230753 3.0 2.0 1.57
1610230753 3.0 2.0 1.57
1610230753 3.0 2.0 1.57
1610230753 3.0 2.0 1.57
1610230753 3.0 2.0 1.57
1610230753 3.0 2.0 1.57
1610230753 3.0 2.0 1.57
1610230753 3.0 2.0 1.57
1610230753 3.0 2.0 1.57
1610230753 3.0 2.0 1.57
1610230753 3.0 2.0 1.57
1610230753 3.0 2.0 1.57
1610230753 3.0 2.0 1.57
1610230753 3.0 2.0 1.57
1610230754 3.0 2.0 1.57
1610230754 3.0 2.0 1.57
1610230754 3.0 2.0 1.57
1610230754 3.0 2.0 1.57
1610230754 3.0 2.0 1.57
1610230754 3.0 2.0 1.57
1610230754 3.0 2.0 1.57
1610230754 3.0 2.0 1.57
1610230754 3.0 2.0 1.57
1610230754 3.0 2.0 1.57
1610230754 3.0 2.0 1.57
1610230754 3.0 2.0 1.57
1610230754 3.0 2.0 1.57
1610230754 3.0 2.0 1.57
1610230754 3.0 2.0 1.57
1610230754 3.0 2.0 1.57
1610230754 3.0 2.0 1.57
1610230754 3.0 2.0 1.57
1610230754 3.0 2.0 1.57
1610230754 3.0 2.0 1.57
1610230755 3.0 2.0 1.57
1610230755 3.0 2.0 1.57
1610230755 3.0 2.0 1.57
1610230755 3.0 2.0 1.57
1610230755 3.0 2.0 1.57
1610230755 3.0 2.0 1.57
1610230755 3.0 2.0 1.57
1610230755 3.0 2.0 1.57
1610230755 3.0 2.0 1.57
1610230755 3.0 2.0 1.57
1610230755 3.0 2.0 1.57
1610230755 3.0 2.0 1.57
1610230755 3.0 2.0 1.57
1610230755 3.0 2.0 1.57
1610230755 3.0 2.0 1.57
1610230755 3.0 2.0 1.57
1610230755 3.0 2.0 1.57
1610230755 3.0 2.0 1.57
1610230755 3.0 2.0 1.57
1610230755 3.0 2.0 1.57
1610230755 3.0 2.0 1.57
1610230756 3.0 2.0 1.57
1610230756 3.0 2.0 1.57
1610230756 3.0 2.0 1.57
1610230756 3.0 2.0 1.57
1610230756 3.0 2.0 1.57
1610230756 3.0 2.0 1.57
1610230756 3.0 2.0 1.57
1610230756 3.0 2.0 1.57
1610230756 3.0 2.0 1.57
1610230756 3.0 2.0 1.57
1610230756 3.0 2.0 1.57
1610230756 3.0 2.0 1.57
1610230756 3.0 2.0 1.57
1610230756 3.0 2.0 1.57
1610230756 3.0 2.0 1.57
1610230756 3.0 2.0 1.57
1610230756 3.0 2.0 1.57
1610230756 3.0 2.0 1.57
1610230756 3.0 2.0 1.57
1610230757 3.0 2.0 1.57
1610230757 3.0 2.0 1.57
1610230757 3.0 2.0 1.57
1610230757 3.0 2.0 1.57
1610230757 3.0 2.0 1.57
1610230757 3.0 2.0 1.57
1610230757 3.0 2.0 1.57
1610230757 3.0 2.0 1.57
1610230757 3.0 2.0 1.57
1610230757 3.0 2.0 1.57
1610230757 3.0 2.0 1.57
1610230757 3.0 2.0 1.57
1610230757 3.0 2.0 1.57
1610230757 3.0 2.0 1.57
1610230757 3.0 2.0 1.57
1610230757 3.0 2.0 1.57
1610230757 3.0 2.0 1.57
1610230757 3.0 2.0 1.57
1610230757 3.0 2.0 1.57
1610230757 3.0 2.0 1.57
1610230758 3.0 2.0 1.57
1610230758 3.0 2.0 1.57
1610230758 3.0 2.0 1.57
1610230758 3.0 2.0 1.57
1610230758 3.0 2.0 1.57
1610230758 3.0 2.0 1.57
1610230758 3.0 2.0 1.57
1610230758 3.0 2.0 1.57
1610230758 3.0 2.0 1.57
1610230758 3.0 2.0 1.57
1610230758 3.0 2.0 1.57
1610230758 3.0 2.0 1.57
1610230758 3.0 2.0 1.57
1610230758 3.0 2.0 1.57
1610230758 3.0 2.0 1.57
1610230758 3.0 2.0 1.57
1610230758 3.0 2.0 1.57
1610230758 3.0 2.0 1.57
1610230758 3.0 2.0 1.57
1610230758 3.0 2.0 1.57
1610230758 3.0 2.0 1.57
1610230759 3.0 2.0 1.57
1610230759 3.0 2.0 1.57
1610230759 3.0 2.0 1.57
1610230759 3.0 2.0 1.57
1610230759 3.0 2.0 1.57
1610230759 3.0 2.0 1.57
1610230759 3.0 2.0 1.57
1610230759 3.0 2.0 1.57
1610230759 3.0 2.0 1.57
1610230759 3.0 2.0 1.57
1610230759 3.0 2.0 1.57
1610230759 3.0 2.0 1.57
1610230759 3.0 2.0 1.57
1610230759 3.0 2.0 1.57
1610230759 3.0 2.0 1.57
1610230759 3.0 2.0 1.57
1610230759 3.0 2.0 1.57
1610230759 3.0 2.0 1.57
1610230759 3.0 2.0 1.57
1610230760 3.0 2.0 1.57
1610230760 3.0 2.0 1.57
1610230760 3.0 2.0 1.57
1610230760 3.0 2.0 1.57
1610230760 3.0 2.0 1.57
1610230760 3.0 2.0 1.57
1610230760 3.0 2.0 1.57
1610230760 3.0 2.0 1.57
1610230760 3.0 2.0 1.57
1610230760 3.0 2.0 1.57
1610230760 3.0 2.0 1.57
1610230760 3.0 2.0 1.57
1610230760 3.0 2.0 1.57
1610230760 3.0 2.0 1.57
1610230760 3.0 2.0 1.57
1610230760 3.0 2.0 1.57
1610230760 3.0 2.0 1.57
1610230760 3.0 2.0 1.57
1610230760 3.0 2.0 1.57
1610230760 3.0 2.0 1.57
1610230761 3.0 2.0 1.57
1610230761 3.0 2.0 1.57
1610230761 3.0 2.0 1.57
1610230761 3.0 2.0 1.57
1610230761 3.0 2.0 1.57
1610230761 3.0 2.0 1.57
1610230761 3.0 2.0 1.57
1610230761 3.0 2.0 1.57
1610230761 3.0 2.0 1.57
1610230761 3.0 2.0 1.57
1610230761 3.0 2.0 1.57
1610230761 3.0 2.0 1.57
1610230761 3.0 2.0 1.57
1610230761 3.0 2.0 1.57
1610230761 3.0 2.0 1.57
1610230761 3.0 2.0 1.57
1610230761 3.0 2.0 1.57
1610230761 3.0 2.0 1.57
1610230761 3.0 2.0 1.57
1610230761 3.0 2.0 1.57
1610230762 3.0 2.0 1.57
1610230762 3.0 2.0 1.57
1610230762 3.0 2.0 1.57
1610230762 3.0 2.0 1.57
1610230762 3.0 2.0 1.57
1610230762 3.0 2.0 1.57
1610230762 3.0 2.0 1.57
1610230762 3.0 2.0 1.57
1610230762 3.0 2.0 1.57
1610230762 3.0 2.0 1.57
1610230762 3.0 2.0 1.57
1610230762 3.0 2.0 1.57
1610230762 3.0 2.0 1.57
1610230762 3.0 2.0 1.57
1610230762 3.0 2.0 1.57
1610230762 3.0 2.0 1.57
1610230762 3.0 2.0 1.57
1610230762 3.0 2.0 1.57
1610230762 3.0 2.0 1.57
1610230762 3.0 2.0 1.57
1610230763 3.0 2.0 1.57
1610230763 3.0 2.0 1.57
1610230763 3.0 2.0 1.57
1610230763 3.0 2.0 1.57
1610230763 3.0 2.0 1.57
1610230763 3.0 2.0 1.57
1610230763 3.0 2.0 1.57
1610230763 3.0 2.0 1.57
1610230763 3.0 2.0 1.57
1610230763 3.0 2.0 1.57
1610230763 3.0 2.0 1.57
1610230763 3.0 2.0 1.57
1610230763 3.0 2.0 1.57
1610230763 3.0 2.0 1.57
1610230763 3.0 2.0 1.57
1610230763 3.0 2.0 1.57
1610230763 3.0 2.0 1.57
1610230763 3.0 2.0 1.57
1610230763 3.0 2.0 1.57
1610230763 3.0 2.0 1.57
1610230764 3.0 2.0 1.57
1610230764 3.0 2.0 1.57
1610230764 3.0 2.0 1.57
1610230764 3.0 2.0 1.57
1610230764 3.0 2.0 1.57
1610230764 3.0 2.0 1.57
1610230764 3.0 2.0 1.57
1610230764 3.0 2.0 1.57
1610230764 3.0 2.0 1.57
1610230764 3.0 2.0 1.57
1610230764 3.0 2.0 1.57
1610230764 3.0 2.0 1.57
1610230764 3.0 2.0 1.57
1610230764 3.0 2.0 1.57
1610230764 3.0 2.0 1.57
1610230764 3.0 2.0 1.57
1610230764 3.0 2.0 1.57
1610230764 3.0 2.0 1.57
1610230764 3.0 2.0 1.57
1610230764 3.0 2.0 1.57
1610230765 3.0 2.0 1.57
1610230765 3.0 2.0 1.57
1610230765 3.0 2.0 1.57
1610230765 3.0 2.0 1.57
1610230765 3.0 2.0 1.57
1610230765 3.0 2.0 1.57
1610230765 3.0 2.0 1.57
1610230765 3.0 2.0 1.57
1610230765 3.0 2.0 1.57
1610230765 3.0 2.0 1.57
1610230765 3.0 2.0 1.57
1610230765 3.0 2.0 1.57
1610230765 3.0 2.0 1.57
1610230765 3.0 2.0 1.57
1610230765 3.0 2.0 1.57
1610230765 3.0 2.0 1.57
1610230765 3.0 2.0 1.57
1610230765 3.0 2.0 1.57
1610230765 3.0 2.0 1.57
1610230765 3.0 2.0 1.57
1610230766 3.0 2.0 1.57
1610230766 3.0 2.0 1.57
1610230766 3.0 2.0 1.57
1610230766 3.0 2.0 1.57
1610230766 3.0 2.0 1.57
1610230766 3.0 2.0 1.57
1610230766 3.0 2.0 1.57
1610230766 3.0 2.0 1.57
1610230766 3.0 2.0 1.57
1610230766 3.0 2.0 1.57
1610230766 3.0 2.0 1.57
1610230766 3.0 2.0 1.57
1610230766 3.0 2.0 1.57
1610230766 3.0 2.0 1.57
1610230766 3.0 2.0 1.57
1610230766 3.0 2.0 1.57
1610230766 3.0 2.0 1.57
1610230766 3.0 2.0 1.57
1610230766 3.0 2.0 1.57
1610230766 3.0 2.0 1.57
1610230767 3.0 2.0 1.57
1610230767 3.0 2.0 1.57
1610230767 3.0 2.0 1.57
1610230767 3.0 2.0 1.57
1610230767 3.0 2.0 1.57
1610230767 3.0 2.0 1.57
1610230767 3.0 2.0 1.57
1610230767 3.0 2.0 1.57
1610230767 3.0 2.0 1.57
1610230767 3.0 2.0 1.57
1610230767 3.0 2.0 1.57
1610230767 3.0 2.0 1.57
1610230767 3.0 2.0 1.57
1610230767 3.0 2.0 1.57
1610230767 3.0 2.0 1.57
1610230767 3.0 2.0 1.57
1610230767 3.0 2.0 1.57
1610230767 3.0 2.0 1.57
1610230767 3.0 2.0 1.57
1610230767 3.0 2.0 1.57
1610230768 3.0 2.0 1.57
1610230768 3.0 2.0 1.57
1610230768 3.0 2.0 1.57
1610230768 3.0 2.0 1.57
1610230768 3.0 2.0 1.57
1610230768 3.0 2.0 1.57
1610230768 3.0 2.0 1.57
1610230768 3.0 2.0 1.57
1610230768 3.0 2.0 1.57
1610230768 3.0 2.0 1.57
1610230768 3.0 2.0 1.57
1610230768 3.0 2.0 1.57
1610230768 3.0 2.0 1.57
1610230768 3.0 2.0 1.57
1610230768 3.0 2.0 1.57
1610230768 3.0 2.0 1.57
1610230768 3.0 2.0 1.57
1610230768 3.0 2.0 1.57
1610230768 3.0 2.0 1.57
1610230768 3.0 2.0 1.57
1610230769 3.0 2.0 1.57
1610230769 3.0 2.0 1.57
1610230769 3.0 2.0 1.57
1610230769 3.0 2.0 1.57
1610230769 3.0 2.0 1.57
1610230769 3.0 2.0 1.57
1610230769 3.0 2.0 1.57
1610230769 3.0 2.0 1.57
1610230769 3.0 2.0 1.57
1610230769 3.0 2.0 1.57
1610230769 3.0 2.0 1.57
1610230769 3.0 2.0 1.57
1610230769 3.0 2.0 1.57
1610230769 3.0 2.0 1.57
1610230769 3.0 2.0 1.57
1610230769 3.0 2.0 1.57
1610230769 3.0 2.0 1.57
1610230769 3.0 2.0 1.57
1610230769 3.0 2.0 1.57
1610230769 3.0 2.0 1.57
1610230770 3.0 2.0 1.57
1610230770 3.0 2.0 1.57
1610230770 3.0 2.0 1.57
1610230770 3.0 2.0 1.57
1610230770 3.0 2.0 1.57
1610230770 3.0 2.0 1.57
1610230770 3.0 2.0 1.57
1610230770 3.0 2.0 1.57
1610230770 3.0 2.0 1.57
1610230770 3.0 2.0 1.57
1610230770 3.0 2.0 1.57
1610230770 3.0 2.0 1.57
1610230770 3.0 2.0 1.57
1610230770 3.0 2.0 1.57
1610230770 3.0 2.0 1.57
1610230770 3.0 2.0 1.57
1610230770 3.0 2.0 1.57
1610230770 3.0 2.0 1.57
1610230770 3.0 2.0 1.57
1610230770 3.0 2.0 1.57
1610230771 3.0 2.0 1.57
1610230771 3.0 2.0 1.57
1610230771 3.0 2.0 1.57
1610230771 3.0 2.0 1.57
1610230771 3.0 2.0 1.57
1610230771 3.0 2.0 1.57
1610230771 3.0 2.0 1.57
1610230771 3.0 2.0 1.57
1610230771 3.0 2.0 1.57
1610230771 3.0 2.0 1.57
1610230771 3.0 2.0 1.57
1610230771 3.0 2.0 1.57
1610230771 3.0 2.0 1.57
1610230771 3.0 2.0 1.57
1610230771 3.0 2.0 1.57
1610230771 3.0 2.0 1.57
1610230771 3.0 2.0 1.57
1610230771 3.0 2.0 1.57
1610230771 3.0 2.0 1.57
1610230771 3.0 2.0 1.57
1610230772 3.0 2.0 1.57
1610230772 3.0 2.0 1.57
1610230772 3.0 2.0 1.57
1610230772 3.0 2.0 1.57
1610230772 3.0 2.0 1.57
1610230772 3.0 2.0 1.57
1610230772 3.0 2.0 1.57
1610230772 3.0 2.0 1.57
1610230772 3.0 2.0 1.57
1610230772 3.0 2.0 1.57
1610230772 3.0 2.0 1.57
1610230772 3.0 2.0 1.57
1610230772 3.0 2.0 1.57
1610230772 3.0 2.0 1.57
1610230772 3.0 2.0 1.57
1610230772 3.0 2.0 1.57
1610230772 3.0 2.0 1.57
1610230772 3.0 2.0 1.57
1610230772 3.0 2.0 1.57
1610230772 3.0 2.0 1.57
1610230773 3.0 2.0 1.57
1610230773 3.0 2.0 1.57
1610230773 3.0 2.0 1.57
1610230773 3.0 2.0 1.57
1610230773 3.0 2.0 1.57
1610230773 3.0 2.0 1.57
1610230773 3.0 2.0 1.57
1610230773 3.0 2.0 1.57
1610230773 3.0 2.0 1.57
1610230773 3.0 2.0 1.57
1610230773 3.0 2.0 1.57
1610230773 3.0 2.0 1.57
1610230773 3.0 2.0 1.57
1610230773 3.0 2.0 1.57
1610230773 3.0 2.0 1.57
1610230773 3.0 2.0 1.57
1610230773 3.0 2.0 1.57
1610230773 3.0 2.0 1.57
1610230773 3.0 2.0 1.57
1610230773 3.0 2.0 1.57
1610230774 3.0 2.0 1.57
1610230774 3.0 2.0 1.57
1610230774 3.0 2.0 1.57
1610230774 3.0 2.0 1.57
1610230774 3.0 2.0 1.57
1610230774 3.0 2.0 1.57
1610230774 3.0 2.0 1.57
1610230774 3.0 2.0 1.57
1610230774 3.0 2.0 1.57
1610230774 3.0 2.0 1.57
1610230774 3.0 2.0 1.57
1610230774 3.0 2.0 1.57
1610230774 3.0 2.0 1.57
1610230774 3.0 2.0 1.57
1610230774 3.0 2.0 1.57
1610230774 3.0 2.0 1.57
1610230774 3.0 2.0 1.57
1610230774 3.0 2.0 1.57
1610230774 3.0 2.0 1.57
1610230774 3.0 2.0 1.57
1610230775 3.0 2.0 1.57
1610230775 3.0 2.0 1.57
1610230775 3.0 2.0 1.57
1610230775 3.0 2.0 1.57
1610230775 3.0 2.0 1.57
1610230775 3.0 2.0 1.57
1610230775 3.0 2.0 1.57
1610230775 3.0 2.0 1.57
1610230775 3.0 2.0 1.57
1610230775 3.0 2.0 1.57
1610230775 3.0 2.0 1.57
1610230775 3.0 2.0 1.57
1610230775 3.0 2.0 1.57
1610230775 3.0 2.0 1.57
1610230775 3.0 2.0 1.57
1610230775 3.0 2.0 1.57
1610230775 3.0 2.0 1.57
1610230775 3.0 2.0 1.57
1610230775 3.0 2.0 1.57
1610230775 3.0 2.0 1.57
1610230776 3.0 2.0 1.57
1610230776 3.0 2.0 1.57
1610230776 3.0 2.0 1.57
1610230776 3.0 2.0 1.57
1610230776 3.0 2.0 1.57
1610230776 3.0 2.0 1.57
