0 0 0 0.0
0 0 0 0.0
0 0 0 0.0
1610230727 -5.18560139273e-10 -1.08727718384e-07 9.74535941306e-05
1610230727 -5.06218893861e-05 -1.14463546197e-07 9.90033148911e-05
1610230727 0.00273355329409 1.20599895581e-06 0.000849545052162
1610230727 0.00273355329409 1.20599895581e-06 0.000849545052162
1610230727 0.00911183934659 -8.20468176244e-06 0.00380039204412
1610230727 0.0319926552474 -2.63686833932e-05 0.00227355961596
1610230727 0.0319926552474 -2.63686833932e-05 0.00227355961596
1610230727 0.0627191588283 0.000165895704413 0.00994497513558
1610230727 0.0627191588283 0.000165895704413 0.00994497513558
1610230727 0.0627191588283 0.000165895704413 0.00994497513558
1610230727 0.0863569974899 0.000494231295306 0.0180628294131
1610230727 0.0939994081855 0.000641210586764 0.0203965297367
1610230727 0.118012346327 0.00121522461995 0.0272219781024
1610230727 0.118012346327 0.00121522461995 0.0272219781024
1610230727 0.118012346327 0.00121522461995 0.0272219781024
1610230728 0.13987070322 0.00187857612036 0.0330508944146
1610230728 0.13987070322 0.00187857612036 0.0330508944146
1610230728 0.13987070322 0.00187857612036 0.0330508944146
1610230728 0.189413458109 0.00388320884667 0.04630619214
1610230728 0.189413458109 0.00388320884667 0.04630619214
1610230728 0.197377577424 0.00425654230639 0.047379073558
1610230728 0.221318036318 0.00543033331633 0.0505871754958
1610230728 0.237394154072 0.0062613976188 0.0523755561385
1610230728 0.237394154072 0.0062613976188 0.0523755561385
1610230728 0.237394154072 0.0062613976188 0.0523755561385
1610230728 0.237394154072 0.0062613976188 0.0523755561385
1610230728 0.237394154072 0.0062613976188 0.0523755561385
1610230728 0.276485532522 0.00849945470691 0.0631581543449
1610230728 0.276485532522 0.00849945470691 0.0631581543449
1610230728 0.314993858337 0.0111384699121 0.0735729357513
1610230728 0.322818368673 0.0117230154574 0.0755639051952
1610230728 0.338160723448 0.0129188876599 0.0798800019364
1610230728 0.353650033474 0.0141824092716 0.0831386454837
1610230729 0.361393004656 0.0148343360052 0.0848566893643
1610230729 0.377128064632 0.0161960572004 0.0875918238986
1610230729 0.377128064632 0.0161960572004 0.0875918238986
1610230729 0.377128064632 0.0161960572004 0.0875918238986
1610230729 0.408588260412 0.0190314874053 0.0925318024854
1610230729 0.416476219893 0.0197676606476 0.0935864458155
1610230729 0.416476219893 0.0197676606476 0.0935864458155
1610230729 0.448727309704 0.0228456947953 0.0967022726649
1610230729 0.456436038017 0.0235951133072 0.0971223097907
1610230729 0.456436038017 0.0235951133072 0.0971223097907
1610230729 0.456436038017 0.0235951133072 0.0971223097907
1610230729 0.456436038017 0.0235951133072 0.0971223097907
1610230729 0.456436038017 0.0235951133072 0.0971223097907
1610230729 0.479583024979 0.0258901678026 0.101182286204
1610230729 0.525915920734 0.0308413468301 0.112086716108
1610230729 0.533611893654 0.0317120030522 0.113217949633
1610230729 0.533611893654 0.0317120030522 0.113217949633
1610230729 0.533611893654 0.0317120030522 0.113217949633
1610230729 0.57287222147 0.0363658294082 0.122597934355
1610230729 0.57287222147 0.0363658294082 0.122597934355
1610230729 0.57287222147 0.0363658294082 0.122597934355
1610230729 0.57287222147 0.0363658294082 0.122597934355
1610230730 0.596102237701 0.0392816774547 0.126857465505
1610230730 0.596102237701 0.0392816774547 0.126857465505
1610230730 0.596102237701 0.0392816774547 0.126857465505
1610230730 0.643892467022 0.0454880706966 0.131421677923
1610230730 0.643892467022 0.0454880706966 0.131421677923
1610230730 0.643892467022 0.0454880706966 0.131421677923
1610230730 0.692653298378 0.0520754307508 0.138830129893
1610230730 0.692653298378 0.0520754307508 0.138830129893
1610230730 0.692653298378 0.0520754307508 0.138830129893
1610230730 0.715730905533 0.0553670562804 0.144541378236
1610230730 0.739510536194 0.0589299201965 0.153608020802
1610230730 0.739510536194 0.0589299201965 0.153608020802
1610230730 0.739510536194 0.0589299201965 0.153608020802
1610230730 0.770555794239 0.063869908452 0.161471011442
1610230730 0.778348505497 0.0651485696435 0.163797437031
1610230730 0.778348505497 0.0651485696435 0.163797437031
1610230730 0.801582276821 0.0690807253122 0.1708878266
1610230730 0.817666888237 0.0718742161989 0.173380313022
1610230730 0.817666888237 0.0718742161989 0.173380313022
1610230730 0.817666888237 0.0718742161989 0.173380313022
1610230731 0.8562682271 0.0787344649434 0.177590428341
1610230731 0.8562682271 0.0787344649434 0.177590428341
1610230731 0.864040315151 0.080133035779 0.178494215809
1610230731 0.887426137924 0.0843714252114 0.180375039243
1610230731 0.887426137924 0.0843714252114 0.180375039243
1610230731 0.910206079483 0.0885462239385 0.183133481482
1610230731 0.917671382427 0.0899339914322 0.18446105503
1610230731 0.925308525562 0.0913669094443 0.186477126727
1610230731 0.940326273441 0.0942267328501 0.189807833446
1610230731 0.956029772758 0.0972737595439 0.193038693167
1610230731 0.963654518127 0.0987711027265 0.194785125221
1610230731 0.971749126911 0.100371323526 0.195560329155
1610230731 0.979345858097 0.101879969239 0.196521934206
1610230731 0.994483292103 0.10491926223 0.199612672952
1610230731 1.00993490219 0.108065225184 0.202049024526
1610230731 1.01796758175 0.109716385603 0.203411522634
1610230731 1.04140794277 0.114600867033 0.207851532463
1610230731 1.04913365841 0.116236232221 0.209345642006
1610230732 1.05693185329 0.117896236479 0.210136536398
1610230732 1.06455528736 0.119526088238 0.211113572793
1610230732 1.07247447968 0.121225103736 0.2115652032
1610230732 1.09545779228 0.126190528274 0.213932870701
1610230732 1.10314953327 0.127863898873 0.214501376626
1610230732 1.11813259125 0.131146088243 0.216962871172
1610230732 1.13313114643 0.134474948049 0.219710887051
1610230732 1.14059007168 0.136146083474 0.221102176893
1610230732 1.14812028408 0.137846142054 0.222980384042
1610230732 1.15564775467 0.139558672905 0.224415604592
1610230732 1.17113733292 0.143125891685 0.228006058681
1610230732 1.1862975359 0.146657705307 0.22984843705
1610230732 1.19428253174 0.148526221514 0.22988992857
1610230732 1.20192182064 0.150316506624 0.230502852582
1610230732 1.22054338455 0.154719084501 0.233467464767
1610230732 1.2281024456 0.156518936157 0.234037706214
1610230732 1.24368357658 0.160250231624 0.235633963056
1610230732 1.25123870373 0.162066340446 0.236172794027
1610230732 1.26644217968 0.165744274855 0.238074657643
1610230732 1.28176152706 0.169481173158 0.240280738126
1610230733 1.28925907612 0.17131985724 0.240700962354
1610230733 1.29692792892 0.173203915358 0.241109061781
1610230733 1.30454683304 0.175079271197 0.241583890565
1610230733 1.32029569149 0.178977310658 0.243678453975
1610230733 1.3351765871 0.182695046067 0.246347067414
1610230733 1.34293222427 0.184649541974 0.24738942831
1610230733 1.35806763172 0.188496947289 0.250581435509
1610230733 1.37304472923 0.192350357771 0.253002705691
1610230733 1.38068878651 0.194332927465 0.254536678941
1610230733 1.38818347454 0.196286126971 0.25534285032
1610230733 1.39614188671 0.198367133737 0.256177293565
1610230733 1.41141521931 0.202388510108 0.258464339185
1610230733 1.42673027515 0.206449851394 0.259896391646
1610230733 1.43428814411 0.208461374044 0.260342184799
1610230733 1.44228506088 0.210594892502 0.261099941867
1610230733 1.45746767521 0.214662015438 0.26233630694
1610230733 1.47281348705 0.218804478645 0.265147858435
1610230733 1.48048222065 0.22089125216 0.266218247141
1610230733 1.4881490469 0.222984835505 0.266923616969
1610230733 1.50279450417 0.22700189054 0.268481061416
1610230733 1.51031041145 0.229071572423 0.268943193927
1610230734 1.52550673485 0.23328115046 0.271151963774
1610230734 1.54081249237 0.237568959594 0.275843375916
1610230734 1.54835927486 0.239716231823 0.278563198792
1610230734 1.55667686462 0.242113649845 0.282691661403
1610230734 1.56428134441 0.244334712625 0.285642868355
1610230734 1.57959473133 0.24887059629 0.290030432705
1610230734 1.59474539757 0.253421038389 0.293213707342
1610230734 1.60227918625 0.25570255518 0.294904400037
1610230734 1.60990595818 0.258026123047 0.296550917196
1610230734 1.63230931759 0.264911919832 0.299699734803
1610230734 1.64758455753 0.269660651684 0.302882609929
1610230734 1.6550245285 0.271988838911 0.30367351597
1610230734 1.6550245285 0.271988838911 0.30367351597
1610230734 1.66253507137 0.274345517159 0.304430912392
1610230734 1.67491817474 0.278251171112 0.306624887171
1610230734 1.70062744617 0.286437481642 0.308887361953
1610230734 1.70805299282 0.288810968399 0.309862096337
1610230734 1.71542882919 0.291173666716 0.310137157306
1610230734 1.72299551964 0.293604373932 0.311510975328
1610230734 1.73039054871 0.295990169048 0.312649307022
1610230735 1.75248622894 0.303177118301 0.316632093049
1610230735 1.75979650021 0.3055780828 0.318039848529
1610230735 1.77483725548 0.310560464859 0.321892031576
1610230735 1.78225517273 0.313038975 0.323032755018
1610230735 1.79739499092 0.318124204874 0.32575470785
1610230735 1.81213712692 0.323121219873 0.327699360309
1610230735 1.81985127926 0.325750797987 0.329347268838
1610230735 1.827226758 0.32827565074 0.330304743232
1610230735 1.84216189384 0.333412498236 0.332293615437
1610230735 1.85699236393 0.338542431593 0.333932461113
1610230735 1.86440420151 0.341117322445 0.334788635746
1610230735 1.87169420719 0.343657135963 0.335705300351
1610230735 1.886459589 0.348820209503 0.337059422434
1610230735 1.89376807213 0.351383954287 0.337698572241
1610230735 1.9083789587 0.356528669596 0.339236264897
1610230735 1.91580104828 0.359150618315 0.339922247111
1610230735 1.93047213554 0.364352852106 0.34163373485
1610230735 1.94513165951 0.369587242603 0.344127791643
1610230735 1.95246720314 0.372225821018 0.346441230685
1610230736 1.95991623402 0.374922931194 0.348346577217
1610230736 1.97468090057 0.38031360507 0.352055906899
1610230736 1.98948192596 0.385752230883 0.352746067901
1610230736 1.99700939655 0.388529568911 0.354183611767
1610230736 2.00465202332 0.391360104084 0.355201610744
1610230736 2.01954078674 0.396925866604 0.360307754023
1610230736 2.03438186646 0.40254637599 0.364008472178
1610230736 2.04230284691 0.405571639538 0.365650530407
1610230736 2.04981780052 0.408453851938 0.366796907419
1610230736 2.06507277489 0.414338409901 0.36906170619
1610230736 2.08005809784 0.420148164034 0.370701685136
1610230736 2.08767724037 0.423112154007 0.37131146139
1610230736 2.09531784058 0.426090598106 0.372081676658
1610230736 2.11009669304 0.431873470545 0.373924122171
1610230736 2.1244161129 0.43751013279 0.376225451117
1610230736 2.13157081604 0.4403411448 0.377333040558
1610230736 2.13881540298 0.443220347166 0.37924493525
1610230736 2.15317106247 0.448971360922 0.382848440743
1610230736 2.16023445129 0.451826065779 0.385313444183
1610230736 2.17462348938 0.457696735859 0.389613437667
1610230737 2.18166732788 0.460599780083 0.392254763439
1610230737 2.19566464424 0.466424703598 0.396965798841
1610230737 2.20967912674 0.472340136766 0.401822327801
1610230737 2.21663999557 0.475309759378 0.40464930225
1610230737 2.22352266312 0.478269159794 0.407509500751
1610230737 2.23044395447 0.481266617775 0.409865241328
1610230737 2.24409914017 0.487248063087 0.415818154167
1610230737 2.2576713562 0.493292629719 0.422420388018
1610230737 2.26452302933 0.496385067701 0.425512126607
1610230737 2.27138829231 0.499509125948 0.428590227013
1610230737 2.28497600555 0.505764961243 0.434884602389
1610230737 2.29817914963 0.511947274208 0.441031715516
1610230737 2.30460524559 0.514995098114 0.444697538357
1610230737 2.31092858315 0.518023192883 0.448503433751
1610230737 2.31724047661 0.521075248718 0.452288444955
1610230737 2.33603906631 0.530338823795 0.463442602809
1610230737 2.34201049805 0.533337414265 0.467300833001
1610230737 2.34812736511 0.536440849304 0.471713835755
1610230737 2.35400700569 0.539452493191 0.47502391052
1610230737 2.37168765068 0.54868209362 0.487035225618
1610230738 2.38336253166 0.554920911789 0.494533109187
1610230738 2.38914895058 0.558055400848 0.498374878582
1610230738 2.39509963989 0.561311364174 0.502925829998
1610230738 2.40083765984 0.56448161602 0.506607677623
1610230738 2.41185879707 0.570650339127 0.514042685077
1610230738 2.4232981205 0.577159583569 0.520608117903
1610230738 2.42876005173 0.58030384779 0.524052886079
1610230738 2.43416762352 0.583441317081 0.527430840065
1610230738 2.44504117966 0.589816570282 0.533287946076
1610230738 2.4561355114 0.596415221691 0.540203601582
1610230738 2.46149277687 0.599637746811 0.542876553766
1610230738 2.46677589417 0.602835893631 0.54580230929
1610230738 2.47735929489 0.609301865101 0.550784637045
1610230738 2.48754382133 0.615594744682 0.555992546981
1610230738 2.49272060394 0.61882096529 0.558609053512
1610230738 2.49763250351 0.621898233891 0.560755896284
1610230738 2.50734353065 0.628041803837 0.567588952746
1610230738 2.5169699192 0.634223461151 0.573895868874
1610230738 2.52202296257 0.637502849102 0.577426987107
1610230738 2.52655720711 0.640465855598 0.580204168468
1610230739 2.53591227531 0.646646916866 0.587803292033
1610230739 2.54045629501 0.649686694145 0.591359778229
1610230739 2.54969930649 0.655944168568 0.599029347071
1610230739 2.55418801308 0.659020781517 0.602716151617
1610230739 2.56288290024 0.66504830122 0.609606760854
1610230739 2.57154035568 0.671129822731 0.615752526499
1610230739 2.57585430145 0.674191534519 0.618701557275
1610230739 2.58015775681 0.677267730236 0.622498696547
1610230739 2.58436894417 0.68029910326 0.62534384785
1610230739 2.59298872948 0.686563849449 0.631968916634
1610230739 2.60134339333 0.69271916151 0.638101889356
1610230739 2.60548591614 0.695801198483 0.641182838252
1610230739 2.60959887505 0.698880851269 0.644261632735
1610230739 2.61777710915 0.705061256886 0.650388152891
1610230739 2.62573719025 0.711151957512 0.656127503611
1610230739 2.62974381447 0.714245975018 0.659046834883
1610230739 2.63380146027 0.717398107052 0.661894967322
1610230739 2.64167118073 0.723564147949 0.66722684833
1610230739 2.64935135841 0.729643881321 0.672036208934
1610230739 2.65319037437 0.7327054739 0.674419430557
1610230739 2.65698313713 0.735743582249 0.676294128259
1610230740 2.66455125809 0.741841733456 0.680308404538
1610230740 2.67191934586 0.747825086117 0.683615503888
1610230740 2.67558574677 0.750818312168 0.685676774874
1610230740 2.67914819717 0.753738760948 0.687705833565
1610230740 2.68899393082 0.761889755726 0.695277272623
1610230740 2.69610643387 0.767864525318 0.702230784388
1610230740 2.69948339462 0.770730733871 0.705284045806
1610230740 2.69948339462 0.770730733871 0.705284045806
1610230740 2.70285105705 0.773607850075 0.708698955435
1610230740 2.70988178253 0.779678702354 0.715826828536
1610230740 2.71780085564 0.786617815495 0.723485989111
1610230740 2.724214077 0.792317986488 0.729706701613
1610230740 2.72750997543 0.795277118683 0.733522691813
1610230740 2.73072075844 0.798179388046 0.736422081153
1610230740 2.73722624779 0.804117679596 0.743450206037
1610230740 2.74336028099 0.80978679657 0.748915753634
1610230740 2.7466366291 0.812842130661 0.752076119933
1610230740 2.75290441513 0.818738877773 0.757663549984
1610230740 2.7559158802 0.821595728397 0.760453428512
1610230740 2.75884604454 0.824391067028 0.763228474383
1610230741 2.76233315468 0.827739298344 0.766936840712
1610230741 2.76524591446 0.830552875996 0.76923900699
1610230741 2.77393579483 0.83904337883 0.777938397244
1610230741 2.77676272392 0.841836154461 0.780737092046
1610230741 2.7795996666 0.844654858112 0.783644168315
1610230741 2.78239369392 0.847444832325 0.785720562026
1610230741 2.79084014893 0.855964899063 0.793648755274
1610230741 2.79362297058 0.858801543713 0.796292469536
1610230741 2.7963104248 0.861554563046 0.798630539733
1610230741 2.80171751976 0.867135107517 0.803417156277
1610230741 2.80704784393 0.872684180737 0.807535096774
1610230741 2.81240701675 0.878310739994 0.811740214649
1610230741 2.81515645981 0.881214857101 0.813780930785
1610230741 2.81774401665 0.883958518505 0.815601327119
1610230741 2.82286834717 0.889424026012 0.819700036597
1610230741 2.82788395882 0.894817769527 0.823685707997
1610230741 2.83044409752 0.897587001324 0.825557985292
1610230741 2.83298206329 0.900342226028 0.827307512871
1610230741 2.83542919159 0.90300899744 0.829345621742
1610230742 2.84028983116 0.908338904381 0.833290401312
1610230742 2.84516334534 0.913725793362 0.837683247846
1610230742 2.84751462936 0.916342794895 0.839925824249
1610230742 2.84984326363 0.918946266174 0.842222243055
1610230742 2.8523504734 0.921763420105 0.844847758841
1610230742 2.85685825348 0.926866054535 0.849705440853
1610230742 2.86140656471 0.932067930698 0.854763837004
1610230742 2.86361312866 0.934610307217 0.857258133609
1610230742 2.86592841148 0.937292695045 0.860146569014
1610230742 2.87245488167 0.944932997227 0.867770868906
1610230742 2.87677764893 0.950061619282 0.873078414585
1610230742 2.87888836861 0.952585875988 0.87570959104
1610230742 2.88097596169 0.955096304417 0.878460237572
1610230742 2.88305687904 0.957612395287 0.881144241663
1610230742 2.88720011711 0.962659716606 0.885882311751
1610230742 2.89127135277 0.967667996883 0.890754996599
1610230742 2.89325761795 0.970130562782 0.893292349418
1610230742 2.89528512955 0.972657501698 0.895932393481
1610230742 2.8975584507 0.975506365299 0.898658544077
1610230742 2.90144014359 0.980406999588 0.903401003727
1610230743 2.90537643433 0.985425770283 0.907734674946
1610230743 2.90730571747 0.987901210785 0.90975805914
1610230743 2.91111660004 0.992825090885 0.914394100555
1610230743 2.91487598419 0.997724890709 0.918301024235
1610230743 2.91679406166 1.00024092197 0.920529270779
1610230743 2.91863036156 1.00266027451 0.922621935822
1610230743 2.92040061951 1.00500261784 0.924637613284
1610230743 2.92457818985 1.01057004929 0.929670268764
1610230743 2.92927074432 1.01688992977 0.93438621069
1610230743 2.93105840683 1.01931393147 0.93626851319
1610230743 2.93281173706 1.02170038223 0.938057526573
1610230743 2.93451595306 1.02402865887 0.939815840028
1610230743 2.93797159195 1.02877640724 0.943718169076
1610230743 2.94142317772 1.03355813026 0.947454858456
1610230743 2.9431347847 1.03594374657 0.949444680444
1610230743 2.94490027428 1.03841531277 0.951625449566
1610230743 2.94824075699 1.04312098026 0.955132665285
1610230743 2.95156431198 1.04783856869 0.958998962493
1610230743 2.9533059597 1.05032682419 0.961142500194
1610230743 2.95495629311 1.05269372463 0.96270045712
1610230744 2.95818805695 1.05735206604 0.96602705842
1610230744 2.96140360832 1.06202173233 0.969541146978
1610230744 2.96297669411 1.06431889534 0.971166208774
1610230744 2.96456027031 1.06663966179 0.972888884179
1610230744 2.96767282486 1.07122635841 0.976095854251
1610230744 2.97071409225 1.07573878765 0.979313778066
1610230744 2.97220849991 1.07796704769 0.980731197611
1610230744 2.97374176979 1.08026063442 0.982341810269
1610230744 2.97672724724 1.08474969864 0.98574582173
1610230744 2.97972369194 1.08929204941 0.989226755047
1610230744 2.98119592667 1.09153497219 0.990723958581
1610230744 2.98271989822 1.09386491776 0.992355186129
1610230744 2.98414325714 1.09604895115 0.994049510456
1610230744 2.98700547218 1.10046756268 0.997813156777
1610230744 2.98981118202 1.10483241081 1.00136328323
1610230744 2.99117350578 1.10696554184 1.00343276794
1610230744 2.99253129959 1.1091016531 1.005755387
1610230744 2.99387097359 1.11121916771 1.00758783374
1610230744 2.99805355072 1.11788761616 1.0136327995
1610230744 2.99934983253 1.11997270584 1.01550460672
1610230745 3.00196957588 1.12421524525 1.01957965979
1610230745 3.00451946259 1.12838196754 1.02376008463
1610230745 3.00582098961 1.1305232048 1.02550208992
1610230745 3.0070400238 1.13253688812 1.02734436578
1610230745 3.00828099251 1.13459634781 1.02957304186
1610230745 3.01201939583 1.14085435867 1.03495761563
1610230745 3.01446700096 1.14499402046 1.03875209078
1610230745 3.01565909386 1.14702379704 1.04085014189
1610230745 3.01684689522 1.14905595779 1.04282245455
1610230745 3.0180311203 1.15109026432 1.04440679758
1610230745 3.02042722702 1.15523052216 1.04799410214
1610230745 3.02279543877 1.15935766697 1.05184059199
1610230745 3.0239238739 1.16133654118 1.0532141516
1610230745 3.02508687973 1.16338300705 1.05478616842
1610230745 3.02735352516 1.16739332676 1.05791665972
1610230745 3.02962017059 1.17143261433 1.06082808507
1610230745 3.03070569038 1.17337751389 1.06251538298
1610230745 3.03300261497 1.17751610279 1.06585050381
1610230745 3.03411531448 1.17953276634 1.06742959462
1610230745 3.03518843651 1.18148458004 1.0687929655
1610230745 3.03624653816 1.18341577053 1.07038815144
1610230746 3.03947329521 1.18935358524 1.07541904593
1610230746 3.04054260254 1.19133615494 1.07684791741
1610230746 3.04157328606 1.19325339794 1.07827388344
1610230746 3.04262471199 1.19521701336 1.08010750617
1610230746 3.0446574688 1.19903814793 1.08360091396
1610230746 3.0467710495 1.20304560661 1.08706650539
1610230746 3.04781699181 1.20504069328 1.08869649262
1610230746 3.04987549782 1.20899128914 1.09219018556
1610230746 3.05183935165 1.21279120445 1.09527787982
1610230746 3.0528345108 1.21472716331 1.0967567348
1610230746 3.05382633209 1.21666479111 1.09860837335
1610230746 3.05482649803 1.21862649918 1.09994118845
1610230746 3.05674934387 1.22241902351 1.10307764329
1610230746 3.05864930153 1.22619497776 1.10615003484
1610230746 3.05960059166 1.22809636593 1.10760400853
1610230746 3.06058311462 1.2300671339 1.10905732044
1610230746 3.06151771545 1.23194861412 1.1104910413
1610230746 3.06426024437 1.23751032352 1.115041423
1610230746 3.0651948452 1.23942005634 1.11632665984
1610230746 3.06613779068 1.24135375023 1.11775839994
1610230747 3.06898522377 1.24723041058 1.12168807237
1610230747 3.06986308098 1.24905502796 1.12306162752
1610230747 3.07074952126 1.25090372562 1.12434559442
1610230747 3.07252621651 1.25462710857 1.12656166752
1610230747 3.07438111305 1.25853765011 1.12946461532
1610230747 3.07523417473 1.26034605503 1.13059952968
1610230747 3.07608509064 1.26215553284 1.131946742
1610230747 3.0769765377 1.26405787468 1.13329313992
1610230747 3.07782268524 1.26586949825 1.13432542305
1610230747 3.0795943737 1.26967930794 1.13670685725
1610230747 3.08126163483 1.27328646183 1.13893559027
1610230747 3.0829308033 1.27692055702 1.14135755835
1610230747 3.08378314972 1.27878510952 1.14262622539
1610230747 3.0846016407 1.28058159351 1.14388307415
1610230747 3.08543896675 1.28242516518 1.14503135273
1610230747 3.08733558655 1.28662323952 1.14788504221
1610230747 3.08892035484 1.29015672207 1.15053135488
1610230747 3.08977627754 1.29207527637 1.15189149353
1610230747 3.09055781364 1.29383301735 1.15296270057
1610230748 3.09210467339 1.2973279953 1.15533185238
1610230748 3.0935716629 1.30066454411 1.15795487249
1610230748 3.09431195259 1.30235743523 1.15929819492
1610230748 3.09578561783 1.3057461977 1.1617942069
1610230748 3.0965192318 1.30744194984 1.16310239622
1610230748 3.09801030159 1.31090593338 1.16589736484
1610230748 3.09871721268 1.31255817413 1.16719459498
1610230748 3.09941196442 1.31418812275 1.1686280076
1610230748 3.10081386566 1.31749761105 1.17141186706
1610230748 3.10216903687 1.32071685791 1.17350943488
1610230748 3.10286331177 1.32237434387 1.17470240408
1610230748 3.10353589058 1.32398605347 1.17617657111
1610230748 3.10421586037 1.32562220097 1.17768138741
1610230748 3.1055688858 1.32889711857 1.18025109029
1610230748 3.10686588287 1.33205831051 1.18257368798
1610230748 3.1075258255 1.33367526531 1.18390275152
1610230748 3.10818362236 1.33529305458 1.18533196634
1610230748 3.11010622978 1.34005784988 1.18898370056
1610230748 3.11134672165 1.34316003323 1.19044662747
1610230748 3.111982584 1.34475934505 1.19293444144
1610230749 3.11260724068 1.34633588791 1.19420958651
1610230749 3.11387896538 1.34956181049 1.19648123428
1610230749 3.11446118355 1.35104632378 1.19751241696
1610230749 3.11504173279 1.35253143311 1.19876596802
1610230749 3.11562943459 1.35404086113 1.2001532747
1610230749 3.11743474007 1.35871589184 1.20423237325
1610230749 3.11801457405 1.3602284193 1.20533420264
1610230749 3.11922311783 1.36339747906 1.2077156898
1610230749 3.11980628967 1.36493587494 1.20907646511
1610230749 3.12037849426 1.36645138264 1.21045712861
1610230749 3.12153410912 1.36953210831 1.21327849201
1610230749 3.12265563011 1.37254452705 1.21545914737
1610230749 3.12324476242 1.37413465977 1.21650658468
1610230749 3.12381458282 1.37567806244 1.21770949562
1610230749 3.12438249588 1.37722206116 1.2189278649
1610230749 3.12548661232 1.38024091721 1.22144527813
1610230749 3.12655735016 1.38319122791 1.2238063668
1610230749 3.12709903717 1.38469099998 1.22469660744
1610230749 3.12764763832 1.38621509075 1.22579640816
1610230749 3.12927484512 1.3907674551 1.22925111966
1610230750 3.12980818748 1.39227020741 1.23040727839
1610230750 3.13082766533 1.39515817165 1.23262783282
1610230750 3.13135576248 1.3966627121 1.23380743039
1610230750 3.13184857368 1.39807236195 1.23505495668
1610230750 3.1328959465 1.40108454227 1.237185751
1610230750 3.13392043114 1.40405118465 1.23940288931
1610230750 3.13442206383 1.40551137924 1.24035425498
1610230750 3.13491392136 1.40694820881 1.2416833842
1610230750 3.13589191437 1.40982365608 1.24422144197
1610230750 3.13686299324 1.41270148754 1.2465125448
1610230750 3.13686299324 1.41270148754 1.2465125448
1610230750 3.13827610016 1.41692602634 1.24946365363
1610230750 3.1387629509 1.41839122772 1.25037614409
1610230750 3.13970804214 1.42125105858 1.25285110208
1610230750 3.14063048363 1.42406511307 1.2540387127
1610230750 3.14109349251 1.42548489571 1.25600939905
1610230750 3.14156317711 1.42692911625 1.25681053045
1610230750 3.1420238018 1.42834961414 1.25766266207
1610230750 3.14294099808 1.43119204044 1.2597436213
1610230750 3.14384412766 1.43401229382 1.26191458504
1610230751 3.14428210258 1.43538689613 1.26283895586
1610230751 3.14474177361 1.43683433533 1.26370569243
1610230751 3.14517736435 1.43820977211 1.26447402256
1610230751 3.14605998993 1.44101011753 1.26658202733
1610230751 3.14700484276 1.44402956963 1.26850217401
1610230751 3.14744138718 1.44543123245 1.26935548502
1610230751 3.14786171913 1.44678485394 1.27023432902
1610230751 3.14845275879 1.44869506359 1.27134198611
1610230751 3.14886283875 1.45002543926 1.27224642922
1610230751 3.15036487579 1.45493900776 1.27573466286
1610230751 3.15079116821 1.45634377003 1.27663897366
1610230751 3.15120887756 1.45772469044 1.27744004627
1610230751 3.15161824226 1.45908164978 1.27820051426
1610230751 3.15241909027 1.46174824238 1.27986547624
1610230751 3.15322971344 1.46446466446 1.28186600821
1610230751 3.15363287926 1.46582353115 1.28279069322
1610230751 3.15404200554 1.46720707417 1.2838678703
1610230751 3.15483546257 1.46990227699 1.28516885001
1610230751 3.15560364723 1.47252559662 1.28667789679
1610230751 3.15599322319 1.47386205196 1.2875235198
1610230751 3.15636062622 1.47512590885 1.28842748395
1610230752 3.15674090385 1.47643876076 1.28933521549
1610230752 3.15788221359 1.4804033041 1.29159921791
1610230752 3.15862011909 1.48298275471 1.29260744576
1610230752 3.15898132324 1.48424839973 1.29310562343
1610230752 3.15934181213 1.48551428318 1.29365544327
1610230752 3.16008758545 1.48814415932 1.29515465344
1610230752 3.16084337234 1.49082386494 1.29656496076
1610230752 3.16118550301 1.49204230309 1.29736343486
1610230752 3.16155409813 1.49335849285 1.29811899423
1610230752 3.16224145889 1.49582076073 1.29915119686
1610230752 3.16296005249 1.49840581417 1.30024846955
1610230752 3.1633181572 1.49969863892 1.30094671818
1610230752 3.16364836693 1.50089406967 1.30181191356
1610230752 3.16403102875 1.50228512287 1.30273216482
1610230752 3.164706707 1.5047506094 1.30406673347
1610230752 3.1650197506 1.50589823723 1.30481072306
1610230752 3.16534543037 1.50709497929 1.30525958773
1610230752 3.16567730904 1.50831627846 1.3057114826
1610230752 3.16701197624 1.51325178146 1.30804037438
1610230753 3.16734671593 1.51449847221 1.3087647794
1610230753 3.1677134037 1.5158675909 1.3096007746
1610230753 3.16802668571 1.51704144478 1.31030904339
1610230753 3.16867685318 1.5194876194 1.31180172352
1610230753 3.16898751259 1.52066218853 1.31260568685
1610230753 3.16963815689 1.52313435078 1.3142051611
1610230753 3.16995239258 1.52433407307 1.31491159178
1610230753 3.17055296898 1.52663624287 1.31635445806
1610230753 3.17086482048 1.52783668041 1.31706454607
1610230753 3.17144775391 1.5300911665 1.31854654237
1610230753 3.17174434662 1.53124320507 1.31922151951
1610230753 3.17231535912 1.53347456455 1.32117627294
1610230753 3.17261505127 1.53465199471 1.32201212565
1610230753 3.17320513725 1.53698301315 1.32366219899
1610230753 3.1734957695 1.53813660145 1.32438451744
1610230753 3.17405605316 1.54037070274 1.32582737774
1610230753 3.17434406281 1.54152488708 1.32659597284
1610230753 3.17461895943 1.54263019562 1.32731604511
1610230753 3.17516613007 1.54484152794 1.32913446847
1610230753 3.1756913662 1.54698002338 1.33092585993
1610230754 3.17597937584 1.54816031456 1.33190485685
1610230754 3.176248312 1.5492670536 1.33273793959
1610230754 3.17678976059 1.55150580406 1.33428073501
1610230754 3.1773045063 1.5536468029 1.33558795139
1610230754 3.17758131027 1.55480372906 1.33649001955
1610230754 3.17783355713 1.55586242676 1.33724379651
1610230754 3.17837023735 1.55812835693 1.33936859188
1610230754 3.17886757851 1.56024742126 1.34122245401
1610230754 3.17911481857 1.56130731106 1.3420684892
1610230754 3.17936682701 1.56239211559 1.34283575273
1610230754 3.1798517704 1.56448817253 1.34410998683
1610230754 3.18034505844 1.56663429737 1.34570376764
1610230754 3.18059873581 1.56774461269 1.3465516221
1610230754 3.18084025383 1.56880581379 1.34742488885
1610230754 3.18107533455 1.56984257698 1.348151469
1610230754 3.18179726601 1.57305276394 1.34926603474
1610230754 3.18201780319 1.57404088974 1.35165168262
1610230754 3.182254076 1.57510328293 1.35241063876
1610230754 3.18270206451 1.57712972164 1.35384834836
1610230754 3.18318009377 1.57930517197 1.35534451929
1610230755 3.18340158463 1.58031904697 1.35608689007
1610230755 3.18362760544 1.58135771751 1.35685160304
1610230755 3.18384218216 1.58234715462 1.35768436393
1610230755 3.18429064751 1.58442544937 1.35898569312
1610230755 3.18472528458 1.58645486832 1.36058351241
1610230755 3.18514657021 1.58843541145 1.36204958065
1610230755 3.18537688255 1.58952498436 1.36290100797
1610230755 3.18558549881 1.59051573277 1.36364899759
1610230755 3.18602108955 1.59259676933 1.36519694398
1610230755 3.18623781204 1.59363746643 1.36571394577
1610230755 3.18664884567 1.59562015533 1.36706887277
1610230755 3.1868584156 1.59663653374 1.36775705463
1610230755 3.18726563454 1.59862005711 1.36898957941
1610230755 3.18767023087 1.60060405731 1.37036513608
1610230755 3.18786644936 1.6015714407 1.37116943373
1610230755 3.18807196617 1.60258865356 1.37193007425
1610230755 3.18845534325 1.60449945927 1.37334370984
1610230755 3.1888563633 1.60651004314 1.37473689773
1610230755 3.18904352188 1.60745346546 1.37535139471
1610230755 3.189234972 1.60842180252 1.37579139735
1610230755 3.18942594528 1.60939025879 1.37632691792
1610230756 3.18961644173 1.61035883427 1.37669855399
1610230756 3.19002008438 1.61242055893 1.37811253099
1610230756 3.19040179253 1.61438333988 1.37945323755
1610230756 3.19060826302 1.61545193195 1.38023076877
1610230756 3.19079017639 1.61639642715 1.38079961773
1610230756 3.19134616852 1.61930501461 1.38265554374
1610230756 3.19152116776 1.62022507191 1.38312027967
1610230756 3.19169092178 1.62112033367 1.38358848013
1610230756 3.19186973572 1.62206542492 1.38403804382
1610230756 3.19220209122 1.62383151054 1.38541748858
1610230756 3.19260644913 1.62599599361 1.38654551606
1610230756 3.19296216965 1.62791216373 1.38784913036
1610230756 3.19315052032 1.62893259525 1.38855169492
1610230756 3.19332003593 1.62985360622 1.3890042789
1610230756 3.19363427162 1.63157141209 1.3906686378
1610230756 3.19379734993 1.63246786594 1.39113253188
1610230756 3.19413113594 1.63431096077 1.39220965552
1610230756 3.19430613518 1.63528239727 1.39297843251
1610230756 3.19463634491 1.63712596893 1.394100569
1610230757 3.19497346878 1.63901984692 1.39513735484
1610230757 3.19513678551 1.63994193077 1.39569998874
1610230757 3.19530415535 1.64088904858 1.39628477041
1610230757 3.19561958313 1.64268398285 1.3974271361
1610230757 3.19576787949 1.64353168011 1.39789536885
1610230757 3.19606733322 1.64525222778 1.39916718683
1610230757 3.19621825218 1.6461250782 1.39976931183
1610230757 3.19652295113 1.64789605141 1.40098020393
1610230757 3.19668102264 1.64881908894 1.40156764837
1610230757 3.19683432579 1.64971733093 1.40204248004
1610230757 3.19713950157 1.65151393414 1.40313279838
1610230757 3.19743442535 1.65326106548 1.40403536362
1610230757 3.19772362709 1.65498328209 1.4048023907
1610230757 3.1978905201 1.65598189831 1.4053895684
1610230757 3.19803619385 1.6568557024 1.40577256393
1610230757 3.19830989838 1.65850365162 1.40677694752
1610230757 3.19845843315 1.65940260887 1.40746861099
1610230757 3.19875359535 1.66120100021 1.40874305032
1610230757 3.19889235497 1.6620503664 1.40917410341
1610230757 3.19917678833 1.66379916668 1.41000879705
1610230758 3.19947600365 1.66564810276 1.41077309743
1610230758 3.1996049881 1.66644775867 1.41109587201
1610230758 3.19974565506 1.66732239723 1.41141028103
1610230758 3.1998860836 1.66819703579 1.41178489245
1610230758 3.20002222061 1.66904675961 1.41222299008
1610230758 3.200289011 1.67072141171 1.41317933884
1610230758 3.20056223869 1.67244637012 1.4142536091
1610230758 3.20068836212 1.67324650288 1.4148182395
1610230758 3.20081782341 1.67407166958 1.41533864905
1610230758 3.2012155056 1.67662250996 1.41684822118
1610230758 3.20134353638 1.67744791508 1.41708367764
1610230758 3.20146751404 1.67824828625 1.41742032475
1610230758 3.20159506798 1.67907381058 1.41774335652
1610230758 3.20171451569 1.67984926701 1.41806419018
1610230758 3.20209813118 1.68235111237 1.41923165884
1610230758 3.20224308968 1.68330192566 1.41972729428
1610230758 3.20236468315 1.68410265446 1.42027651212
1610230758 3.20248603821 1.68490350246 1.42067651711
1610230758 3.2028400898 1.687256217 1.42206626904
1610230758 3.20295238495 1.68800723553 1.42258965392
1610230758 3.20307183266 1.68880832195 1.42321015691
1610230759 3.20331311226 1.69043576717 1.42388531672
1610230759 3.20354986191 1.69203829765 1.42434671584
1610230759 3.20366430283 1.69281458855 1.42465031547
1610230759 3.20390701294 1.69446742535 1.42528014362
1610230759 3.20402431488 1.6952688694 1.42555397875
1610230759 3.20413422585 1.69602024555 1.42582392212
1610230759 3.2042620182 1.69689679146 1.42618810064
1610230759 3.2044839859 1.69842469692 1.42687637548
1610230759 3.20470476151 1.6999527216 1.42770094904
1610230759 3.20481276512 1.70070433617 1.42824577809
1610230759 3.20492053032 1.70145595074 1.42866493833
1610230759 3.2050280571 1.70220768452 1.42892386711
1610230759 3.20525670052 1.70381140709 1.42928005786
1610230759 3.20547413826 1.7053399086 1.42981707969
1610230759 3.20557713509 1.70606660843 1.43008715506
1610230759 3.20580029488 1.70764541626 1.43054499204
1610230759 3.20601916313 1.70919930935 1.43121642746
1610230759 3.2061316967 1.71000134945 1.43155197112
1610230759 3.20623707771 1.71075332165 1.43170643728
1610230760 3.2064435482 1.7122323513 1.43236424633
1610230760 3.2066526413 1.71373653412 1.43307442553
1610230760 3.20674300194 1.71438837051 1.4333223287
1610230760 3.2068400383 1.71509039402 1.43366190876
1610230760 3.20694708824 1.71586763859 1.43396683635
1610230760 3.20704698563 1.71659481525 1.43437028146
1610230760 3.20724272728 1.71802413464 1.43506588074
1610230760 3.20747494698 1.71972942352 1.43579956332
1610230760 3.20757365227 1.7204567194 1.43615373248
1610230760 3.20768213272 1.72125935555 1.43656618204
1610230760 3.20797944069 1.72346675396 1.43741050424
1610230760 3.20807361603 1.72416913509 1.43763446436
1610230760 3.20816421509 1.72484648228 1.43796638423
1610230760 3.20826125145 1.72557401657 1.43824533911
1610230760 3.20843482018 1.72687864304 1.43861949194
1610230760 3.20861124992 1.72820842266 1.43918734888
1610230760 3.20869421959 1.72883570194 1.43959376523
1610230760 3.20879340172 1.72958850861 1.44012730673
1610230760 3.20898413658 1.73104405403 1.44089288309
1610230760 3.20916056633 1.73239934444 1.44178421694
1610230761 3.20925474167 1.73312723637 1.44220529131
1610230761 3.20934224129 1.73380494118 1.44255321487
1610230761 3.20952963829 1.73526096344 1.44324431886
1610230761 3.2097029686 1.73661661148 1.44381082129
1610230761 3.20978617668 1.73726940155 1.44409259232
1610230761 3.20995521545 1.73860013485 1.44451321919
1610230761 3.21004128456 1.73927807808 1.44480528545
1610230761 3.21012067795 1.7399058342 1.44510064856
1610230761 3.21019673347 1.74050855637 1.44550166255
1610230761 3.21043872833 1.74244248867 1.44724232388
1610230761 3.21051979065 1.74309551716 1.4476593542
1610230761 3.21060037613 1.74374866486 1.44813811986
1610230761 3.21067452431 1.74435162544 1.44868030356
1610230761 3.21083450317 1.74565804005 1.44937220156
1610230761 3.21098732948 1.74691426754 1.44987805221
1610230761 3.21114253998 1.7481957674 1.45059433275
1610230761 3.21121525764 1.7487988472 1.45092763921
1610230761 3.21129083633 1.74942708015 1.45120123993
1610230761 3.21144771576 1.75073385239 1.45159187598
1610230761 3.21152591705 1.7513872385 1.45190947138
1610230762 3.2116754055 1.75264394283 1.45262182093
1610230762 3.21182107925 1.753875494 1.4533833031
1610230762 3.21189212799 1.75447881222 1.45392902918
1610230762 3.21196269989 1.75508213043 1.45443311679
1610230762 3.21203303337 1.75568544865 1.4549254633
1610230762 3.21216702461 1.75684201717 1.45583304711
1610230762 3.21230578423 1.75804901123 1.45690423562
1610230762 3.21244049072 1.75923097134 1.45754683235
1610230762 3.2125120163 1.75985968113 1.4577401757
1610230762 3.21258044243 1.76046323776 1.45815597825
1610230762 3.21271657944 1.76167058945 1.45871581338
1610230762 3.21278738976 1.76229941845 1.45892367022
1610230762 3.21285223961 1.76287794113 1.45919450973
1610230762 3.2129843235 1.76406013966 1.45990814959
1610230762 3.21305418015 1.76468908787 1.46030577735
1610230762 3.21318769455 1.76589667797 1.46109309346
1610230762 3.21331739426 1.76707911491 1.46200026856
1610230762 3.21337771416 1.76763272285 1.4623817512
1610230762 3.21344327927 1.76823663712 1.46283709715
1610230762 3.21350860596 1.76884055138 1.46334064565
1610230763 3.21368932724 1.77052664757 1.46459089879
1610230763 3.21374821663 1.77108037472 1.46502055692
1610230763 3.2138068676 1.77163410187 1.46545468084
1610230763 3.21392083168 1.77271640301 1.4663051983
1610230763 3.21404719353 1.77392470837 1.46679485261
1610230763 3.21410489082 1.77447855473 1.46716674757
1610230763 3.21416497231 1.77505755424 1.46746858929
1610230763 3.21423006058 1.77568697929 1.46778241086
1610230763 3.21428728104 1.77624082565 1.46802228945
1610230763 3.21440887451 1.77742421627 1.46874799506
1610230763 3.21451926231 1.77850699425 1.4694747023
1610230763 3.2145755291 1.77906095982 1.46990498153
1610230763 3.21468710899 1.78016901016 1.47082747738
1610230763 3.21479773521 1.78127717972 1.47154199383
1610230763 3.2148578167 1.78188169003 1.47198330593
1610230763 3.21491265297 1.7824357748 1.47226510602
1610230763 3.21501660347 1.78349375725 1.4730071103
1610230763 3.21511745453 1.78452658653 1.4737628586
1610230763 3.21516633034 1.7850304842 1.47412430991
1610230763 3.21521258354 1.7855091095 1.47445875358
1610230764 3.21531677246 1.78659236431 1.4751390277
1610230764 3.21542048454 1.78767585754 1.47579085077
1610230764 3.21547079086 1.78820502758 1.47612461277
1610230764 3.21552324295 1.78875935078 1.47644604179
1610230764 3.21557331085 1.78928852081 1.47688519603
1610230764 3.2156727314 1.79034698009 1.47723084213
1610230764 3.21577644348 1.79145586491 1.47774348167
1610230764 3.21582341194 1.79195988178 1.47816068044
1610230764 3.21587252617 1.79248917103 1.47848167668
1610230764 3.21602082253 1.79410219193 1.47954067623
1610230764 3.2160692215 1.79463148117 1.47984343779
1610230764 3.216121912 1.79521119595 1.4802336136
1610230764 3.21616530418 1.79569017887 1.48050919934
1610230764 3.21625638008 1.79669845104 1.48085009126
1610230764 3.21634459496 1.79768157005 1.48136792079
1610230764 3.2163875103 1.79816055298 1.4816599537
1610230764 3.21643257141 1.79866480827 1.48184001835
1610230764 3.21647524834 1.7991437912 1.48228105154
1610230764 3.21665287018 1.80116081238 1.48345791867
1610230764 3.21669912338 1.80169034004 1.48408860932
1610230765 3.21674513817 1.80221986771 1.48448954917
1610230765 3.21678876877 1.80272424221 1.48465930294
1610230765 3.21687531471 1.80373299122 1.48542177048
1610230765 3.21695923805 1.80471658707 1.486049481
1610230765 3.21702122688 1.80544793606 1.48644576368
1610230765 3.21706390381 1.80595231056 1.48672139321
1610230765 3.21710419655 1.80643153191 1.48696555583
1610230765 3.2171485424 1.80696117878 1.48717630389
1610230765 3.21722245216 1.80784392357 1.48773751502
1610230765 3.21730422974 1.80882763863 1.48782052849
1610230765 3.21734619141 1.80933213234 1.48782711173
1610230765 3.21742558479 1.81029069424 1.48826589768
1610230765 3.21750664711 1.81127440929 1.48883569938
1610230765 3.21754384041 1.81172847748 1.48909318288
1610230765 3.2176220417 1.81268703938 1.48984991962
1610230765 3.21769952774 1.81364572048 1.49051798279
1610230765 3.21769952774 1.81364572048 1.49051798279
1610230765 3.21773791313 1.81412506104 1.49097597871
1610230765 3.21781229973 1.81505858898 1.4914926029
1610230765 3.21788406372 1.81596696377 1.49211922674
1610230766 3.21792173386 1.81644642353 1.49251242237
1610230766 3.21795725822 1.81690061092 1.49274120143
1610230766 3.21802997589 1.81783425808 1.49334562348
1610230766 3.21810030937 1.81874275208 1.49376959909
1610230766 3.21813726425 1.81922221184 1.49398597341
1610230766 3.21817231178 1.81967651844 1.49406366394
1610230766 3.2182071209 1.82013082504 1.49430880327
1610230766 3.21831130981 1.82149362564 1.49474078413
1610230766 3.21834588051 1.82194793224 1.49506942924
1610230766 3.21841835976 1.82290709019 1.49554189313
1610230766 3.21848845482 1.82384097576 1.49618095074
1610230766 3.21855807304 1.82477486134 1.49650056063
1610230766 3.21859192848 1.82522916794 1.4967807793
1610230766 3.21862363815 1.82565832138 1.49702531312
1610230766 3.21865725517 1.82611262798 1.49721417633
1610230766 3.21872210503 1.82699608803 1.49750273749
1610230766 3.21878671646 1.82787966728 1.49815147288
1610230766 3.21881604195 1.82828354836 1.4985393078
1610230766 3.21884346008 1.82866227627 1.49879640225
1610230766 3.2188744545 1.82909142971 1.49904050568
1610230767 3.21893954277 1.83000028133 1.49963532426
1610230767 3.218998909 1.83083343506 1.5000065368
1610230767 3.2190310955 1.83128786087 1.5003283998
1610230767 3.21905970573 1.83169186115 1.5004240483
1610230767 3.21914482117 1.83290374279 1.50082528044
1610230767 3.21917319298 1.83330774307 1.50100982628
1610230767 3.21920490265 1.83376228809 1.50121200523
1610230767 3.21924185753 1.83429253101 1.50153504177
1610230767 3.21927165985 1.83472180367 1.50177044752
1610230767 3.21936202049 1.83603489399 1.50248964408
1610230767 3.21939134598 1.83646416664 1.50251216327
1610230767 3.21945357323 1.83737325668 1.502804326
1610230767 3.21951341629 1.83825707436 1.50322139597
1610230767 3.21954417229 1.83871161938 1.50331602773
1610230767 3.21957135201 1.83911561966 1.50353084897
1610230767 3.21960020065 1.83954489231 1.50386728336
1610230767 3.2196290493 1.83997416496 1.50403343511
1610230767 3.21971964836 1.84133803844 1.50489556178
1610230767 3.21974301338 1.8416916132 1.50522701165
1610230767 3.21976947784 1.84209573269 1.5056699595
1610230768 3.21981883049 1.84285342693 1.50608144677
1610230768 3.21986961365 1.84363639355 1.50610716744
1610230768 3.21989417076 1.84401524067 1.50618492736
1610230768 3.2199203968 1.84441936016 1.50618442186
1610230768 3.2199742794 1.84525287151 1.50634162669
1610230768 3.22000026703 1.845656991 1.50653492851
1610230768 3.22005057335 1.84643995762 1.50681619264
1610230768 3.22010231018 1.8472481966 1.50722471761
1610230768 3.22012639046 1.84762704372 1.50725921115
1610230768 3.22015047073 1.84800589085 1.50733191062
1610230768 3.22017765045 1.84843528271 1.50761401191
1610230768 3.22022867203 1.84924352169 1.50759824354
1610230768 3.22025418282 1.84964764118 1.50777011878
1610230768 3.22027802467 1.85002660751 1.50800929604
1610230768 3.22031283379 1.85058236122 1.50849708681
1610230768 3.22033810616 1.85098659992 1.50865066081
1610230768 3.22038054466 1.85166871548 1.50898065971
1610230768 3.22045373917 1.85285615921 1.50966629141
1610230768 3.22047543526 1.85320985317 1.50989710932
1610230768 3.22052168846 1.85396778584 1.51019202234
1610230769 3.22054171562 1.85429620743 1.51030814618
1610230769 3.22058606148 1.85502886772 1.51073916934
1610230769 3.22062563896 1.85568571091 1.51101291134
1610230769 3.22064685822 1.85603940487 1.51116546405
1610230769 3.22066950798 1.8564183712 1.51121311154
1610230769 3.22071003914 1.85710048676 1.51135478765
1610230769 3.22075486183 1.85785841942 1.51150405186
1610230769 3.22078037262 1.85828793049 1.51152412494
1610230769 3.22080278397 1.85866689682 1.51167288361
1610230769 3.22084617615 1.85939955711 1.5119491483
1610230769 3.22088909149 1.86013221741 1.51228748086
1610230769 3.2209084034 1.860460639 1.51251061886
1610230769 3.22092890739 1.86081433296 1.51279337387
1610230769 3.2209713459 1.86154711246 1.51321071749
1610230769 3.22099018097 1.86187565327 1.51336056907
1610230769 3.22103071213 1.86258327961 1.51337945759
1610230769 3.22105097771 1.86293709278 1.51355207845
1610230769 3.22109293938 1.86366999149 1.51381341232
1610230769 3.22111320496 1.86402380466 1.51381046084
1610230769 3.22113347054 1.86437761784 1.51393265129
1610230770 3.22117233276 1.86505997181 1.51401529282
1610230770 3.22121095657 1.86574232578 1.51397793465
1610230770 3.22122955322 1.86607086658 1.5141970185
1610230770 3.22126817703 1.86675322056 1.51433025416
1610230770 3.22128677368 1.86708176136 1.51447900796
1610230770 3.22132825851 1.86781466007 1.5145339065
1610230770 3.22134685516 1.86814320087 1.51461300435
1610230770 3.22136545181 1.86847174168 1.51458492431
1610230770 3.22138524055 1.86882555485 1.51468552515
1610230770 3.22140216827 1.86912882328 1.51490005418
1610230770 3.22143888474 1.86978590488 1.51527108898
1610230770 3.22147369385 1.87041771412 1.51581726772
1610230770 3.22150564194 1.87099897861 1.51607311279
1610230770 3.22152638435 1.87137806416 1.51623333078
1610230770 3.22154164314 1.87165606022 1.51632962734
1610230770 3.22157883644 1.87233841419 1.51661430851
1610230770 3.22161316872 1.87297022343 1.516734472
1610230770 3.22163105011 1.87329876423 1.51669247718
1610230770 3.22164750099 1.87360203266 1.51685252664
1610230770 3.22168302536 1.87425911427 1.51688085721
1610230771 3.22171974182 1.87494146824 1.51726326969
1610230771 3.22173595428 1.87524473667 1.51742491788
1610230771 3.22175359726 1.87557327747 1.51754946306
1610230771 3.22177243233 1.87592709064 1.51766212031
1610230771 3.22180604935 1.87655889988 1.5177558025
1610230771 3.22185707092 1.87751924992 1.51784383676
1610230771 3.22187304497 1.87782251835 1.51784172792
1610230771 3.22189044952 1.87815105915 1.51783641705
1610230771 3.22190642357 1.87845432758 1.51779307403
1610230771 3.22193717957 1.87903559208 1.51784021117
1610230771 3.22196912766 1.87964212894 1.51789746446
1610230771 3.22198390961 1.87992012501 1.5179094389
1610230771 3.22199869156 1.88019812107 1.51785699089
1610230771 3.22201347351 1.88047611713 1.51792748482
1610230771 3.22204422951 1.88105738163 1.51802622732
1610230771 3.22207641602 1.8816639185 1.51805388382
1610230771 3.22209239006 1.88196718693 1.51822337526
1610230771 3.22212028503 1.88249790668 1.51843966234
1610230771 3.22215056419 1.88307917118 1.51872484011
1610230771 3.22217822075 1.88360989094 1.5189127101
1610230772 3.22219252586 1.883887887 1.51924165
1610230772 3.22220683098 1.88416588306 1.51934224633
1610230772 3.2222366333 1.88474726677 1.51984446305
1610230772 3.2222661972 1.88532876968 1.52010046315
1610230772 3.2222802639 1.88560688496 1.52022399279
1610230772 3.22229552269 1.8859102726 1.52027787122
1610230772 3.22231078148 1.88621366024 1.52046481208
1610230772 3.22234249115 1.88684558868 1.52071895403
1610230772 3.22235631943 1.88712370396 1.52066701162
1610230772 3.22237038612 1.88740181923 1.52059542439
1610230772 3.22240328789 1.88805913925 1.52100311201
1610230772 3.22243094444 1.8886153698 1.52090707039
1610230772 3.22244477272 1.88889348507 1.52087915894
1610230772 3.22245740891 1.88914632797 1.52093970083
1610230772 3.22250008583 1.89000594616 1.52092831841
1610230772 3.22251272202 1.89025878906 1.52101188004
1610230772 3.2225253582 1.89051163197 1.52110353555
1610230772 3.22255301476 1.89106786251 1.52107368804
1610230772 3.22256565094 1.89132070541 1.52109131045
1610230772 3.2225921154 1.89185166359 1.52116998036
1610230773 3.22260713577 1.89215505123 1.52107554192
1610230773 3.22262096405 1.8924331665 1.52110420969
1610230773 3.22263479233 1.89271128178 1.52099543737
1610230773 3.22267627716 1.89354550838 1.52147825148
1610230773 3.22268867493 1.89379835129 1.52140894156
1610230773 3.22271752357 1.8943798542 1.52149309097
1610230773 3.22272992134 1.89463269711 1.52159579183
1610230773 3.22274231911 1.89488554001 1.52169596465
1610230773 3.22276830673 1.89541649818 1.52179942186
1610230773 3.22279310226 1.89592218399 1.52192219099
1610230773 3.22280669212 1.89620029926 1.52210271907
1610230773 3.22281908989 1.89645314217 1.52212919586
1610230773 3.22283005714 1.8966807127 1.5221702573
1610230773 3.22286701202 1.89743924141 1.52238046438
1610230773 3.22288775444 1.89786911011 1.5224407514
1610230773 3.22289872169 1.89809668064 1.52267346851
1610230773 3.22290968895 1.89832425117 1.52271857895
1610230773 3.22292304039 1.89860236645 1.52282010002
1610230773 3.22293281555 1.89880466461 1.52309505837
1610230773 3.22295689583 1.89931035042 1.52336436865
1610230774 3.2229783535 1.89976549149 1.52368772597
1610230774 3.22299146652 1.90004360676 1.52371588814
1610230774 3.22301292419 1.90049874783 1.52399716876
1610230774 3.22303438187 1.90095388889 1.52419413144
1610230774 3.22305893898 1.90148484707 1.52434573286
1610230774 3.2230682373 1.90168714523 1.52437583521
1610230774 3.22307872772 1.90191471577 1.52440467154
1610230774 3.22309041023 1.90216755867 1.52442153356
1610230774 3.22311258316 1.90264797211 1.52459901986
1610230774 3.22313475609 1.90312838554 1.52474202171
1610230774 3.22314524651 1.90335595608 1.52471917058
1610230774 3.22315573692 1.90358352661 1.52472389366
1610230774 3.22316503525 1.90378582478 1.52475247524
1610230774 3.22317433357 1.90398812294 1.52473384156
1610230774 3.22320818901 1.90472137928 1.52492271031
1610230774 3.22323036194 1.90520179272 1.52483114117
1610230774 3.22323966026 1.90540409088 1.52497852512
1610230774 3.22325015068 1.90563166142 1.52497667115
1610230774 3.22327423096 1.90616261959 1.52514235169
1610230774 3.22329521179 1.90661776066 1.52511056393
1610230775 3.22330665588 1.90687060356 1.52518687026
1610230775 3.2233171463 1.9070981741 1.5251049158
1610230775 3.22332763672 1.90732574463 1.52512852343
1610230775 3.22334742546 1.90775561333 1.52510676978
1610230775 3.2233672142 1.90818548203 1.52522118617
1610230775 3.22337770462 1.90841305256 1.52527936445
1610230775 3.22339606285 1.90881764889 1.52555355852
1610230775 3.22341775894 1.90929806232 1.52554074153
1610230775 3.22342681885 1.90950036049 1.52548872084
1610230775 3.22343587875 1.90970265865 1.52572159867
1610230775 3.22345519066 1.91013252735 1.52593963699
1610230775 3.22347426414 1.91056239605 1.5262402178
1610230775 3.22348451614 1.91078996658 1.52629224227
1610230775 3.22349238396 1.91096699238 1.52638633576
1610230775 3.22351145744 1.91139686108 1.52656617786
1610230775 3.22352814674 1.91177618504 1.52703370138
1610230775 3.22354030609 1.91205430031 1.5270680173
1610230775 3.22355031967 1.91228187084 1.52705562356
1610230775 3.22355914116 1.91248416901 1.52718242995
1610230775 3.22358560562 1.9130910635 1.52764640662
1610230776 3.22359538078 1.91331863403 1.52784909607
1610230776 3.22360301018 1.91349565983 1.52789631138
1610230776 3.22361159325 1.91369795799 1.52795162064
1610230776 3.22362232208 1.9139508009 1.5279854309
1610230776 3.22363972664 1.91435539722 1.52804318592
1610230776 3.22364616394 1.91450715065 1.52801316981
